1 1 0 0 0 0 0 0 0 0 0 0 0 0 0 0 0 0 0 0 0 0 0 0 0 0 0 0 0 0 0 0 0 0 0 0 0 0 0 0 0 0 0 0 0 0 0 1 0 0 0 0 0 0 0 0 0 0 0 0 0 0 0 0 0 0 0 0 0 0 0 0 0 0 0 0 0 0 0 0 0 0 0 0 0 0 0 0 0 0 0 0 0 0 0 0 0 0 0 0 0   0
2 2 0 0 0 0 0 0 0 0 0 0 0 0 0 0 0 0 0 0 0 0 0 0 0 0 0 0 0 0 0 0 0 0 0 0 0 0 0 0 0 0 0 0 0 0 0 1 0 0 0 0 0 0 0 0 0 0 0 0 0 0 0 0 0 0 0 0 0 0 0 0 0 0 0 0 0 0 0 0 0 0 0 0 0 0 0 0 0 0 0 0 0 0 0 0 0 0 0 0 0   0
3 3 0 0 0 0 0 0 0 0 0 0 0 0 0 0 0 0 0 0 0 0 0 0 0 0 0 0 0 0 0 0 0 0 0 0 0 0 0 0 0 0 0 0 0 0 0 1 0 0 0 0 0 0 0 0 0 0 0 0 0 0 0 0 0 0 0 0 0 0 0 0 0 0 0 0 0 0 0 0 0 0 0 0 0 0 0 0 0 0 0 0 0 0 0 0 0 0 0 0 0   0
4 4 0 0 0 0 0 0 0 0 0 0 0 0 0 0 0 0 0 0 0 0 0 0 0 0 0 0 0 0 0 0 0 0 0 0 0 0 0 0 0 0 0 0 0 0 0 1 0 0 0 0 0 0 0 0 0 0 0 0 0 0 0 0 0 0 0 0 0 0 0 0 0 0 0 0 0 0 0 0 0 0 0 0 0 0 0 0 0 0 0 0 0 0 0 0 0 0 0 0 0   0
6 5 0 0 0 0 0 0 0 0 0 0 0 0 0 0 0 0 0 0 0 0 0 0 0 0 0 0 0 0 0 0 0 0 0 0 0 0 0 0 0 0 0 0 0 0 0 1 0 0 0 0 0 0 0 0 0 0 0 0 0 0 0 0 0 0 0 0 0 0 0 0 0 0 0 0 0 0 0 0 0 0 0 0 0 0 0 0 0 0 0 0 0 0 0 0 0 0 0 0 0   0
7 7 0 0 0 0 0 0 0 0 0 0 0 0 0 0 0 0 0 0 0 0 0 0 0 0 0 0 0 0 0 0 0 0 0 0 0 0 0 0 0 0 0 0 0 0 0 1 0 0 0 0 0 0 0 0 0 0 0 0 0 0 0 0 0 0 0 0 0 0 0 0 0 0 0 0 0 0 0 0 0 0 0 0 0 0 0 0 0 0 0 0 0 0 0 0 0 0 0 0 0   0
8 8 0 0 0 0 0 0 0 0 0 0 0 0 0 0 0 0 0 0 0 0 0 0 0 0 0 0 0 0 0 0 0 0 0 0 0 0 0 0 0 0 0 0 0 0 0 1 0 0 0 0 0 0 0 0 0 0 0 0 0 0 0 0 0 0 0 0 0 0 0 0 0 0 0 0 0 0 0 0 0 0 0 0 0 0 0 0 0 0 0 0 0 0 0 0 0 0 0 0 0   0
9 9 0 0 0 0 0 0 0 0 0 0 0 0 0 0 0 0 0 0 0 0 0 0 0 0 0 0 0 0 0 0 0 0 0 0 0 0 0 0 0 0 0 0 0 0 0 1 0 0 0 0 0 0 0 0 0 0 0 0 0 0 0 0 0 0 0 0 0 0 0 0 0 0 0 0 0 0 0 0 0 0 0 0 0 0 0 0 0 0 0 0 0 0 0 0 0 0 0 0 0   0
10 10 0 0 0 0 0 0 0 0 0 0 0 0 0 0 0 0 0 0 0 0 0 0 0 0 0 0 0 0 0 0 0 0 0 0 0 0 0 0 0 0 0 0 0 0 0 1 0 0 0 0 0 0 0 0 0 0 0 0 0 0 0 0 0 0 0 0 0 0 0 0 0 0 0 0 0 0 0 0 0 0 0 0 0 0 0 0 0 0 0 0 0 0 0 0 0 0 0 0 0   0
31 10 0 0 0 0 0 0 0 0 0 0 1 0 0 0 0 0 0 0 0 0 0 0 0 0 0 0 0 0 0 0 0 0 0 0 0 0 0 0 0 0 0 0 0 0 0 1 0 0 0 0 0 0 0 0 0 0 0 0 0 0 0 0 0 0 0 0 0 0 0 0 0 0 0 0 0 0 0 0 0 0 0 0 0 0 0 0 0 0 0 0 0 0 0 0 0 0 0 0 0   0
43 10 0 0 0 0 0 0 0 0 0 0 2 0 0 0 0 0 0 0 0 0 0 0 0 0 0 0 0 0 0 0 0 0 0 0 0 0 0 0 0 0 0 0 0 0 0 1 0 0 0 0 0 0 0 0 0 0 0 0 0 0 0 0 0 0 0 0 0 0 0 0 0 0 0 0 0 0 0 0 0 0 0 0 0 0 0 0 0 0 0 0 0 0 0 0 0 0 0 0 0   20
51 10 0 0 0 0 0 0 0 0 0 0 2 0 0 0 0 0 0 0 0 0 0 0 0 0 0 0 0 0 0 0 0 0 0 0 0 0 0 0 0 0 0 0 0 0 0 1 0 1 0 0 0 0 0 0 0 0 0 0 0 0 0 0 0 0 0 0 0 0 0 0 0 0 0 0 0 0 0 0 0 0 0 0 0 0 0 0 0 0 0 0 0 0 0 0 0 0 0 0 0   20
54 10 0 0 0 0 0 0 0 0 0 0 3 0 0 0 0 0 0 0 0 0 0 0 0 0 0 0 0 0 0 0 0 0 0 0 0 0 0 0 0 0 0 0 0 0 0 1 0 1 0 0 0 0 0 0 0 0 0 0 0 0 0 0 0 0 0 0 0 0 0 0 0 0 0 0 0 0 0 0 0 0 0 0 0 0 0 0 0 0 0 0 0 0 0 0 0 0 0 0 0   20
62 10 0 0 0 0 0 0 0 0 0 0 3 0 0 0 0 0 0 0 0 0 0 0 0 0 0 0 0 0 0 0 0 0 0 0 0 0 0 0 0 0 0 0 0 0 0 1 0 2 0 0 0 0 0 0 0 0 0 0 0 0 0 0 0 0 0 0 0 0 0 0 0 0 0 0 0 0 0 0 0 0 0 0 0 0 0 0 0 0 0 0 0 0 0 0 0 0 0 0 0   140
63 10 0 0 0 0 0 0 0 0 0 0 3 0 0 0 0 0 0 0 0 0 0 0 0 0 0 0 0 0 0 0 0 0 0 0 0 0 0 0 0 0 0 0 0 0 0 1 0 3 0 0 0 0 0 0 0 0 0 0 0 0 0 0 0 0 0 0 0 0 0 0 0 0 0 0 0 0 0 0 0 0 0 0 0 0 0 0 0 0 0 0 0 0 0 0 0 0 0 0 0   140
64 10 0 0 0 0 0 0 0 0 0 0 3 0 0 0 0 0 0 0 0 0 0 0 0 0 0 0 0 0 0 0 0 0 0 0 0 0 0 0 0 0 0 0 0 0 0 1 0 4 0 0 0 0 0 0 0 0 0 0 0 0 0 0 0 0 0 0 0 0 0 0 0 0 0 0 0 0 0 0 0 0 0 0 0 0 0 0 0 0 0 0 0 0 0 0 0 0 0 0 0   140
66 10 0 0 0 0 0 0 0 0 0 0 3 0 0 0 0 0 0 0 0 0 0 0 0 0 0 0 0 0 0 0 0 0 0 0 0 0 0 0 0 0 0 0 0 0 0 1 0 5 0 0 0 0 0 0 0 0 0 0 0 0 0 0 0 0 0 0 0 0 0 0 0 0 0 0 0 0 0 0 0 0 0 0 0 0 0 0 0 0 0 0 0 0 0 0 0 0 0 0 0   160
76 10 0 0 0 0 0 0 0 0 0 0 3 0 0 0 0 0 0 0 0 0 0 0 0 0 0 0 0 0 0 0 0 0 0 0 0 0 0 0 0 0 0 0 0 0 0 1 0 6 0 0 0 0 0 0 0 0 0 0 0 0 0 0 0 0 0 0 0 0 0 0 0 0 0 0 0 0 0 0 0 0 0 0 0 0 0 0 0 0 0 0 0 0 0 0 0 0 0 0 0   300
85 10 0 0 0 0 0 0 0 0 0 0 4 0 0 0 0 0 0 0 0 0 0 0 0 0 0 0 0 0 0 0 0 0 0 0 0 0 0 0 0 0 0 0 0 0 0 1 0 6 0 0 0 0 0 0 0 0 0 0 0 0 0 0 0 0 0 0 0 0 0 0 0 0 0 0 0 0 0 0 0 0 0 0 0 0 0 0 0 0 0 0 0 0 0 0 0 0 0 0 0   520
87 10 0 0 0 0 0 0 0 0 0 0 4 0 0 0 0 0 0 0 0 0 0 0 0 0 0 0 0 0 0 0 0 0 0 0 0 0 0 0 0 0 0 0 0 0 0 1 0 7 0 0 0 0 0 0 0 0 0 0 0 0 0 0 0 0 0 0 0 0 0 0 0 0 0 0 0 0 0 0 0 0 0 0 0 0 0 0 0 0 0 0 0 0 0 0 0 0 0 0 0   640
89 10 0 0 0 0 0 0 0 0 0 0 4 0 0 0 0 0 0 0 0 0 0 0 0 0 0 0 0 0 0 0 0 0 0 0 0 0 0 0 0 0 0 0 0 0 0 1 0 8 0 0 0 0 0 0 0 0 0 0 0 0 0 0 0 0 0 0 0 0 0 0 0 0 0 0 0 0 0 0 0 0 0 0 0 0 0 0 0 0 0 0 0 0 0 0 0 0 0 0 0   660
90 10 0 0 0 0 0 0 0 0 0 0 4 0 0 0 0 0 0 0 0 0 0 0 0 0 0 0 0 0 0 0 0 0 0 0 0 0 0 0 0 0 0 0 0 0 0 1 0 9 0 0 0 0 0 0 0 0 0 0 0 0 0 0 0 0 0 0 0 0 0 0 0 0 0 0 0 0 0 0 0 0 0 0 0 0 0 0 0 0 0 0 0 0 0 0 0 0 0 0 0   660
91 10 0 0 0 0 0 0 0 0 0 0 4 0 0 0 0 0 0 0 0 0 0 0 0 0 0 0 0 0 0 0 0 0 0 0 0 0 0 0 0 0 0 0 0 0 0 1 0 10 0 0 0 0 0 0 0 0 0 0 0 0 0 0 0 0 0 0 0 0 0 0 0 0 0 0 0 0 0 0 0 0 0 0 0 0 0 0 0 0 0 0 0 0 0 0 0 0 0 0 0   680
96 10 0 0 0 0 0 0 0 0 0 0 5 0 0 0 0 0 0 0 0 0 0 0 0 0 0 0 0 0 0 0 0 0 0 0 0 0 0 0 0 0 0 0 0 0 0 1 0 10 0 0 0 0 0 0 0 0 0 0 0 0 0 0 0 0 0 0 0 0 0 0 0 0 0 0 0 0 0 0 0 0 0 0 0 0 0 0 0 0 0 0 0 0 0 0 0 0 0 0 0   840
97 10 0 0 0 0 0 0 0 0 0 0 6 0 0 0 0 0 0 0 0 0 0 0 0 0 0 0 0 0 0 0 0 0 0 0 0 0 0 0 0 0 0 0 0 0 0 1 0 10 0 0 0 0 0 0 0 0 0 0 0 0 0 0 0 0 0 0 0 0 0 0 0 0 0 0 0 0 0 0 0 0 0 0 0 0 0 0 0 0 0 0 0 0 0 0 0 0 0 0 0   900
98 10 0 0 0 0 0 0 0 0 0 0 7 0 0 0 0 0 0 0 0 0 0 0 0 0 0 0 0 0 0 0 0 0 0 0 0 0 0 0 0 0 0 0 0 0 0 1 0 10 0 0 0 0 0 0 0 0 0 0 0 0 0 0 0 0 0 0 0 0 0 0 0 0 0 0 0 0 0 0 0 0 0 0 0 0 0 0 0 0 0 0 0 0 0 0 0 0 0 0 0   900
99 10 0 0 0 0 0 0 0 0 0 0 9 0 0 0 0 0 0 0 0 0 0 0 0 0 0 0 0 0 0 0 0 0 0 0 0 0 0 0 0 0 0 0 0 0 0 1 0 10 0 0 0 0 0 0 0 0 0 0 0 0 0 0 0 0 0 0 0 0 0 0 0 0 0 0 0 0 0 0 0 0 0 0 0 0 0 0 0 0 0 0 0 0 0 0 0 0 0 0 0   940
101 10 0 0 0 0 0 0 0 0 0 0 10 0 0 0 0 0 0 0 0 0 0 0 0 0 0 0 0 0 0 0 0 0 0 0 0 0 0 0 0 0 0 0 0 0 0 1 0 10 0 0 0 0 0 0 0 0 0 0 0 0 0 0 0 0 0 0 0 0 0 0 0 0 0 0 0 0 0 0 0 0 0 0 0 0 0 0 0 0 0 0 0 0 0 0 0 0 0 0 0   940
132 10 0 0 0 0 0 0 0 0 1 0 10 0 0 0 0 0 0 0 0 0 0 0 0 0 0 0 0 0 0 0 0 0 0 0 0 0 0 0 0 0 0 0 0 0 0 1 0 10 0 0 0 0 0 0 0 0 0 0 0 0 0 0 0 0 0 0 0 0 0 0 0 0 0 0 0 0 0 0 0 0 0 0 0 0 0 0 0 0 0 0 0 0 0 0 0 0 0 0 0   1600
133 10 0 0 0 0 0 0 0 0 2 0 10 0 0 0 0 0 0 0 0 0 0 0 0 0 0 0 0 0 0 0 0 0 0 0 0 0 0 0 0 0 0 0 0 0 0 1 0 10 0 0 0 0 0 0 0 0 0 0 0 0 0 0 0 0 0 0 0 0 0 0 0 0 0 0 0 0 0 0 0 0 0 0 0 0 0 0 0 0 0 0 0 0 0 0 0 0 0 0 0   1620
144 10 0 0 0 0 0 0 0 0 3 0 10 0 0 0 0 0 0 0 0 0 0 0 0 0 0 0 0 0 0 0 0 0 0 0 0 0 0 0 0 0 0 0 0 0 0 1 0 10 0 0 0 0 0 0 0 0 0 0 0 0 0 0 0 0 0 0 0 0 0 0 0 0 0 0 0 0 0 0 0 0 0 0 0 0 0 0 0 0 0 0 0 0 0 0 0 0 0 0 0   1640
155 10 0 0 0 0 0 0 0 0 4 0 10 0 0 0 0 0 0 0 0 0 0 0 0 0 0 0 0 0 0 0 0 0 0 0 0 0 0 0 0 0 0 0 0 0 0 1 0 10 0 0 0 0 0 0 0 0 0 0 0 0 0 0 0 0 0 0 0 0 0 0 0 0 0 0 0 0 0 0 0 0 0 0 0 0 0 0 0 0 0 0 0 0 0 0 0 0 0 0 0   1780
156 10 0 0 0 0 0 0 0 0 5 0 10 0 0 0 0 0 0 0 0 0 0 0 0 0 0 0 0 0 0 0 0 0 0 0 0 0 0 0 0 0 0 0 0 0 0 1 0 10 0 0 0 0 0 0 0 0 0 0 0 0 0 0 0 0 0 0 0 0 0 0 0 0 0 0 0 0 0 0 0 0 0 0 0 0 0 0 0 0 0 0 0 0 0 0 0 0 0 0 0   1780
157 10 0 0 0 0 0 0 0 0 6 0 10 0 0 0 0 0 0 0 0 0 0 0 0 0 0 0 0 0 0 0 0 0 0 0 0 0 0 0 0 0 0 0 0 0 0 1 0 10 0 0 0 0 0 0 0 0 0 0 0 0 0 0 0 0 0 0 0 0 0 0 0 0 0 0 0 0 0 0 0 0 0 0 0 0 0 0 0 0 0 0 0 0 0 0 0 0 0 0 0   1820
158 10 0 0 0 0 0 0 0 0 7 0 10 0 0 0 0 0 0 0 0 0 0 0 0 0 0 0 0 0 0 0 0 0 0 0 0 0 0 0 0 0 0 0 0 0 0 1 0 10 0 0 0 0 0 0 0 0 0 0 0 0 0 0 0 0 0 0 0 0 0 0 0 0 0 0 0 0 0 0 0 0 0 0 0 0 0 0 0 0 0 0 0 0 0 0 0 0 0 0 0   1840
159 10 0 0 0 0 0 0 0 0 8 0 10 0 0 0 0 0 0 0 0 0 0 0 0 0 0 0 0 0 0 0 0 0 0 0 0 0 0 0 0 0 0 0 0 0 0 1 0 10 0 0 0 0 0 0 0 0 0 0 0 0 0 0 0 0 0 0 0 0 0 0 0 0 0 0 0 0 0 0 0 0 0 0 0 0 0 0 0 0 0 0 0 0 0 0 0 0 0 0 0   1880
180 10 0 0 0 0 0 0 0 0 9 0 10 0 0 0 0 0 0 0 0 0 0 0 0 0 0 0 0 0 0 0 0 0 0 0 0 0 0 0 0 0 0 0 0 0 0 1 0 10 0 0 0 0 0 0 0 0 0 0 0 0 0 0 0 0 0 0 0 0 0 0 0 0 0 0 0 0 0 0 0 0 0 0 0 0 0 0 0 0 0 0 0 0 0 0 0 0 0 0 0   2220
181 10 0 0 0 0 0 0 0 0 10 0 10 0 0 0 0 0 0 0 0 0 0 0 0 0 0 0 0 0 0 0 0 0 0 0 0 0 0 0 0 0 0 0 0 0 0 1 0 10 0 0 0 0 0 0 0 0 0 0 0 0 0 0 0 0 0 0 0 0 0 0 0 0 0 0 0 0 0 0 0 0 0 0 0 0 0 0 0 0 0 0 0 0 0 0 0 0 0 0 0   2280
212 10 0 0 0 1 0 0 0 0 10 0 10 0 0 0 0 0 0 0 0 0 0 0 0 0 0 0 0 0 0 0 0 0 0 0 0 0 0 0 0 0 0 0 0 0 0 1 0 10 0 0 0 0 0 0 0 0 0 0 0 0 0 0 0 0 0 0 0 0 0 0 0 0 0 0 0 0 0 0 0 0 0 0 0 0 0 0 0 0 0 0 0 0 0 0 0 0 0 0 0   2880
274 10 1 0 1 1 0 0 0 1 10 0 10 0 0 0 0 0 0 0 0 0 0 0 0 0 0 0 0 0 0 0 0 0 0 0 0 0 0 0 0 0 0 0 0 0 0 1 0 10 0 0 0 0 0 0 0 0 0 0 0 0 0 0 0 0 0 0 0 0 0 0 0 0 0 0 0 0 0 0 0 0 0 0 0 0 0 0 0 0 0 0 0 0 0 0 0 0 0 0 0   3800
313 10 1 0 1 1 0 0 0 1 10 0 10 0 0 0 0 0 0 0 0 0 0 0 0 1 0 0 0 0 0 0 0 0 0 0 0 0 0 0 0 0 0 0 0 0 0 1 0 10 0 0 0 0 0 0 0 0 0 0 0 0 0 0 0 0 0 0 0 0 0 0 0 0 0 0 0 0 0 0 0 0 0 0 0 0 0 0 0 0 0 0 0 0 0 0 0 0 0 0 0   4440
315 10 1 0 1 1 0 0 0 1 10 0 10 0 0 0 0 0 0 0 0 0 0 0 0 2 0 0 0 0 0 0 0 0 0 0 0 0 0 0 0 0 0 0 0 0 0 1 0 10 0 0 0 0 0 0 0 0 0 0 0 0 0 0 0 0 0 0 0 0 0 0 0 0 0 0 0 0 0 0 0 0 0 0 0 0 0 0 0 0 0 0 0 0 0 0 0 0 0 0 0   4500
325 10 1 0 1 1 0 0 0 1 10 0 10 0 0 0 0 0 0 0 0 0 0 0 0 3 0 0 0 0 0 0 0 0 0 0 0 0 0 0 0 0 0 0 0 0 0 1 0 10 0 0 0 0 0 0 0 0 0 0 0 0 0 0 0 0 0 0 0 0 0 0 0 0 0 0 0 0 0 0 0 0 0 0 0 0 0 0 0 0 0 0 0 0 0 0 0 0 0 0 0   4700
347 10 1 0 1 1 0 0 0 1 10 0 10 0 0 0 0 0 0 0 0 0 0 0 0 5 0 0 0 0 0 0 0 0 0 0 0 0 0 0 0 0 0 0 0 0 0 1 0 10 0 0 0 0 0 0 0 0 0 0 0 0 0 0 0 0 0 0 0 0 0 0 0 0 0 0 0 0 0 0 0 0 0 0 0 0 0 0 0 0 0 0 0 0 0 0 0 0 0 0 0   4940
359 10 1 0 1 1 0 0 0 1 10 0 10 0 0 0 0 0 0 0 0 0 0 0 0 7 0 0 0 0 0 0 0 0 0 0 0 0 0 0 0 0 0 0 0 0 0 1 0 10 0 0 0 0 0 0 0 0 0 0 0 0 0 0 0 0 0 0 0 0 0 0 0 0 0 0 0 0 0 0 0 0 0 0 0 0 0 0 0 0 0 0 0 0 0 0 0 0 0 0 0   5080
360 10 1 0 1 1 0 0 0 1 10 0 10 0 0 0 0 0 0 0 0 0 0 0 0 8 0 0 0 0 0 0 0 0 0 0 0 0 0 0 0 0 0 0 0 0 0 1 0 10 0 0 0 0 0 0 0 0 0 0 0 0 0 0 0 0 0 0 0 0 0 0 0 0 0 0 0 0 0 0 0 0 0 0 0 0 0 0 0 0 0 0 0 0 0 0 0 0 0 0 0   5080
361 10 1 0 1 1 0 0 0 1 10 0 10 0 0 0 0 0 0 0 0 0 0 0 0 9 0 0 0 0 0 0 0 0 0 0 0 0 0 0 0 0 0 0 0 0 0 1 0 10 0 0 0 0 0 0 0 0 0 0 0 0 0 0 0 0 0 0 0 0 0 0 0 0 0 0 0 0 0 0 0 0 0 0 0 0 0 0 0 0 0 0 0 0 0 0 0 0 0 0 0   5120
363 10 1 0 1 1 0 0 0 1 10 0 10 0 0 0 0 0 0 0 0 0 0 0 0 10 0 0 0 0 0 0 0 0 0 0 0 0 0 0 0 0 0 0 0 0 0 1 0 10 0 0 0 0 0 0 0 0 0 0 0 0 0 0 0 0 0 0 0 0 0 0 0 0 0 0 0 0 0 0 0 0 0 0 0 0 0 0 0 0 0 0 0 0 0 0 0 0 0 0 0   5120
375 10 2 0 1 1 0 0 0 2 10 0 10 0 0 0 0 0 0 0 0 0 0 0 0 10 0 0 0 0 0 0 0 0 0 0 0 0 0 0 0 0 0 0 0 0 0 1 0 10 0 0 0 0 0 0 0 0 0 0 0 0 0 0 0 0 0 0 0 0 0 0 0 0 0 0 0 0 0 0 0 0 0 0 0 0 0 0 0 0 0 0 0 0 0 0 0 0 0 0 0   5220
389 10 2 0 1 1 0 0 0 3 10 0 10 0 0 0 0 0 0 0 0 0 0 0 0 10 0 0 0 0 0 0 0 0 0 0 0 0 0 0 0 0 0 0 0 0 0 1 0 10 0 0 0 0 0 0 0 0 0 0 0 0 0 0 0 0 0 0 0 0 0 0 0 0 0 0 0 0 0 0 0 0 0 0 0 0 0 0 0 0 0 0 0 0 0 0 0 0 0 0 0   5560
436 10 2 0 1 1 0 0 0 4 10 0 10 0 0 0 0 0 0 0 0 0 0 0 0 10 0 0 0 0 0 0 0 0 0 0 0 0 0 0 0 0 0 0 0 0 0 1 0 10 0 0 0 0 0 0 0 0 0 0 0 0 0 0 0 0 0 0 0 0 0 0 0 0 0 0 0 0 0 0 0 0 0 0 0 0 0 0 0 0 0 0 0 0 0 0 0 0 0 0 0   6320
437 10 2 0 1 1 0 0 0 4 10 0 10 0 0 0 0 0 0 0 0 0 0 0 0 10 0 0 1 0 0 0 0 0 0 0 0 0 0 0 0 0 0 0 0 0 0 1 0 10 0 0 0 0 0 0 0 0 0 0 0 0 0 0 0 0 0 0 0 0 0 0 0 0 0 0 0 0 0 0 0 0 0 0 0 0 0 0 0 0 0 0 0 0 0 0 0 0 0 0 0   6360
449 10 2 0 1 1 0 0 0 5 10 0 10 0 0 0 0 0 0 0 0 0 0 0 0 10 0 0 1 0 0 0 0 0 0 0 0 0 0 0 0 0 0 0 0 0 0 1 0 10 0 0 0 0 0 0 0 0 0 0 0 0 0 0 0 0 0 0 0 0 0 0 0 0 0 0 0 0 0 0 0 0 0 0 0 0 0 0 0 0 0 0 0 0 0 0 0 0 0 0 0   6540
450 10 2 0 1 1 0 0 0 5 10 0 10 0 0 0 0 0 0 0 0 0 0 0 0 10 0 0 2 0 0 0 0 0 0 0 0 0 0 0 0 0 0 0 0 0 0 1 0 10 0 0 0 0 0 0 0 0 0 0 0 0 0 0 0 0 0 0 0 0 0 0 0 0 0 0 0 0 0 0 0 0 0 0 0 0 0 0 0 0 0 0 0 0 0 0 0 0 0 0 0   6560
470 10 2 0 1 1 0 0 0 5 10 0 10 0 0 0 0 0 0 0 0 1 0 0 0 10 0 0 2 0 1 0 1 0 0 0 0 0 0 0 0 0 0 0 0 0 0 1 0 10 0 0 0 0 0 0 0 0 0 0 0 0 0 0 0 0 0 0 0 0 0 0 0 0 0 0 0 0 0 0 0 0 0 0 0 0 0 0 0 0 0 0 0 0 0 0 0 0 0 0 0   6800
477 10 2 0 1 1 0 0 0 5 10 0 10 0 0 0 0 0 0 0 0 1 0 0 0 10 0 0 3 0 1 0 1 0 0 0 0 0 0 0 0 0 0 0 0 0 0 1 0 10 0 0 0 0 0 0 0 0 0 0 0 0 0 0 0 0 0 0 0 0 0 0 0 0 0 0 0 0 0 0 0 0 0 0 0 0 0 0 0 0 0 0 0 0 0 0 0 0 0 0 0   6940
492 10 2 0 1 1 0 0 0 5 10 0 10 0 0 0 0 0 0 0 0 1 0 0 0 10 0 0 3 0 1 0 1 0 0 0 0 0 0 0 0 0 0 0 0 0 1 1 0 10 0 0 0 0 0 0 0 0 0 0 0 0 0 0 0 0 0 0 0 0 0 0 0 0 0 0 0 0 0 0 0 0 0 0 0 0 0 0 0 0 0 0 0 0 0 0 0 0 0 0 0   7180
494 10 2 0 1 1 0 0 0 5 10 0 10 0 0 0 0 0 0 0 0 1 0 0 0 10 0 0 3 0 1 0 1 1 0 0 0 0 0 0 0 0 0 0 0 0 1 1 0 10 0 0 0 0 0 0 0 0 0 0 0 0 0 0 0 0 0 0 0 0 0 0 0 0 0 0 0 0 0 0 0 0 0 0 0 0 0 0 0 0 0 0 0 0 0 0 0 0 0 0 0   7200
495 10 2 0 1 1 0 0 0 6 10 0 10 0 0 0 0 0 0 0 0 1 0 0 0 10 0 0 3 0 1 0 1 1 0 0 0 0 0 0 0 0 0 0 0 0 1 1 0 10 0 0 0 0 0 0 0 0 0 0 0 0 0 0 0 0 0 0 0 0 0 0 0 0 0 0 0 0 0 0 0 0 0 0 0 0 0 0 0 0 0 0 0 0 0 0 0 0 0 0 0   7240
513 10 2 0 1 1 0 0 0 6 10 0 10 0 0 0 0 0 0 0 0 1 1 0 0 10 0 0 3 0 1 0 1 1 0 0 0 0 0 0 0 0 0 0 0 0 1 1 0 10 1 0 0 0 0 0 0 0 0 0 0 0 0 0 0 0 0 0 0 0 0 0 0 0 0 0 0 0 0 0 0 0 0 0 0 0 0 0 0 0 1 0 0 0 0 0 0 0 0 0 0   7520
514 10 2 0 1 1 0 0 0 6 10 0 10 0 0 0 0 0 0 0 0 1 1 0 0 10 0 0 3 0 1 0 1 2 0 0 0 0 0 0 0 0 0 0 0 0 1 1 0 10 1 0 0 0 0 0 0 0 0 0 0 0 0 0 0 0 0 0 0 0 0 0 0 0 0 0 0 0 0 0 0 0 0 0 0 0 0 0 0 0 1 0 0 0 0 0 0 0 0 0 0   7540
515 10 2 0 1 1 0 0 0 6 10 0 10 0 0 1 0 0 0 0 0 1 1 0 0 10 0 0 3 0 1 0 1 2 0 0 0 0 0 0 0 0 0 0 0 0 1 1 0 10 1 0 0 0 0 0 0 0 0 0 0 0 0 0 0 0 0 0 0 0 0 0 0 0 0 0 0 0 0 0 0 0 0 0 0 0 0 0 0 0 1 0 0 0 0 0 0 0 0 0 0   7560
521 10 2 0 1 1 0 0 0 6 10 0 10 0 0 1 0 0 0 0 0 1 1 0 0 10 0 0 3 0 1 0 1 3 0 0 0 0 0 0 0 0 0 0 0 0 2 1 0 10 1 0 0 0 0 0 0 0 0 0 0 0 0 0 0 0 0 0 0 0 0 0 0 0 0 0 0 0 0 0 0 0 0 0 0 0 0 0 0 0 1 0 0 0 0 0 0 0 0 0 0   7620
527 10 2 0 1 1 0 0 0 6 10 0 10 0 0 1 0 0 0 0 0 1 1 0 0 10 0 0 4 0 1 0 1 3 0 0 0 0 0 0 0 0 0 0 0 0 2 1 0 10 1 0 0 0 0 0 0 0 0 0 0 0 0 0 0 0 0 0 0 0 0 0 0 0 0 0 0 0 0 0 0 0 0 0 0 0 0 0 0 0 1 0 0 0 0 0 0 0 0 0 0   7660
529 10 2 0 1 1 0 0 0 6 10 0 10 0 0 1 0 0 0 0 0 1 1 0 0 10 0 0 4 0 1 0 1 3 0 0 0 0 0 0 0 0 0 0 0 0 3 1 0 10 1 0 0 0 0 0 0 0 0 0 0 0 0 0 0 0 0 0 0 0 0 0 0 0 0 0 0 0 0 0 0 0 0 0 0 0 0 0 0 0 1 0 0 0 0 0 0 0 0 0 0   7720
535 10 2 0 1 1 0 0 0 6 10 0 10 0 0 2 0 0 0 0 0 1 1 0 0 10 0 0 4 0 1 0 1 4 0 0 0 0 0 0 0 0 0 0 0 0 3 1 0 10 1 0 0 0 0 0 0 0 0 0 0 0 0 0 0 0 0 0 0 0 0 0 0 0 0 0 0 0 0 0 0 0 0 0 0 0 0 0 0 0 1 0 0 0 0 0 0 0 0 0 0   7820
538 10 2 0 1 1 0 0 0 6 10 0 10 0 0 2 0 0 0 0 0 1 1 0 0 10 0 0 5 0 1 0 1 4 0 0 0 0 0 0 0 0 0 0 0 0 3 1 0 10 1 0 0 0 0 0 0 0 0 0 0 0 0 0 0 0 0 0 0 0 0 0 0 0 0 0 0 0 0 0 0 0 0 0 0 0 0 0 0 0 1 0 0 0 0 0 0 0 0 0 0   7860
539 10 2 0 1 1 0 0 0 7 10 0 10 0 0 2 0 0 0 0 0 1 1 0 0 10 0 0 5 0 1 0 1 4 0 0 0 0 0 0 0 0 0 0 0 0 3 1 0 10 1 0 0 0 0 0 0 0 0 0 0 0 0 0 0 0 0 0 0 0 0 0 0 0 0 0 0 0 0 0 0 0 0 0 0 0 0 0 0 0 1 0 0 0 0 0 0 0 0 0 0   7860
543 10 2 0 1 1 0 0 0 7 10 0 10 0 0 2 0 0 0 0 0 1 1 0 0 10 0 0 5 0 1 0 2 4 0 0 0 0 0 0 0 0 0 0 0 0 3 1 0 10 1 0 0 0 0 0 0 0 0 0 0 0 0 0 0 0 0 0 0 0 0 0 0 0 0 0 0 0 0 0 0 0 0 0 0 0 0 0 0 0 1 0 0 0 0 0 0 0 0 0 0   7900
549 10 2 0 1 1 0 0 0 7 10 0 10 0 0 2 0 0 0 0 0 1 1 0 0 10 0 0 5 0 1 0 3 4 0 0 0 0 0 0 0 0 0 0 0 0 3 1 0 10 1 0 0 0 0 0 0 0 0 0 0 0 0 0 0 0 0 0 0 0 0 0 0 0 0 0 0 0 0 0 0 0 0 0 0 0 0 0 0 0 1 0 0 0 0 0 0 0 0 0 0   7960
567 10 3 0 1 1 0 0 0 7 10 0 10 0 0 2 0 0 0 0 0 1 1 0 0 10 0 0 5 0 1 0 3 4 0 0 0 0 0 0 0 0 0 0 0 0 3 1 0 10 1 0 0 0 0 0 0 0 0 0 0 0 0 0 0 0 0 0 0 0 0 0 0 0 0 0 0 0 0 0 0 0 0 0 0 0 0 0 0 0 1 0 0 0 0 0 0 0 0 0 0   8220
580 10 4 0 1 1 0 0 0 7 10 0 10 0 0 2 0 0 0 0 0 1 1 0 0 10 0 0 6 0 1 0 3 4 0 0 0 0 0 0 0 0 0 0 0 0 3 1 0 10 1 0 0 0 0 0 0 0 0 0 0 0 0 0 0 0 0 0 0 0 0 0 0 0 0 0 0 0 0 0 0 0 0 0 0 0 0 0 0 0 1 0 0 0 0 0 0 0 0 0 0   8440
581 10 4 0 1 1 0 0 0 7 10 0 10 0 0 2 0 0 0 0 0 1 1 0 0 10 0 0 8 0 1 0 3 4 0 0 0 0 0 0 0 0 0 0 0 0 3 1 0 10 1 0 0 0 0 0 0 0 0 0 0 0 0 0 0 0 0 0 0 0 0 0 0 0 0 0 0 0 0 0 0 0 0 0 0 0 0 0 0 0 1 0 0 0 0 0 0 0 0 0 0   8460
597 10 4 0 2 1 0 0 0 7 10 0 10 0 0 2 0 0 0 0 0 1 1 0 0 10 0 0 8 0 2 0 3 4 0 0 0 0 0 0 0 0 0 0 0 0 3 1 0 10 1 0 0 0 0 0 0 0 0 0 0 0 0 0 0 0 0 0 0 0 0 0 0 0 0 0 0 0 0 0 0 0 0 0 0 0 0 0 0 0 1 0 0 0 0 0 0 0 0 0 0   8720
624 10 4 0 2 1 0 0 0 7 10 0 10 1 0 2 0 0 0 0 0 1 1 0 0 10 0 0 9 0 2 0 3 4 0 0 0 0 0 0 0 0 0 0 0 1 3 1 0 10 1 0 0 0 0 0 0 0 0 0 0 0 0 0 0 0 0 0 0 0 0 0 0 0 0 1 0 0 0 0 0 0 1 0 0 0 0 0 0 0 1 0 0 0 1 0 0 0 0 1 0   9060
634 10 4 0 2 1 0 0 0 7 10 0 10 1 0 2 0 0 0 0 0 1 1 0 0 10 0 0 10 0 2 0 3 4 0 0 0 0 0 0 0 0 0 0 0 1 3 1 0 10 1 0 0 0 0 0 0 0 0 0 0 0 0 0 0 0 0 0 0 0 0 0 0 0 0 1 0 0 0 0 0 0 1 0 0 0 0 0 0 0 1 0 0 0 1 0 0 0 0 1 0   9220
638 10 4 0 2 1 0 0 0 7 10 0 10 1 0 2 1 0 0 0 0 1 1 0 0 10 0 0 10 0 2 0 3 4 0 0 0 0 0 0 0 0 0 0 0 1 3 1 0 10 1 0 0 0 0 0 0 0 0 0 0 0 0 0 0 0 0 0 0 0 0 0 0 0 0 1 0 0 0 0 0 0 1 0 0 0 0 0 0 0 1 0 0 0 1 0 0 0 0 1 0   9240
642 10 4 0 2 1 0 0 0 7 10 0 10 1 0 2 1 0 0 0 0 1 1 0 0 10 0 0 10 0 2 0 3 4 0 0 0 0 0 0 0 0 0 0 0 1 3 1 0 10 1 0 0 0 0 0 0 0 0 0 0 0 0 0 0 0 0 0 0 0 0 0 0 0 0 1 0 0 0 1 0 0 1 0 0 0 0 0 0 0 1 0 0 0 1 0 0 0 0 1 0   9280
649 10 4 0 2 1 0 0 0 7 10 0 10 1 0 2 1 0 0 0 0 1 1 0 1 10 0 0 10 0 2 0 3 4 0 0 0 0 0 0 0 0 0 0 0 1 3 1 0 10 1 0 0 0 0 0 0 0 0 0 0 0 0 0 0 0 0 0 0 0 0 0 0 0 0 1 0 0 0 1 0 0 1 1 0 0 0 0 0 0 1 0 0 0 1 0 0 0 0 1 0   9400
682 10 4 0 3 1 0 0 0 7 10 0 10 1 0 2 1 0 0 0 0 1 1 0 1 10 0 0 10 0 2 0 3 4 0 0 0 0 0 0 0 0 0 0 0 1 3 1 0 10 1 0 0 0 0 0 0 0 0 0 0 0 0 0 0 0 0 0 0 0 0 0 0 0 0 1 0 0 0 1 0 0 1 1 0 0 0 0 0 0 1 0 0 0 1 0 0 0 0 1 0   9980
714 10 4 0 3 1 0 0 0 7 10 0 10 1 0 2 1 0 0 0 0 1 1 0 1 10 0 0 10 0 2 0 3 4 0 0 0 0 0 0 0 0 0 0 0 1 3 1 0 10 1 0 0 0 0 0 0 0 0 0 0 0 0 0 0 0 0 0 0 0 0 0 0 0 0 1 0 0 0 1 0 0 1 1 0 0 0 0 0 0 1 0 0 0 1 0 0 0 1 1 0   10520
720 10 4 0 3 1 0 0 0 7 10 0 10 1 0 2 1 0 0 0 0 1 1 0 1 10 0 0 10 0 2 0 3 4 0 0 0 0 0 0 0 0 0 0 0 1 3 1 0 10 1 0 0 0 0 0 0 0 0 0 0 0 0 0 0 0 0 0 0 0 0 0 0 0 0 1 0 0 0 2 0 0 1 1 0 0 0 0 0 0 1 0 0 0 1 0 0 0 1 1 0   10640
726 10 4 0 3 1 0 0 0 7 10 0 10 1 0 2 1 0 0 0 0 1 1 0 1 10 0 0 10 0 2 0 3 4 0 0 0 0 0 0 0 0 0 0 0 1 3 1 0 10 1 0 0 0 0 0 1 0 0 0 0 1 0 0 0 0 0 0 0 0 0 0 0 0 0 1 0 0 0 2 1 0 1 1 0 1 0 0 0 0 1 0 0 0 1 0 0 0 1 1 0   10700
729 10 4 0 3 1 0 0 0 7 10 0 10 1 0 2 1 0 0 0 0 1 1 0 1 10 0 0 10 0 2 0 4 4 0 0 0 0 0 0 0 0 0 0 0 1 3 1 0 10 1 0 0 0 0 0 1 0 0 0 0 1 0 0 0 0 0 0 0 0 0 0 0 0 0 1 0 0 0 2 1 0 1 1 0 1 0 0 0 0 1 0 0 0 1 0 0 0 1 1 0   10760
764 10 4 0 3 1 0 0 0 7 10 0 10 1 0 2 1 0 0 0 0 1 1 0 1 10 0 0 10 0 2 0 4 4 0 0 0 0 0 0 0 0 0 0 0 1 3 2 0 10 1 0 0 0 0 0 2 0 0 0 0 2 0 0 0 0 0 0 0 0 0 0 0 0 0 2 0 0 0 2 1 0 1 1 0 1 0 0 0 0 1 0 0 0 1 0 0 0 1 1 0   11280
765 10 4 0 3 1 0 0 0 7 10 0 10 1 0 2 1 0 0 0 0 1 1 0 1 10 0 0 10 0 2 0 4 4 0 1 0 0 0 0 0 0 0 0 0 1 3 2 0 10 1 0 0 0 0 0 2 0 0 0 0 2 0 0 0 0 0 0 0 0 0 0 0 0 0 2 0 0 0 2 1 0 1 1 1 1 0 0 0 0 1 0 0 0 1 0 0 0 1 1 0   11280
780 10 4 0 3 1 0 0 0 7 10 0 10 1 0 2 1 0 0 0 0 1 1 0 1 10 0 0 10 0 2 0 4 4 0 1 0 0 0 0 0 0 0 0 0 1 3 2 0 10 1 0 0 0 0 0 2 0 0 0 0 2 0 0 0 0 0 0 0 0 0 0 0 0 0 2 0 0 0 2 1 0 2 1 1 1 0 0 0 0 1 0 0 0 1 0 0 0 1 1 0   11540
791 10 4 0 3 1 0 0 0 7 10 0 10 1 0 2 1 0 0 0 0 1 1 0 1 10 0 0 10 0 2 0 5 4 0 1 0 0 0 0 0 0 0 0 0 1 3 2 0 10 1 0 0 0 0 0 2 0 0 0 0 2 0 0 0 0 0 0 0 0 0 0 0 0 0 2 0 0 0 2 1 0 2 1 1 1 0 0 0 0 1 0 0 0 1 0 0 0 1 1 0   11740
825 10 4 0 3 1 0 0 0 7 10 0 10 1 0 2 1 0 0 0 0 1 1 0 1 10 0 0 10 0 2 1 5 4 0 1 0 1 0 0 0 0 0 0 0 1 3 2 0 10 1 0 0 0 0 0 2 0 0 0 0 2 0 0 0 0 0 0 0 0 0 0 0 0 0 2 0 0 0 2 1 0 2 1 1 1 0 0 0 0 1 0 0 0 1 0 0 0 1 1 0   12220
837 10 4 0 3 1 0 0 0 7 10 0 10 1 0 2 1 0 0 0 0 1 1 0 1 10 0 0 10 0 2 1 5 4 0 1 0 1 0 0 0 0 0 0 0 1 3 2 0 10 1 0 0 0 0 0 2 0 0 0 1 2 0 0 0 0 0 0 0 0 0 0 0 0 0 2 0 0 1 2 1 0 2 1 1 1 0 0 0 0 1 0 0 0 1 0 0 0 1 1 0   12340
853 10 4 0 3 1 0 0 0 7 10 0 10 1 0 2 1 0 0 1 0 1 1 0 1 10 0 0 10 0 2 1 5 4 0 1 0 1 1 0 0 0 0 0 0 1 3 2 0 10 1 0 0 0 0 0 2 0 0 0 1 2 0 0 0 0 0 0 0 0 0 0 0 0 0 2 0 0 1 2 1 0 2 1 1 1 0 0 0 0 1 0 0 0 1 0 0 0 1 1 0   12580
866 10 4 0 3 1 0 0 0 7 10 0 10 1 0 2 1 0 0 2 0 1 1 0 1 10 0 0 10 0 2 1 5 4 0 1 0 1 2 0 0 0 0 0 0 1 3 2 0 10 1 0 0 0 0 0 2 0 0 0 1 2 0 0 0 0 0 0 0 0 0 0 0 0 0 2 0 0 1 2 1 0 2 1 1 1 0 0 0 0 1 0 0 0 1 0 0 0 1 1 0   12740
889 10 4 0 3 1 0 0 0 7 10 0 10 1 0 2 1 0 0 2 0 1 1 0 1 10 0 0 10 0 2 1 5 4 0 1 0 1 2 0 0 0 0 0 0 1 3 2 0 10 1 0 0 0 0 0 2 0 0 0 1 2 0 0 0 0 0 0 0 0 0 0 0 0 0 2 0 0 2 2 1 0 2 1 1 1 0 0 0 0 1 0 0 0 1 0 0 0 2 1 0   13100
892 10 4 0 3 1 0 0 0 7 10 0 10 1 0 2 1 0 0 2 1 1 1 0 1 10 0 0 10 0 2 1 5 4 0 1 0 1 2 0 0 0 0 0 0 1 3 2 0 10 1 0 0 0 0 0 2 0 0 0 1 2 0 0 0 0 0 0 1 0 0 0 0 0 0 2 0 0 2 2 1 0 2 1 1 1 0 0 0 0 1 0 0 0 1 0 0 0 2 1 0   13100
896 10 4 0 3 1 0 0 0 7 10 0 10 1 0 2 2 0 0 2 1 1 1 0 1 10 0 0 10 0 2 2 5 4 0 1 0 2 2 0 0 0 0 0 0 1 3 2 0 10 1 0 0 0 0 0 2 0 0 0 1 2 0 0 0 0 0 0 1 0 0 0 0 0 0 2 0 0 2 2 1 0 2 1 1 1 0 0 0 0 1 0 0 0 1 0 0 0 2 1 0   13220
904 10 4 0 3 1 0 1 0 7 10 0 10 1 0 2 2 0 0 2 1 1 1 0 1 10 0 0 10 0 2 2 5 4 0 1 0 2 2 0 0 0 0 0 0 1 3 2 0 10 1 0 0 0 0 0 2 0 0 0 1 2 0 0 0 0 0 0 2 0 0 0 0 0 0 2 0 0 2 2 1 0 2 1 1 1 0 0 0 0 1 0 0 0 1 0 0 0 2 1 0   13300
911 10 4 0 3 1 0 1 0 7 10 0 10 1 0 2 2 0 0 2 1 1 1 0 1 10 0 0 10 0 2 2 6 4 0 1 0 2 2 0 0 0 0 0 0 1 3 2 0 10 1 0 0 0 0 0 2 0 0 0 1 2 0 0 0 0 0 0 2 0 0 0 0 0 0 2 0 0 2 2 1 0 2 1 1 1 0 0 0 0 1 0 0 0 1 0 0 0 2 1 0   13420
918 10 4 0 3 1 0 1 0 7 10 1 10 1 0 2 2 0 0 2 1 1 1 0 1 10 0 0 10 1 2 2 6 4 0 1 0 2 2 0 0 0 0 0 0 1 3 2 0 10 1 0 0 0 0 0 2 0 0 0 1 2 0 0 0 0 0 0 2 0 0 0 0 0 0 2 0 0 2 2 1 0 2 1 1 1 0 0 0 0 1 0 0 0 1 0 0 0 2 1 0   13540
930 10 4 0 3 1 0 1 0 7 10 1 10 1 0 2 2 0 0 2 1 1 1 0 1 10 0 0 10 1 2 2 6 4 0 1 0 2 2 0 0 0 0 0 0 1 3 2 0 10 1 0 0 0 0 0 2 0 0 0 1 2 0 0 0 0 0 0 2 0 0 0 0 1 0 2 0 0 2 2 1 0 2 1 1 1 0 0 0 0 1 0 0 0 1 0 0 0 2 1 0   13820
941 10 4 0 3 1 0 1 0 7 10 1 10 1 0 2 2 0 0 2 1 1 1 0 1 10 0 0 10 1 2 2 7 4 0 1 0 2 2 0 0 0 0 0 0 1 3 2 0 10 1 0 0 0 0 0 2 0 0 0 1 2 0 0 0 0 0 0 2 0 0 0 0 1 0 2 0 0 2 2 1 0 2 1 1 1 0 0 0 0 1 0 0 0 1 0 0 0 2 1 0   14020
956 10 4 0 3 1 0 1 0 7 10 1 10 1 0 2 2 0 0 2 1 1 1 0 1 10 0 0 10 1 2 2 7 4 0 1 0 2 2 0 0 0 0 0 0 1 3 2 0 10 1 0 0 0 0 0 2 0 0 0 1 2 0 0 0 0 0 0 2 0 0 0 0 1 0 2 0 0 2 2 1 0 2 1 1 1 0 0 0 0 1 0 0 0 2 0 0 0 2 1 0   14200
958 10 4 0 3 1 0 1 0 7 10 1 10 1 0 2 2 0 0 2 1 1 1 0 1 10 0 0 10 1 2 2 7 4 0 1 0 2 2 0 0 0 0 0 0 1 3 2 0 10 1 0 0 0 0 0 2 0 0 0 1 3 0 0 0 0 0 0 2 0 0 0 0 1 0 2 0 0 2 2 1 0 2 1 1 1 0 0 0 0 1 0 0 0 2 0 0 0 2 1 0   14240
965 10 4 0 3 1 0 1 0 7 10 1 10 1 0 2 2 0 0 2 1 1 1 0 1 10 0 0 10 1 2 2 7 4 0 1 0 2 2 0 0 0 0 0 0 1 3 2 0 10 1 0 0 0 0 0 2 0 0 0 1 3 0 0 0 0 0 0 2 0 0 0 0 2 0 2 0 0 2 2 1 0 2 1 1 1 0 0 0 0 1 0 0 0 2 0 0 0 2 2 0   14300
976 10 4 0 3 1 0 1 0 7 10 1 10 1 0 2 2 0 0 2 1 1 1 0 2 10 0 0 10 1 2 2 7 4 0 1 0 2 2 0 0 0 0 0 0 1 3 2 0 10 1 0 0 0 0 0 2 0 0 0 1 3 0 0 0 0 0 0 2 0 0 0 0 2 0 2 0 0 2 2 1 0 2 1 1 1 0 0 0 0 1 0 0 0 2 0 0 0 2 2 0   14460
996 10 4 0 3 1 0 1 0 7 10 1 10 1 0 2 2 0 0 2 1 1 1 0 2 10 0 0 10 1 2 2 7 4 0 1 0 2 2 0 0 0 0 1 0 1 3 2 0 10 1 0 0 0 0 0 2 0 0 0 1 3 0 0 0 0 0 0 2 0 0 0 0 2 0 2 0 0 2 2 1 0 2 1 1 1 0 0 0 0 1 0 0 0 2 0 0 0 2 2 0   14820
997 10 4 0 3 1 0 1 0 7 10 1 10 1 0 2 2 0 0 2 1 1 1 0 2 10 0 0 10 1 2 2 7 4 0 1 0 2 2 0 0 0 0 1 0 1 3 2 1 10 1 0 0 0 0 0 2 0 0 0 1 3 0 0 0 0 0 0 2 0 0 0 0 2 0 2 0 0 2 2 1 0 2 1 1 1 0 0 0 0 1 0 0 0 2 0 0 0 2 2 0   14860
1000 10 4 0 3 1 0 1 0 7 10 1 10 1 0 2 2 0 0 2 1 1 1 0 2 10 0 0 10 1 2 2 7 4 0 1 0 2 3 0 0 0 0 1 0 1 3 2 1 10 1 0 0 0 0 0 2 0 0 0 1 3 0 0 0 0 0 0 2 0 0 0 0 2 0 2 0 0 2 2 1 0 2 1 1 1 0 0 0 0 1 0 0 0 2 0 0 0 2 2 0   14900
1001 10 4 0 3 1 0 1 0 7 10 1 10 1 0 2 2 0 0 2 1 1 1 1 2 10 0 0 10 1 2 2 7 4 0 1 0 2 3 0 0 0 0 1 0 1 3 2 1 10 1 0 0 0 0 0 2 0 0 0 1 3 0 0 0 0 0 0 2 0 0 0 0 2 0 2 0 0 2 2 1 0 2 1 1 1 0 0 0 0 1 0 1 0 2 0 0 0 2 2 0   14920
1011 10 4 0 3 1 0 1 0 7 10 1 10 1 0 2 2 0 0 2 1 1 1 1 2 10 0 0 10 1 2 2 7 4 0 1 0 2 4 0 0 0 0 1 0 1 3 2 1 10 1 0 0 0 0 0 2 0 0 0 1 3 0 0 0 0 0 0 2 0 0 0 0 2 0 2 0 0 2 2 1 0 2 1 1 1 0 0 0 0 1 0 1 0 2 0 0 0 2 2 0   15100
1012 10 4 0 3 1 0 1 0 7 10 1 10 1 0 2 2 0 0 2 1 1 1 1 2 10 0 0 10 1 2 2 7 4 0 1 0 2 4 0 0 0 0 1 0 1 3 2 1 10 1 0 0 0 0 0 3 0 0 0 1 3 0 0 0 0 0 0 2 0 0 0 0 2 0 2 0 0 2 2 1 0 2 1 1 1 0 0 0 0 1 0 1 0 3 0 0 0 2 2 0   15100
1019 10 4 0 3 1 0 1 0 7 10 1 10 1 0 2 2 0 0 2 1 1 1 1 2 10 0 0 10 1 2 2 7 4 0 1 0 2 4 0 0 0 0 2 0 2 3 2 1 10 1 0 0 0 0 0 3 0 0 0 1 3 0 0 0 0 0 0 2 0 0 0 0 2 0 2 0 0 2 2 1 0 2 1 1 1 0 0 0 0 1 0 1 0 3 0 0 0 2 2 0   15240
1032 10 4 0 3 1 0 1 0 7 10 1 10 1 0 2 2 0 0 2 1 1 1 1 2 10 0 0 10 1 3 2 7 4 0 1 0 2 4 0 0 0 0 2 0 2 3 2 1 10 1 0 0 0 0 0 3 0 0 0 1 3 0 0 0 0 0 0 2 0 0 0 0 2 0 2 0 0 2 2 1 0 2 1 1 1 0 0 0 0 1 0 1 0 3 0 0 0 2 2 0   15400
1042 10 4 0 3 1 0 1 0 7 10 1 10 1 0 2 2 0 0 2 1 1 1 1 2 10 0 0 10 1 3 2 7 4 0 1 0 2 5 0 0 0 0 2 0 2 3 2 1 10 1 0 0 0 0 0 3 0 0 0 1 3 0 0 0 0 0 0 2 0 0 0 0 2 0 2 0 0 2 2 1 0 2 1 1 1 0 0 0 0 1 0 1 0 3 0 0 0 2 2 0   15500
1043 10 4 0 3 1 0 1 0 7 10 1 10 1 0 2 2 0 0 2 1 1 1 1 2 10 0 0 10 1 3 2 7 4 0 1 0 2 6 0 0 0 0 2 0 2 3 2 1 10 1 0 0 0 0 0 3 0 0 0 1 3 0 0 0 0 0 0 2 0 0 0 0 2 0 2 0 0 2 2 1 0 2 1 1 1 0 0 0 0 1 0 1 0 3 0 0 0 2 2 0   15560
1047 10 4 0 3 1 0 1 0 7 10 1 10 1 0 2 2 0 0 2 1 1 1 1 2 10 0 0 10 1 3 2 7 4 0 1 0 2 6 1 0 0 0 2 0 2 3 2 1 10 1 0 0 0 1 0 3 0 0 0 1 3 0 0 0 0 0 0 2 0 0 0 0 2 0 2 0 0 2 2 1 0 2 1 1 1 0 0 0 0 1 0 1 0 3 0 0 0 2 2 0   15580
1051 10 4 0 3 1 0 1 0 7 10 1 10 1 0 2 2 0 0 2 1 1 1 1 2 10 0 0 10 1 3 2 7 4 0 1 0 2 6 1 0 0 0 3 0 3 3 2 1 10 1 0 0 0 1 0 3 0 0 0 1 3 0 0 0 0 0 0 2 0 0 0 0 2 0 2 0 0 2 2 1 0 2 1 1 1 0 0 0 0 1 0 1 0 3 0 0 0 2 2 0   15660
1065 10 4 0 4 1 0 1 0 7 10 1 10 1 0 2 2 0 0 2 1 1 1 1 2 10 0 0 10 1 3 2 7 4 0 1 0 2 6 1 0 0 0 3 0 3 3 2 1 10 1 0 0 0 1 0 3 0 0 0 1 3 0 0 0 0 0 0 2 0 0 0 0 2 0 2 0 0 2 2 1 0 2 1 1 1 0 0 0 0 1 0 1 0 3 0 0 0 2 2 0   15900
1067 10 4 0 4 1 0 1 0 7 10 1 10 1 0 2 2 0 0 2 1 1 1 1 2 10 0 0 10 1 3 2 7 4 0 1 0 2 6 1 0 0 0 3 0 3 3 2 1 10 1 0 1 0 1 0 3 1 0 0 1 3 0 0 0 0 0 0 2 0 0 0 0 2 1 2 0 0 2 2 1 0 2 1 1 1 0 0 0 1 1 0 1 0 3 0 0 0 2 2 0   15920
1077 10 4 0 4 1 0 1 0 7 10 1 10 1 0 2 2 0 0 2 1 1 2 1 2 10 0 0 10 1 3 2 7 4 0 1 0 2 6 1 0 0 0 3 0 3 3 2 1 10 1 0 1 0 1 0 3 1 0 0 1 3 0 0 0 0 0 0 2 0 0 0 0 2 1 2 0 0 2 2 1 0 2 1 1 1 0 0 0 1 1 0 1 0 3 0 0 0 2 2 0   16020
1087 10 4 0 4 1 0 1 0 7 10 1 10 1 0 2 2 0 0 2 1 1 2 1 2 10 0 0 10 1 3 2 7 4 0 1 0 2 6 2 0 0 0 3 0 3 3 2 1 10 1 0 1 0 1 0 3 2 0 0 2 3 0 0 0 0 0 0 2 0 0 0 0 2 2 2 0 0 2 2 1 0 2 1 1 1 0 0 0 1 1 0 1 0 3 0 0 0 2 2 0   16240
1092 10 4 0 4 1 0 1 0 7 10 1 10 1 0 2 2 0 0 2 1 1 2 1 2 10 0 0 10 1 3 2 7 4 0 1 0 2 6 2 0 0 0 3 0 3 3 2 1 10 1 0 1 0 1 0 3 3 0 0 3 3 0 0 0 0 0 0 2 0 0 0 0 2 2 2 0 0 2 2 1 0 2 1 1 1 0 0 0 1 1 0 1 0 3 0 0 0 2 2 0   16320
1096 10 4 0 4 1 0 1 0 7 10 1 10 1 0 2 2 0 0 2 1 1 2 1 2 10 0 0 10 1 3 2 7 4 0 1 0 2 6 2 0 0 0 3 0 3 3 2 1 10 1 0 1 0 1 0 3 4 0 0 3 3 0 0 0 0 0 0 2 0 0 0 0 2 2 2 0 0 2 2 1 0 2 1 1 1 0 0 0 1 1 0 1 0 3 0 0 0 2 2 0   16380
1097 10 4 0 4 1 0 1 0 7 10 1 10 1 0 2 2 0 0 2 1 1 2 1 2 10 0 0 10 1 3 2 7 4 0 1 1 2 6 2 0 0 0 3 0 3 3 2 1 10 1 0 1 0 1 0 3 4 0 0 3 3 0 0 0 0 0 0 2 0 0 0 0 2 2 2 0 0 2 2 1 0 2 1 1 1 0 0 0 1 1 0 1 0 3 0 0 0 2 2 0   16420
1102 10 4 0 4 1 0 1 0 7 10 1 10 1 0 2 2 0 0 2 1 1 2 1 2 10 0 0 10 1 3 2 7 4 0 1 1 2 6 2 0 0 0 3 0 3 3 2 1 10 1 0 1 0 1 0 3 5 0 0 3 3 0 0 0 0 0 0 2 0 0 0 0 2 2 2 0 0 2 2 1 0 2 1 1 1 0 0 0 1 1 0 1 0 3 0 0 0 2 2 0   16500
1123 10 4 0 4 1 0 1 0 7 10 1 10 1 0 2 2 0 0 2 1 1 2 1 2 10 0 0 10 1 3 2 7 4 0 1 1 2 6 2 0 0 0 3 0 3 3 2 1 10 1 0 1 0 1 0 4 5 0 0 3 3 0 0 0 0 0 0 2 0 0 0 0 2 2 2 0 0 2 2 1 0 2 1 1 1 0 0 0 1 1 0 1 0 4 0 0 0 2 2 0   16800
1129 10 4 0 4 1 0 1 0 7 10 1 10 1 1 2 2 0 0 2 1 1 2 1 2 10 0 0 10 1 3 2 7 4 0 1 1 2 6 2 0 0 0 3 0 3 3 2 1 10 1 0 1 0 1 0 4 5 0 0 3 3 0 0 0 0 0 0 2 0 0 0 0 2 2 2 0 0 2 2 1 0 2 1 1 1 0 0 0 1 1 0 1 0 4 0 0 0 2 2 0   16880
1132 10 4 0 4 1 0 1 0 7 10 1 10 2 1 2 2 0 0 2 1 1 2 1 2 10 0 0 10 1 3 2 7 4 0 1 1 2 6 2 0 0 0 3 0 3 3 2 1 10 1 0 1 0 1 0 4 5 0 0 3 3 0 0 0 0 0 0 2 0 0 0 0 2 2 2 0 0 2 2 1 0 2 1 1 1 0 0 0 1 1 0 1 0 4 0 0 0 2 2 0   16920
1140 10 4 0 4 1 0 1 0 7 10 1 10 2 1 2 2 0 0 2 1 1 2 1 2 10 0 0 10 1 3 2 7 4 0 1 1 2 6 2 0 0 0 3 0 3 3 2 1 10 1 1 1 0 1 0 4 5 0 0 3 3 0 1 0 1 0 0 2 0 0 0 0 2 2 2 0 0 2 2 1 0 2 1 1 1 0 0 0 1 1 0 1 0 4 0 0 0 2 2 0   17020
1144 10 4 0 4 1 0 1 0 7 10 1 10 2 1 2 2 0 0 2 1 1 2 1 2 10 0 0 10 1 3 2 7 4 0 1 1 2 6 2 0 0 0 3 0 3 3 2 1 10 1 1 1 0 1 0 4 6 0 0 3 3 0 1 0 1 0 0 2 0 0 0 0 2 2 2 0 0 2 2 1 0 2 1 1 1 0 0 0 1 1 0 1 0 4 0 0 0 2 2 0   17040
1157 10 4 0 4 1 0 1 0 7 10 1 10 2 2 2 2 0 0 2 1 2 2 1 2 10 0 0 10 1 3 2 7 4 0 1 1 2 6 2 0 0 0 3 0 3 3 2 1 10 1 2 1 0 1 0 4 6 0 0 3 3 0 2 0 1 0 0 2 0 0 0 0 2 2 2 0 0 2 2 1 0 2 1 1 1 0 0 0 1 1 0 1 0 4 0 0 0 2 2 0   17240
1158 10 4 0 4 1 0 1 0 7 10 1 10 2 2 2 2 0 0 2 1 2 2 1 2 10 0 0 10 1 3 2 7 4 1 1 1 2 6 2 0 0 0 3 0 3 3 2 1 10 1 2 1 0 1 0 4 6 0 0 3 3 0 2 0 1 0 0 2 0 0 0 0 2 2 2 0 0 2 2 1 0 2 1 1 1 0 0 0 1 1 0 1 0 4 0 0 0 2 2 0   17240
1160 10 4 0 4 1 0 1 0 7 10 1 10 2 2 2 2 0 0 2 1 2 2 1 2 10 0 0 10 1 3 2 7 4 1 1 1 2 6 2 0 0 0 3 0 3 3 2 1 10 1 2 1 0 1 0 4 6 0 0 3 3 0 2 0 1 0 0 2 0 0 0 0 2 2 2 1 0 2 2 1 1 2 1 1 1 0 0 0 1 1 0 1 0 4 0 0 0 2 2 0   17240
1164 10 4 0 4 1 0 1 0 7 10 1 10 2 2 2 2 0 0 2 1 2 2 1 2 10 0 0 10 1 3 2 7 4 1 1 1 2 6 2 0 0 0 3 0 3 3 2 1 10 1 2 1 0 1 1 4 6 0 0 3 3 0 2 0 1 0 0 2 0 0 0 0 2 2 2 1 0 2 2 1 1 2 1 1 1 0 0 0 1 1 0 1 0 4 0 0 0 2 2 0   17320
1166 10 4 0 4 1 0 1 0 7 10 1 10 2 2 2 2 0 0 2 1 2 2 1 2 10 0 0 10 1 3 2 7 4 1 1 1 2 6 2 0 0 0 3 0 3 3 2 1 10 1 2 1 0 1 1 4 6 0 0 3 3 0 2 0 1 0 0 2 0 0 0 0 2 2 2 1 0 2 2 1 1 2 1 2 1 0 0 0 1 1 0 1 0 4 0 0 0 2 2 0   17340
1167 10 4 0 4 1 0 1 0 7 10 1 10 2 2 2 2 0 0 2 1 2 2 1 2 10 0 0 10 1 3 2 7 4 1 1 1 2 6 2 0 0 0 3 0 3 3 2 1 10 1 2 1 0 1 1 4 6 0 0 3 3 0 2 0 1 0 0 2 0 0 0 0 2 2 2 1 0 3 2 1 1 2 1 2 1 0 0 0 1 1 0 1 0 4 0 0 0 2 2 0   17380
1169 10 4 0 4 1 0 1 0 7 10 1 10 2 2 2 2 0 0 2 1 2 2 1 2 10 0 0 10 1 3 2 7 4 1 1 1 2 6 2 0 0 0 3 1 3 3 2 1 10 1 2 1 0 1 1 4 6 0 0 3 3 0 2 0 1 0 0 2 0 0 0 0 2 2 2 1 0 3 2 1 1 2 1 2 1 0 0 0 1 1 0 1 0 4 0 0 0 2 2 0   17420
1190 10 4 0 4 1 0 1 0 7 10 1 10 2 2 2 2 0 0 2 1 2 2 1 2 10 0 0 10 1 3 2 7 4 2 1 1 2 6 2 0 0 0 3 1 3 3 2 1 10 1 2 1 0 1 1 4 6 0 0 3 3 0 2 0 1 0 0 2 0 0 0 0 2 2 2 1 0 3 2 1 1 2 1 2 1 0 0 0 1 1 0 1 0 4 0 0 0 2 2 0   17760
1198 10 4 0 4 1 0 1 0 7 10 1 10 2 2 2 2 0 0 2 1 2 2 1 2 10 0 0 10 1 3 2 7 4 2 1 1 2 6 2 0 0 0 3 1 3 3 2 1 10 1 2 1 0 1 1 4 6 0 0 3 3 0 2 0 1 0 0 2 0 0 0 1 2 2 2 1 0 3 2 1 1 2 1 2 1 0 0 0 1 1 0 1 0 4 0 0 0 2 2 0   17800
1233 10 4 0 4 1 0 1 0 7 10 1 10 2 2 2 2 0 0 2 1 2 2 1 2 10 0 0 10 1 3 2 7 4 2 1 1 2 6 2 0 0 0 3 1 3 3 2 1 10 1 2 1 0 1 1 4 6 0 0 3 3 0 2 0 1 0 0 2 0 0 0 1 2 2 2 1 0 3 2 1 1 2 1 2 1 0 0 0 1 1 0 1 0 4 0 0 1 2 2 0   18380
1258 10 4 0 4 1 0 1 0 7 10 1 10 2 2 2 2 0 0 2 1 2 2 1 2 10 0 0 10 1 3 2 7 4 2 1 1 2 6 2 0 0 0 3 1 3 3 2 1 10 1 2 1 0 1 2 4 6 0 0 3 3 0 2 0 1 0 0 2 0 0 0 1 2 2 2 1 0 3 2 1 1 2 1 2 1 0 0 0 1 1 0 1 0 4 0 0 1 2 2 0   18720
1270 10 4 0 4 1 0 1 0 7 10 1 10 2 2 2 3 0 0 2 1 2 2 1 2 10 0 0 10 1 3 2 7 4 2 1 1 2 6 2 0 0 0 3 2 3 3 2 1 10 1 2 1 0 1 2 4 6 0 0 3 3 0 2 0 1 0 0 3 0 0 0 1 2 2 2 1 0 3 2 1 1 2 1 2 1 0 0 0 1 1 0 1 0 4 0 0 1 2 2 0   18880
1282 10 4 0 4 1 0 1 0 7 10 1 10 2 2 2 3 0 0 2 1 2 2 1 2 10 0 0 10 1 3 2 7 4 2 1 1 2 6 2 0 0 0 3 3 3 3 2 1 10 1 2 1 0 1 2 4 6 0 0 3 3 0 2 0 1 0 0 3 0 0 0 1 2 2 2 1 0 3 2 1 1 2 1 2 1 0 0 0 1 1 0 1 0 4 0 0 1 2 2 0   19180
1283 10 4 0 4 1 0 1 0 7 10 1 10 2 2 2 4 0 0 2 1 2 2 1 2 10 0 0 10 1 3 2 7 4 2 1 1 2 6 2 0 0 0 3 3 3 3 2 1 10 1 2 1 0 1 2 4 6 0 0 3 3 0 2 0 1 0 0 3 0 0 0 1 2 2 2 1 0 4 2 1 1 2 1 2 1 0 0 0 1 1 0 1 0 4 0 0 1 2 2 0   19180
1284 10 4 0 4 1 0 1 0 7 10 1 10 2 2 2 4 0 0 2 1 2 2 1 2 10 0 0 10 1 3 2 7 4 2 1 1 2 6 2 0 0 0 3 3 3 3 2 1 10 1 2 1 0 1 3 4 6 0 0 3 3 0 2 0 1 0 0 3 0 0 0 1 2 2 2 1 0 4 2 1 1 2 1 2 1 0 0 0 1 1 0 1 0 4 0 0 1 2 2 0   19180
1301 10 4 0 4 1 0 1 0 7 10 1 10 2 2 2 4 0 0 2 1 2 2 1 2 10 0 0 10 1 3 2 7 4 2 1 1 2 6 2 0 0 0 3 3 3 3 2 2 10 1 2 1 0 1 3 4 6 0 0 3 3 0 2 0 1 0 0 3 0 0 0 1 2 2 2 1 0 4 2 1 1 2 1 2 1 0 0 0 2 1 0 1 0 4 0 0 1 2 2 0   19440
1303 10 4 0 4 1 0 1 0 7 10 1 10 2 2 2 4 0 0 2 1 2 2 1 2 10 0 0 10 1 3 2 7 4 2 1 1 2 6 2 0 0 0 3 4 3 3 2 2 10 1 2 1 0 1 3 4 6 0 0 3 3 0 2 0 1 0 0 3 0 0 0 1 2 2 2 1 0 4 2 1 1 2 1 2 1 0 0 0 2 1 0 1 0 4 0 0 1 2 2 0   19460
1304 10 4 0 4 1 1 1 0 7 10 1 10 2 2 2 4 0 0 2 1 2 2 1 2 10 0 0 10 1 3 2 7 4 2 1 1 2 6 2 0 0 0 3 5 3 3 2 2 10 1 2 1 0 1 3 4 6 0 1 3 3 0 2 0 1 0 0 3 0 0 0 1 2 2 2 1 0 4 2 1 1 2 1 2 1 0 0 0 2 1 0 1 0 4 0 0 1 2 2 0   19480
1305 10 4 0 4 1 1 1 0 7 10 1 10 2 2 2 4 0 0 2 1 2 2 1 2 10 0 0 10 1 3 2 7 4 2 1 1 2 6 2 0 0 0 3 6 3 3 2 2 10 1 2 1 0 1 3 4 6 0 1 3 3 0 2 0 1 0 0 3 0 0 0 1 2 2 2 1 0 4 2 1 1 2 1 2 1 0 0 0 2 1 0 1 0 4 0 0 1 2 2 0   19500
1306 10 4 0 4 1 1 1 0 7 10 1 10 2 2 2 4 0 0 2 1 2 2 1 2 10 0 0 10 1 3 2 7 4 2 1 1 2 6 2 0 0 0 3 7 3 3 2 2 10 1 2 1 0 1 3 4 6 0 1 3 3 0 2 0 1 0 0 3 0 0 0 1 2 2 2 1 0 4 2 1 1 2 1 2 1 0 0 0 2 1 0 1 0 4 0 0 1 2 2 0   19520
1310 10 4 0 4 1 1 1 0 7 10 1 10 2 2 2 4 0 0 2 1 2 2 1 2 10 0 0 10 1 3 2 7 4 2 1 1 2 6 2 0 0 0 3 7 3 3 2 2 10 1 2 1 0 1 4 4 6 0 1 3 3 0 2 0 1 0 0 3 0 0 0 1 2 2 2 1 0 4 2 1 1 2 1 2 1 0 0 0 2 1 0 1 0 4 0 0 1 2 2 0   19580
1317 10 4 0 4 1 1 1 0 7 10 1 10 2 2 2 4 0 0 2 1 2 2 1 2 10 0 0 10 1 3 2 7 4 2 1 1 2 6 2 0 0 0 3 8 3 3 2 2 10 1 2 1 0 1 4 4 6 0 1 3 3 0 2 0 1 0 0 3 0 0 0 1 2 2 2 1 0 4 2 1 1 2 1 2 1 0 0 0 2 1 0 1 0 4 0 0 1 2 2 0   19700
1318 10 4 0 4 1 1 1 0 7 10 1 10 2 2 2 4 0 0 2 1 2 2 1 2 10 0 0 10 1 3 2 7 4 2 1 1 2 6 2 0 0 0 3 9 3 3 2 2 10 1 2 1 0 1 4 4 6 0 1 3 3 0 2 0 1 0 0 3 0 0 0 1 2 2 2 1 0 4 2 1 1 2 1 2 1 0 0 0 2 1 0 1 0 4 0 0 1 2 2 0   19760
1319 10 4 0 4 1 1 1 0 7 10 1 10 2 2 2 4 0 0 2 1 2 2 1 2 10 0 0 10 1 3 2 7 4 2 1 1 2 6 2 0 0 0 3 10 3 3 2 2 10 1 2 1 0 1 4 4 6 0 1 3 3 0 2 0 1 0 0 3 0 0 0 1 2 2 2 1 0 4 2 1 1 2 1 2 1 0 0 0 2 1 0 1 0 4 0 0 1 2 2 0   19780
1340 10 4 0 4 1 1 1 0 7 10 1 10 2 2 2 4 0 0 2 1 2 2 1 2 10 0 0 10 1 3 2 7 4 2 1 1 2 6 2 0 0 1 3 10 3 3 2 2 10 1 2 1 0 1 4 4 6 0 1 3 3 0 2 0 1 0 0 3 0 0 0 1 2 2 2 1 0 4 2 1 1 2 1 2 1 0 0 0 2 1 0 1 0 4 0 0 1 2 2 0   20040
1343 10 4 0 4 1 1 1 0 7 10 1 10 2 2 2 4 0 0 2 1 2 2 1 2 10 0 0 10 1 3 2 7 4 2 1 1 2 6 2 0 0 1 3 10 3 3 2 2 10 1 2 1 0 1 4 4 6 0 1 3 3 0 2 0 1 0 0 3 0 0 0 1 2 2 2 1 0 4 2 1 1 2 2 2 1 0 0 0 2 1 0 1 0 4 0 0 2 2 2 0   20120
1348 10 4 0 4 1 1 1 0 7 10 1 10 2 2 2 4 0 0 2 1 2 2 1 2 10 0 0 10 1 3 2 7 4 2 1 1 2 6 2 1 0 1 3 10 3 3 2 2 10 1 2 1 0 1 4 4 6 0 1 3 3 0 2 0 1 0 0 3 0 0 0 1 2 2 2 1 0 4 2 1 1 2 2 2 1 0 0 0 2 1 0 1 0 4 0 0 2 2 2 0   20140
1353 10 4 0 4 1 1 1 0 7 10 1 10 2 2 2 4 0 0 2 1 2 2 1 2 10 0 0 10 1 3 2 7 4 2 1 1 2 6 2 1 0 1 3 10 3 3 2 2 10 1 2 1 0 1 4 4 6 0 1 3 3 0 2 0 1 0 0 3 0 0 0 1 2 2 2 1 0 5 2 1 1 2 2 2 1 0 0 0 2 1 0 1 0 4 0 0 2 2 2 0   20220
1355 10 4 0 4 1 1 1 0 8 10 1 10 2 2 2 4 0 0 2 1 2 2 1 2 10 0 0 10 1 3 2 7 4 2 1 1 2 6 2 1 0 1 3 10 3 3 2 2 10 1 2 1 0 1 4 4 6 0 1 3 3 0 2 0 1 0 0 3 0 0 0 1 2 2 2 1 0 5 2 1 1 2 2 2 1 0 0 0 2 1 0 1 0 4 0 0 2 2 2 0   20220
1361 10 4 0 4 1 1 1 0 8 10 1 10 2 2 2 4 0 0 2 1 2 2 1 2 10 0 0 10 1 3 2 7 4 2 1 1 2 6 2 1 0 1 3 10 3 3 2 2 10 1 2 1 0 1 4 4 6 0 2 3 3 0 2 0 1 0 0 3 0 0 0 1 2 2 2 1 0 5 2 1 1 2 2 2 1 0 0 0 2 1 0 1 0 4 0 0 2 2 2 0   20280
1364 10 5 0 4 1 1 1 0 8 10 1 10 2 2 2 5 0 0 2 1 2 2 1 2 10 0 0 10 1 3 2 7 4 2 1 1 2 6 2 1 0 1 3 10 3 3 2 2 10 1 2 1 0 1 4 4 6 0 2 3 3 0 2 0 1 0 0 3 0 0 0 1 2 2 2 1 0 5 2 1 1 2 2 2 1 0 0 0 2 1 0 1 0 4 0 0 2 2 2 0   20380
1371 10 5 0 4 1 1 1 0 8 10 1 10 2 2 2 5 0 0 2 1 2 2 1 2 10 0 0 10 1 3 2 7 4 2 1 1 2 6 2 1 0 1 3 10 3 4 2 2 10 1 2 1 0 1 4 4 6 0 2 4 3 0 2 0 1 0 0 4 0 0 0 1 2 2 2 1 0 5 2 1 1 2 2 2 1 0 0 0 2 1 0 1 0 4 0 0 2 2 2 0   20540
1375 10 5 0 4 1 1 1 0 8 10 1 10 2 2 2 5 0 0 2 1 2 2 1 2 10 0 0 10 1 3 2 7 4 2 1 1 2 6 2 1 0 1 3 10 3 4 2 2 10 1 2 1 0 1 4 4 6 0 2 4 3 0 2 0 1 0 0 4 0 0 0 2 2 2 2 1 0 5 2 1 2 2 2 2 1 0 0 0 2 2 0 1 0 4 0 0 2 2 2 0   20640
1378 10 5 0 4 1 1 1 0 8 10 1 10 2 2 2 5 0 0 2 1 2 2 1 2 10 0 0 10 1 3 2 7 4 2 1 1 2 6 2 1 0 1 3 10 3 4 2 2 10 1 2 1 0 1 4 4 6 0 2 4 3 0 2 0 1 0 0 4 0 0 0 3 2 2 2 1 0 5 2 1 2 2 2 2 1 0 0 0 2 2 0 1 0 4 0 0 3 2 2 0   20700
1385 10 5 0 4 1 1 1 0 8 10 1 10 2 2 2 5 0 0 2 1 2 2 1 2 10 0 0 10 1 3 2 7 4 2 1 1 2 6 2 1 0 1 3 10 3 4 2 2 10 1 2 1 0 1 4 4 6 0 2 4 3 0 2 0 1 0 0 4 0 1 0 3 2 2 2 1 0 5 2 1 2 2 2 2 1 0 1 0 2 2 0 1 0 4 0 0 3 2 2 0   20740
1388 10 5 0 4 1 1 1 0 8 10 1 10 2 2 2 5 0 0 2 1 2 2 1 2 10 0 1 10 1 3 2 7 4 2 1 1 2 6 2 1 0 1 3 10 3 4 2 2 10 1 2 1 0 2 4 4 6 0 2 4 3 1 2 0 1 0 0 4 0 1 0 3 2 2 2 1 0 5 2 1 2 2 2 2 1 0 1 0 2 2 0 1 0 4 0 0 3 2 2 0   20760
1404 10 5 0 4 1 1 1 0 8 10 1 10 2 2 2 5 0 0 2 1 2 2 1 2 10 0 1 10 1 3 2 7 4 2 1 1 2 6 2 1 0 1 3 10 3 4 2 2 10 1 2 2 0 2 4 4 6 0 2 4 3 1 2 0 1 0 0 4 0 1 0 3 2 2 2 2 0 5 2 1 2 2 2 2 1 0 1 0 2 2 0 1 0 4 0 0 3 2 2 0   21000
1410 10 5 0 4 1 1 1 0 8 10 1 10 2 2 2 5 0 0 2 2 2 2 1 2 10 0 1 10 1 3 2 7 4 2 1 2 2 6 2 1 0 1 3 10 3 4 2 2 10 1 2 2 0 2 4 4 6 0 2 4 3 1 2 0 1 0 0 4 0 1 0 3 2 2 2 2 0 5 2 1 2 2 2 2 1 0 1 0 2 2 0 1 0 4 0 0 3 2 2 0   21120
1413 10 5 0 4 1 1 1 0 8 10 1 10 2 2 2 5 0 0 2 2 2 2 1 2 10 0 1 10 1 3 2 7 4 2 1 2 2 6 2 1 0 1 3 10 3 4 2 2 10 1 2 2 1 2 4 4 6 0 2 4 3 1 2 0 1 0 0 4 0 1 0 3 2 2 2 2 0 5 2 1 2 2 2 2 1 0 1 0 2 2 0 1 1 4 0 0 3 2 2 0   21200
1420 10 5 0 4 1 1 1 0 8 10 1 10 2 2 2 5 0 0 2 2 2 2 1 2 10 0 1 10 1 4 2 7 4 2 1 2 2 6 2 1 0 1 3 10 3 4 2 2 10 1 2 2 1 2 4 4 6 0 2 4 3 1 2 0 1 0 0 4 0 1 0 3 2 2 2 2 0 5 2 1 2 2 2 2 1 0 1 0 2 2 0 1 1 4 0 0 3 2 2 0   21320
1423 10 5 0 4 1 1 1 0 8 10 1 10 2 2 2 5 0 0 2 2 2 2 1 2 10 0 1 10 1 4 2 7 4 2 1 3 2 6 2 1 0 1 3 10 3 4 2 2 10 1 2 2 1 2 4 4 6 0 2 4 3 1 2 0 1 0 0 4 0 1 0 3 2 2 2 3 0 5 2 1 2 2 2 2 1 0 1 0 2 2 0 1 1 4 0 0 3 2 2 0   21380
1429 10 5 0 4 1 1 1 0 8 10 1 10 2 2 2 5 0 0 2 2 2 2 1 2 10 0 1 10 1 4 2 7 4 2 1 3 2 6 2 1 0 1 3 10 3 4 2 2 10 1 2 2 1 2 4 4 6 0 2 4 3 1 2 0 1 0 0 4 0 1 0 3 2 2 2 3 0 6 2 1 2 2 2 2 1 0 1 0 2 2 0 1 1 4 0 0 3 2 2 0   21480
1431 10 5 0 4 1 1 1 0 8 10 1 10 2 2 2 5 0 0 2 2 2 2 1 2 10 0 1 10 1 5 2 7 4 2 1 3 2 6 2 1 0 1 3 10 3 4 2 2 10 1 2 2 1 2 4 4 6 0 2 4 3 1 2 0 1 0 0 4 0 1 0 3 2 2 2 3 0 6 2 1 2 2 2 2 1 0 1 0 2 2 0 1 1 4 0 0 3 2 2 0   21500
1434 10 5 0 4 1 1 1 0 8 10 1 10 2 2 2 5 0 0 2 2 2 2 1 2 10 0 1 10 1 5 2 7 4 2 1 3 2 6 2 1 0 1 3 10 3 4 2 2 10 1 2 2 1 2 4 4 6 0 2 4 3 1 2 1 1 0 0 4 0 1 0 3 2 2 2 3 0 6 2 1 2 2 2 2 1 0 1 0 2 2 1 1 1 4 0 0 3 2 2 0   21560
1447 10 5 0 4 1 1 1 0 8 10 1 10 2 2 2 5 0 0 2 2 2 2 1 2 10 0 1 10 1 5 2 7 4 2 1 3 2 6 2 1 0 1 3 10 3 4 2 2 10 1 2 3 1 2 4 4 6 0 2 4 3 1 2 1 1 0 0 4 0 1 0 3 2 2 2 3 0 6 2 1 2 2 2 2 1 0 1 0 2 2 1 1 1 4 0 0 3 2 2 0   21820
1448 10 5 0 4 1 1 1 0 8 10 1 10 2 2 2 5 0 0 2 2 2 2 1 2 10 0 1 10 1 5 2 7 4 2 1 3 2 6 2 1 0 1 3 10 3 4 2 2 10 1 2 3 1 2 4 4 6 0 2 4 3 1 2 1 1 0 0 4 0 1 0 3 2 2 2 3 0 7 2 1 2 2 2 2 1 0 1 0 2 2 1 1 1 4 0 0 3 2 2 0   21840
1459 10 5 0 4 1 1 1 0 8 10 1 10 2 2 2 5 0 0 2 2 2 2 1 2 10 0 1 10 1 5 2 7 4 2 1 3 2 6 2 1 0 1 3 10 3 4 2 2 10 1 2 4 1 2 4 4 6 0 2 4 3 1 2 1 1 0 0 4 0 1 0 3 2 2 2 3 0 7 2 1 2 2 2 2 1 0 1 0 2 2 1 1 1 4 0 0 3 2 2 0   21920
1466 10 5 0 4 1 1 1 0 8 10 1 10 2 2 2 5 0 0 2 2 2 3 1 2 10 0 1 10 1 5 2 7 4 2 1 3 2 6 3 1 0 1 3 10 3 4 2 2 10 1 2 4 1 2 4 4 6 0 2 4 3 1 2 1 1 0 0 4 0 1 0 3 2 2 2 3 0 7 2 1 2 2 2 2 1 0 1 0 2 2 1 1 1 4 0 0 3 2 2 0   21980
1471 10 5 0 4 1 1 1 0 8 10 2 10 2 2 2 5 0 0 2 2 2 3 1 2 10 0 1 10 2 5 2 7 4 2 1 3 2 6 3 1 0 1 3 10 3 4 2 2 10 1 2 4 1 2 4 4 6 0 2 4 3 1 2 2 1 0 0 4 0 1 0 3 2 2 2 3 0 7 2 1 2 2 2 2 1 0 1 0 2 2 1 1 2 4 0 0 3 2 2 0   22040
1472 10 5 0 4 1 1 1 0 8 10 2 10 2 2 2 5 0 0 2 2 2 3 1 2 10 0 1 10 2 5 2 7 4 2 1 3 2 6 3 1 0 2 3 10 3 4 2 2 10 1 2 4 1 2 4 4 6 0 2 4 3 1 2 2 1 0 0 4 0 1 0 3 2 2 2 3 0 7 2 1 2 2 2 2 1 0 1 0 2 2 1 1 2 4 0 0 3 2 2 0   22100
1473 10 5 0 4 1 1 1 0 8 10 2 10 2 2 2 5 0 0 2 2 2 3 1 2 10 0 1 10 2 5 2 7 4 2 1 3 2 6 3 1 0 3 3 10 3 4 2 2 10 1 2 4 1 2 4 4 6 0 2 4 3 1 2 2 1 0 0 4 0 1 0 3 2 2 2 3 0 7 2 1 2 2 2 2 1 0 1 0 2 2 1 1 2 4 0 0 3 2 2 0   22120
1483 10 5 0 4 1 1 1 0 8 10 2 10 2 2 2 5 0 0 2 2 2 3 1 2 10 0 1 10 3 5 2 7 4 2 1 3 2 6 3 1 0 3 3 10 3 4 2 2 10 1 2 4 1 2 4 4 6 0 3 4 3 1 2 3 1 0 0 4 0 1 0 3 2 2 2 3 0 7 2 1 3 2 2 2 1 0 1 0 2 2 1 1 2 4 0 0 3 2 2 0   22260
1484 10 5 0 4 1 1 1 0 8 10 2 10 2 2 2 5 0 0 2 2 2 3 1 2 10 0 1 10 3 5 2 7 4 2 1 3 2 6 3 1 0 4 3 10 3 4 2 2 10 1 2 4 1 2 4 4 6 0 3 4 3 1 2 3 1 0 0 4 0 1 0 3 2 2 2 3 0 7 2 1 3 2 2 2 1 0 1 0 2 2 1 1 2 4 0 0 3 2 2 0   22280
1485 10 5 0 4 1 1 1 0 8 10 2 10 2 2 2 5 0 0 2 2 2 3 1 2 10 0 1 10 3 5 2 7 4 2 1 3 2 6 3 1 0 5 3 10 3 4 2 2 10 1 2 4 1 2 4 4 6 0 3 4 3 1 2 3 1 0 0 4 0 1 0 3 2 2 2 3 0 7 2 1 3 2 2 2 1 0 1 0 2 2 1 1 2 4 0 0 3 2 2 0   22320
1487 10 5 0 4 1 1 1 0 8 10 2 10 2 2 2 5 0 0 2 2 2 3 1 2 10 0 1 10 3 5 2 7 4 2 1 3 2 6 3 1 0 7 3 10 3 4 2 2 10 1 2 4 1 2 4 4 6 0 3 4 3 1 2 3 1 0 0 4 0 1 0 3 2 2 2 3 0 7 2 1 3 2 2 2 1 0 1 0 2 2 1 1 2 4 0 0 3 2 2 0   22320
1488 10 5 0 4 1 1 1 0 8 10 2 10 2 2 2 5 0 0 2 2 2 3 1 2 10 0 1 10 3 5 2 7 4 2 1 3 2 6 3 1 0 8 3 10 3 4 2 2 10 1 2 4 1 2 4 4 6 0 3 4 3 1 2 3 1 0 0 4 0 1 0 3 2 2 2 3 0 7 2 1 3 2 2 2 1 0 1 0 2 2 1 1 2 4 0 0 3 2 2 0   22340
1489 10 5 0 4 1 1 1 0 8 10 2 10 2 2 2 5 0 0 2 2 2 3 1 2 10 0 1 10 3 5 2 7 4 2 1 3 2 6 3 1 0 9 3 10 3 4 2 2 10 1 2 4 1 2 4 4 6 0 3 4 3 1 2 3 1 0 0 4 0 1 0 3 2 2 2 3 0 7 2 1 3 2 2 2 1 0 1 0 2 2 1 1 2 4 0 0 3 2 2 0   22360
1500 10 5 0 4 1 1 1 0 8 10 2 10 2 2 2 5 0 0 2 2 2 3 1 2 10 0 1 10 3 5 2 7 4 2 1 3 2 6 3 1 0 10 3 10 3 4 2 2 10 1 2 4 1 2 4 4 6 0 3 4 3 1 2 3 1 0 0 4 0 1 0 3 2 2 2 3 0 7 2 1 3 2 2 2 1 0 1 0 2 2 1 1 2 4 0 0 3 2 2 0   22440
1503 10 5 0 4 1 1 1 0 8 10 2 10 2 2 2 5 0 0 2 2 2 3 1 2 10 0 1 10 3 5 2 7 4 2 2 3 2 6 3 1 0 10 3 10 3 4 2 2 10 1 2 4 1 2 4 4 6 0 3 4 3 1 2 3 1 0 0 4 0 1 0 3 2 2 2 3 0 7 2 1 3 2 2 2 1 0 1 0 2 2 1 1 2 4 0 0 3 2 2 0   22520
1507 10 5 0 4 1 1 1 0 8 10 2 10 2 2 2 5 0 0 2 2 2 3 1 2 10 0 1 10 3 5 2 7 5 2 2 3 2 6 3 1 0 10 3 10 3 4 2 2 10 1 2 4 1 2 4 4 6 0 3 4 3 1 2 3 1 0 0 4 0 1 0 3 2 2 2 3 0 7 2 1 3 2 2 2 1 0 1 0 2 2 1 1 2 4 0 0 3 2 2 0   22560
1515 10 5 0 4 1 1 1 0 8 10 2 10 2 2 2 5 0 0 2 2 2 3 1 2 10 0 1 10 4 5 2 7 5 2 2 3 2 6 3 1 0 10 3 10 3 4 2 2 10 1 2 4 1 2 4 4 6 0 3 4 3 1 2 3 1 0 0 4 0 1 0 3 2 2 2 3 0 7 2 1 3 3 2 2 1 0 1 0 2 2 1 1 2 4 0 0 3 2 2 0   22720
1527 10 5 0 4 1 1 1 0 8 10 2 10 2 2 2 5 0 0 2 2 2 3 1 2 10 0 1 10 4 5 2 7 5 2 2 3 2 6 3 1 0 10 3 10 3 4 2 2 10 1 2 4 1 2 4 4 6 0 3 4 3 1 2 3 1 0 0 4 1 1 0 3 2 2 2 3 0 7 2 1 3 3 2 2 1 0 1 0 2 2 1 1 2 4 0 0 3 2 2 0   22960
1535 10 5 0 4 1 1 1 0 8 10 2 10 2 2 2 5 0 0 2 2 2 3 1 2 10 0 1 10 4 5 2 7 6 2 2 3 2 6 3 1 0 10 3 10 3 4 2 2 10 1 2 4 1 2 4 4 6 0 3 4 3 1 2 3 1 0 0 4 1 1 0 3 2 2 2 3 0 7 2 1 3 3 2 2 1 0 1 0 2 2 1 1 2 4 0 0 3 2 2 0   23000
1538 10 5 0 4 1 1 1 0 8 10 2 10 2 2 2 5 0 0 2 2 2 4 1 2 10 0 1 10 4 5 2 7 6 2 2 3 2 6 3 1 0 10 3 10 3 4 2 2 10 1 2 4 1 2 4 4 6 0 3 4 3 1 2 3 1 0 0 4 1 1 0 3 2 2 2 3 0 7 2 1 4 3 2 2 1 0 1 0 2 2 1 1 2 4 0 0 3 2 2 0   23120
1543 10 5 0 4 1 1 1 0 8 10 2 10 2 2 2 5 0 0 2 2 2 4 1 2 10 0 1 10 4 5 2 7 6 2 2 3 2 6 3 1 0 10 3 10 3 4 3 2 10 1 2 4 1 2 4 4 6 0 3 4 3 1 2 3 1 0 0 4 1 1 0 3 2 2 2 3 0 7 2 1 4 3 2 2 1 0 1 0 2 2 1 1 2 4 0 0 3 2 2 0   23200
1549 10 5 0 4 1 1 1 0 8 10 2 10 2 2 2 5 0 0 2 2 2 4 1 2 10 0 1 10 4 5 2 7 6 2 2 3 2 6 3 1 0 10 3 10 3 4 4 2 10 1 2 4 1 2 4 4 6 0 3 4 3 1 2 3 1 0 0 4 1 1 0 3 2 2 2 3 0 7 2 1 4 3 2 2 1 0 1 0 2 2 1 1 2 4 0 0 3 2 2 0   23400
1562 10 5 0 4 1 1 1 0 8 10 2 10 2 2 2 5 0 0 2 2 2 4 1 2 10 0 1 10 4 5 2 7 6 2 2 3 2 6 3 1 0 10 3 10 3 4 4 2 10 1 2 4 1 2 4 4 6 0 3 4 3 1 2 3 1 0 0 4 1 1 0 3 2 2 2 3 0 8 2 1 4 3 2 2 1 0 1 0 2 2 1 1 2 4 0 0 3 2 2 0   23460
1563 10 6 0 4 1 1 1 0 8 10 2 10 2 2 2 5 0 0 2 2 2 4 1 2 10 0 1 10 4 5 2 7 6 2 2 3 2 6 3 1 0 10 3 10 3 4 4 2 10 1 2 4 1 2 4 4 6 0 3 4 3 1 2 3 1 0 0 4 1 1 0 3 2 2 2 3 0 8 2 1 4 3 2 2 1 0 1 0 2 2 1 1 2 4 0 0 3 2 2 0   23460
1571 10 7 0 4 1 1 1 0 8 10 2 10 2 2 2 5 0 0 2 2 2 4 1 2 10 0 1 10 4 5 2 7 6 2 2 3 2 6 3 1 0 10 3 10 3 4 4 2 10 1 2 4 1 2 4 4 6 0 3 4 3 1 2 3 1 0 0 4 1 1 0 3 2 2 2 3 0 8 2 1 4 3 2 2 1 0 1 0 2 2 1 1 2 4 0 0 3 2 2 0   23500
1578 10 8 0 4 1 1 1 0 8 10 2 10 2 2 2 5 0 0 2 2 2 4 1 2 10 0 1 10 4 5 2 7 6 2 2 3 2 6 3 1 0 10 3 10 3 4 4 2 10 1 2 4 1 2 4 4 6 0 3 4 3 1 2 3 1 0 0 4 1 1 0 3 2 2 2 3 0 8 2 1 4 3 2 2 1 0 1 0 2 2 1 1 2 4 0 0 3 2 2 0   23560
1580 10 8 0 4 1 1 1 0 8 10 2 10 2 2 2 5 0 0 2 2 2 4 1 2 10 0 1 10 4 5 2 7 6 2 2 3 2 6 3 1 1 10 3 10 3 4 4 2 10 1 2 4 1 2 4 4 6 0 3 4 3 1 2 3 1 0 0 4 1 1 0 3 2 2 2 3 0 8 2 1 4 3 2 2 1 0 1 0 2 2 1 1 2 4 0 0 3 2 2 0   23680
1583 10 8 0 4 1 1 1 0 8 10 2 10 2 2 2 5 0 0 2 2 2 4 1 2 10 0 1 10 4 5 2 7 6 2 2 3 2 6 3 1 1 10 3 10 3 4 4 2 10 1 2 4 1 2 4 4 6 0 3 4 3 1 2 3 1 0 0 4 1 1 0 3 2 2 2 3 0 8 2 1 4 3 2 3 1 0 1 0 2 2 1 1 2 4 0 0 3 2 2 0   23720
1608 10 8 0 4 1 1 1 0 8 10 2 10 2 2 2 5 0 0 2 3 2 4 1 2 10 0 1 10 4 5 2 7 6 2 2 3 2 6 3 1 1 10 3 10 3 4 4 2 10 1 2 4 1 2 4 4 6 0 3 4 3 1 2 3 1 0 0 4 1 1 0 3 2 2 2 3 0 8 2 1 4 3 2 3 1 0 1 0 2 2 1 1 2 4 0 0 3 2 2 0   24100
1611 10 8 0 4 1 1 1 0 8 10 2 10 2 2 2 5 0 0 3 3 2 4 1 2 10 0 1 10 4 5 2 7 6 2 2 3 2 6 3 1 1 10 3 10 3 4 4 2 10 1 2 4 1 2 4 4 6 0 3 4 3 1 2 3 1 0 0 4 1 1 0 3 2 2 2 3 0 8 2 1 4 3 2 3 1 0 1 0 2 2 1 1 2 4 0 0 3 2 2 0   24180
1628 10 8 0 4 1 1 1 0 8 10 2 10 2 2 2 5 0 0 3 3 2 4 1 2 10 0 1 10 4 5 2 7 7 2 2 3 2 6 3 1 1 10 3 10 3 4 4 2 10 1 2 4 1 2 4 4 6 0 3 4 3 1 2 3 1 0 0 4 1 1 0 3 2 2 2 3 0 8 2 1 4 3 2 3 1 0 1 0 2 2 1 1 2 4 0 0 3 2 2 0   24420
1632 10 9 0 4 1 1 1 0 8 10 2 10 2 2 2 5 0 0 3 3 2 4 1 2 10 0 1 10 4 5 2 7 7 2 2 3 2 6 3 1 1 10 3 10 3 4 4 2 10 1 2 4 1 2 4 4 6 0 3 4 3 1 2 3 1 0 0 4 1 1 0 3 2 2 2 3 0 8 2 1 4 3 2 3 1 0 1 0 2 2 1 1 2 4 0 0 3 2 2 0   24480
1636 10 9 0 4 1 1 1 0 8 10 2 10 2 2 2 5 0 0 3 3 2 4 1 2 10 0 1 10 4 5 2 7 7 2 2 3 2 6 3 1 1 10 3 10 4 4 4 2 10 1 2 4 1 2 4 4 6 0 3 4 3 1 2 4 1 0 0 4 1 1 0 3 2 2 2 3 0 8 2 1 4 3 2 3 1 0 1 0 2 2 1 1 2 4 0 0 3 2 2 0   24520
1645 10 9 0 4 1 1 1 0 8 10 2 10 2 2 2 5 0 0 3 3 3 4 1 2 10 0 1 10 4 5 2 7 7 2 2 3 2 6 3 1 1 10 3 10 4 4 4 2 10 1 2 4 1 2 4 4 6 0 3 4 3 1 2 4 1 0 0 4 1 1 0 3 2 2 2 3 0 8 2 1 4 3 2 3 1 0 1 0 2 2 1 1 2 4 0 0 3 2 2 0   24680
1649 10 9 0 4 1 1 1 0 8 10 2 10 2 2 2 5 0 0 3 3 3 4 1 2 10 0 1 10 4 5 2 7 8 2 2 3 2 6 3 1 1 10 3 10 4 4 4 2 10 1 2 4 1 2 4 4 6 0 3 4 3 1 2 4 1 0 0 4 1 1 0 3 2 2 2 3 0 8 2 1 4 3 2 3 1 0 1 0 2 2 1 1 2 4 0 0 3 2 2 0   24820
1664 10 9 0 4 1 1 1 0 8 10 2 10 2 2 2 5 0 0 4 3 3 4 1 2 10 0 1 10 4 5 2 7 8 2 2 3 2 6 3 1 1 10 3 10 4 4 4 2 10 1 2 4 1 2 4 4 6 0 3 4 3 1 2 4 1 0 0 4 1 1 0 3 2 2 2 3 0 8 2 1 4 3 2 3 1 0 1 0 2 2 1 1 2 4 0 0 3 2 2 0   25000
1672 10 9 0 4 1 1 1 0 8 10 2 10 2 2 2 5 0 0 4 3 3 4 1 2 10 0 1 10 4 5 2 7 8 2 2 3 2 6 3 1 1 10 3 10 4 4 4 2 10 1 2 4 1 2 4 4 6 0 3 4 3 1 2 4 1 0 0 4 1 1 0 3 2 2 2 3 0 8 2 1 4 3 2 3 1 0 1 0 2 2 1 1 2 4 0 0 4 2 2 0   25140
1673 10 9 0 4 1 1 1 0 8 10 2 10 2 2 2 5 0 0 4 3 3 4 1 2 10 0 1 10 4 5 2 7 8 2 2 3 2 6 3 1 1 10 3 10 4 4 4 2 10 1 2 4 1 2 4 4 6 0 3 4 3 1 2 4 1 0 0 4 1 2 0 3 2 2 2 3 0 8 2 1 4 3 2 3 1 0 1 0 2 2 1 1 2 4 0 0 4 2 2 0   25160
1680 10 9 0 4 1 1 1 0 8 10 2 10 2 2 2 5 0 0 4 3 3 4 1 2 10 0 1 10 4 5 2 7 8 2 2 3 2 6 3 1 1 10 3 10 4 4 4 2 10 1 2 4 1 2 4 4 6 0 3 4 3 1 2 4 1 0 0 4 1 2 0 3 2 2 2 3 0 8 2 1 5 3 2 3 1 0 1 0 2 2 1 1 2 4 0 0 4 2 2 0   25180
1688 10 9 0 4 1 1 1 0 8 10 2 10 2 2 2 5 0 0 4 3 3 4 1 2 10 0 1 10 4 5 2 7 8 2 2 3 2 6 3 1 1 10 3 10 5 4 4 2 10 1 2 4 1 2 4 5 6 0 3 4 3 1 2 4 1 0 1 4 1 2 1 3 2 2 2 3 0 8 2 1 5 3 2 3 1 0 1 0 2 2 1 1 2 4 0 0 4 2 2 0   25260
1691 10 9 0 4 1 1 1 0 8 10 2 10 2 2 2 5 0 0 4 3 3 4 1 2 10 0 1 10 4 5 2 7 8 2 2 3 2 6 3 1 1 10 3 10 5 4 5 2 10 1 2 4 1 2 4 5 6 0 3 4 3 1 2 4 1 0 1 4 1 3 1 3 2 2 2 3 0 8 2 1 5 3 2 3 1 0 1 0 2 2 1 1 2 4 0 0 5 2 2 0   25280
1693 10 9 0 4 1 1 1 0 8 10 2 10 2 2 2 5 0 0 4 3 3 4 1 2 10 0 1 10 4 5 2 7 8 2 2 3 2 6 3 1 1 10 3 10 5 4 5 2 10 2 2 4 1 2 4 5 6 0 3 4 3 1 2 4 1 0 1 4 1 3 1 3 2 2 2 3 0 8 2 1 5 3 2 3 1 0 1 0 2 2 1 1 2 4 0 0 5 2 2 0   25340
1708 10 9 0 4 1 1 1 0 8 10 2 10 2 2 2 5 0 0 5 3 3 4 1 2 10 0 1 10 4 5 2 7 8 2 2 3 2 6 3 1 1 10 3 10 5 4 5 2 10 2 2 4 1 2 4 5 6 0 3 4 3 1 2 4 1 0 1 4 1 3 1 3 2 2 2 3 0 8 2 1 5 3 2 3 1 0 1 0 2 2 1 1 2 4 0 0 5 2 2 0   25500
1718 10 9 0 4 1 1 1 0 8 10 2 10 2 2 2 5 0 0 5 4 3 4 1 2 10 0 1 10 4 5 2 7 8 2 2 3 2 6 3 1 1 10 3 10 5 4 5 2 10 2 2 4 1 2 4 5 6 0 3 4 3 1 2 4 1 0 1 4 1 3 1 3 2 2 2 3 0 8 2 1 5 3 2 3 1 0 1 0 2 2 1 1 2 4 0 0 5 2 2 0   25700
1721 10 9 0 4 1 1 1 0 8 10 2 10 2 2 2 5 0 0 5 4 3 4 1 2 10 0 1 10 4 5 2 7 9 2 2 3 2 6 3 1 1 10 3 10 5 4 5 2 10 2 2 4 1 2 4 5 6 0 3 4 3 1 2 4 1 0 1 4 1 3 1 3 2 2 2 3 0 8 2 1 5 3 2 3 1 0 1 0 2 2 1 1 2 4 0 0 5 2 2 0   25720
1729 10 9 0 4 1 1 1 0 8 10 2 10 2 2 2 5 0 0 5 4 3 4 1 2 10 0 1 10 4 5 2 7 9 2 2 3 2 6 3 1 1 10 3 10 5 4 6 2 10 2 2 4 1 2 4 5 6 0 3 4 3 1 2 4 1 0 1 4 1 3 1 3 2 2 2 3 0 8 2 1 5 3 2 3 1 0 1 0 2 2 1 1 2 4 0 0 6 2 2 0   25820
1738 10 9 0 4 1 1 1 0 8 10 2 10 2 2 2 5 0 0 6 4 3 4 1 2 10 0 1 10 4 5 2 7 9 2 2 3 2 6 3 1 1 10 3 10 5 4 6 2 10 2 2 4 1 2 4 5 6 0 3 4 3 1 2 4 1 0 1 4 1 3 1 3 2 2 2 3 0 8 2 1 5 3 2 3 1 0 1 0 2 2 1 1 2 4 0 0 6 2 2 0   25960
1745 10 9 0 4 1 1 1 0 8 10 2 10 2 2 2 5 0 0 6 4 3 4 1 2 10 0 1 10 4 5 2 7 9 2 2 3 2 6 3 1 1 10 4 10 5 4 6 2 10 2 2 4 1 2 4 5 6 0 3 4 3 1 2 4 1 0 1 4 1 3 1 3 2 2 2 3 0 8 2 1 5 3 2 3 1 0 1 0 2 2 1 1 2 4 0 0 6 2 2 0   26020
1746 10 9 0 4 1 1 1 0 8 10 2 10 2 2 2 5 0 0 6 4 3 4 1 2 10 0 1 10 4 5 2 7 9 2 2 3 2 6 3 1 1 10 4 10 5 4 6 2 10 3 2 4 1 2 4 5 6 0 3 4 3 1 2 4 1 0 1 4 1 3 1 3 2 2 2 3 0 8 2 1 5 3 2 3 1 0 1 0 2 2 1 1 2 4 0 0 6 2 2 0   26020
1752 10 9 0 4 1 1 1 0 8 10 2 10 2 2 2 5 0 0 6 4 3 4 1 2 10 0 1 10 4 5 2 7 10 2 2 3 2 6 3 1 1 10 4 10 5 4 6 2 10 3 2 4 1 2 4 5 6 0 3 4 3 1 2 4 1 0 1 4 1 3 1 3 2 2 2 3 0 8 2 1 5 3 2 3 1 0 1 0 2 2 1 1 2 4 0 0 6 2 2 0   26120
1757 10 9 0 4 1 1 1 0 8 10 2 10 2 2 2 5 0 0 6 4 3 4 1 2 10 0 1 10 4 5 2 7 10 3 2 3 2 6 3 1 1 10 4 10 5 4 6 2 10 3 2 4 1 2 4 5 6 0 3 4 3 1 2 4 1 0 1 4 1 3 1 3 2 2 2 3 0 8 2 1 5 3 2 3 1 0 1 0 2 2 1 1 2 4 0 0 6 2 2 0   26180
1761 10 10 0 4 1 1 1 0 8 10 2 10 2 2 2 5 0 0 6 4 3 4 1 2 10 0 1 10 4 5 2 7 10 3 2 3 2 6 3 1 1 10 4 10 5 4 6 2 10 3 2 4 1 2 4 5 6 0 3 4 3 1 2 4 1 0 1 4 1 3 1 3 2 2 2 3 0 8 2 1 5 3 2 3 1 0 1 0 2 2 1 1 2 4 0 0 6 2 2 0   26200
1762 10 10 0 5 1 1 1 0 8 10 2 10 2 2 2 5 0 0 6 5 3 4 1 2 10 0 1 10 4 5 2 7 10 3 2 3 2 6 3 1 1 10 4 10 5 4 6 2 10 3 2 4 1 2 4 5 6 0 3 4 3 1 2 4 1 0 1 4 1 3 1 3 2 2 2 3 0 8 2 1 5 3 2 3 1 0 1 0 2 2 1 1 2 4 0 0 6 2 2 0   26280
1775 10 10 0 5 1 1 1 0 8 10 2 10 2 2 2 5 0 0 6 5 3 4 1 2 10 0 1 10 4 5 3 7 10 3 2 3 2 6 3 1 1 10 4 10 5 4 6 2 10 3 2 4 1 2 4 5 6 0 3 4 3 1 2 4 1 0 1 4 1 3 1 3 2 2 2 3 0 8 2 1 5 3 2 3 1 0 1 0 2 2 1 1 2 4 0 0 6 2 2 0   26580
1777 10 10 0 5 1 1 1 0 8 10 2 10 2 2 2 5 0 0 6 5 3 4 1 2 10 0 1 10 4 5 3 7 10 4 2 3 2 6 3 1 1 10 4 10 5 4 6 2 10 3 2 4 1 2 4 5 6 0 3 4 3 1 2 4 1 0 1 4 1 3 1 3 2 2 2 3 0 8 2 1 5 3 2 3 1 0 1 0 2 2 1 1 2 4 0 0 6 2 2 0   26620
1781 10 10 0 5 1 2 1 0 8 10 2 10 2 2 2 5 0 0 6 5 3 4 1 2 10 0 1 10 4 5 3 7 10 4 2 3 2 6 3 1 1 10 4 10 5 4 6 2 10 3 2 4 1 2 4 5 6 0 3 4 3 1 2 4 1 0 1 4 1 3 1 3 2 2 2 3 0 8 2 1 5 3 2 3 1 0 1 0 2 2 1 1 2 4 0 0 6 2 2 0   26640
1787 10 10 0 5 1 2 1 1 8 10 2 10 2 2 2 5 0 0 6 5 3 4 1 2 10 0 1 10 4 5 3 7 10 4 2 3 2 6 3 1 1 10 4 10 5 4 6 2 10 3 2 4 1 2 4 5 6 0 3 4 3 1 2 4 1 0 1 4 1 3 1 3 2 2 2 3 0 8 2 1 5 3 2 3 1 0 1 0 2 2 1 1 2 4 0 0 6 2 2 0   26640
1800 10 10 0 5 1 2 1 1 8 10 2 10 2 2 2 5 0 0 6 5 3 4 1 2 10 0 1 10 4 5 3 7 10 4 2 3 2 6 3 1 1 10 4 10 5 4 6 2 10 3 2 4 1 2 4 5 6 0 3 4 3 1 2 4 1 0 1 4 1 3 2 3 2 2 2 3 0 8 2 1 5 3 2 3 1 0 1 0 2 2 1 1 2 4 0 0 6 2 2 0   26920
1821 10 10 0 5 1 2 1 1 8 10 2 10 2 3 2 5 0 0 6 5 3 4 1 2 10 0 1 10 4 5 3 7 10 4 2 3 2 6 3 1 1 10 4 10 5 4 6 2 10 3 2 4 1 2 4 5 6 0 3 4 3 1 2 4 1 0 1 4 1 3 2 3 2 2 2 3 0 8 2 1 5 3 2 3 1 0 1 0 2 2 1 1 2 4 0 0 6 2 2 0   27200
1827 10 10 0 5 1 2 1 1 8 10 2 10 2 4 2 5 0 0 6 5 3 4 1 2 10 0 1 10 4 5 3 7 10 4 2 3 2 6 3 1 1 10 4 10 5 4 6 2 10 3 2 4 1 2 4 5 6 0 3 4 3 1 2 4 1 0 1 4 1 3 2 3 2 2 2 3 0 8 2 1 5 3 2 3 1 0 1 0 2 2 1 1 2 4 0 0 6 2 2 0   27240
1834 10 10 0 5 1 2 1 1 8 10 2 10 2 5 2 5 0 0 6 5 3 4 1 2 10 0 1 10 4 5 3 7 10 4 2 3 2 6 3 1 1 10 4 10 5 4 6 2 10 3 2 4 1 2 4 5 6 0 3 4 3 1 2 4 1 0 1 4 1 3 2 3 2 2 2 3 0 8 2 1 5 3 2 3 1 0 1 0 2 2 1 1 2 4 0 0 6 2 2 0   27380
1836 10 10 0 5 1 2 1 1 8 10 2 10 3 5 2 5 0 0 6 5 3 4 1 2 10 0 1 10 4 5 3 7 10 4 2 3 2 6 3 1 1 10 4 10 5 4 6 2 10 3 2 4 1 2 4 5 6 0 3 4 3 1 2 4 1 0 1 4 1 3 2 3 2 2 2 3 0 8 2 1 5 3 2 3 1 0 1 0 2 2 1 1 2 4 0 0 6 2 2 0   27460
1840 10 10 0 5 1 2 1 1 8 10 2 10 3 5 2 5 1 1 6 5 3 4 1 2 10 0 1 10 4 5 3 7 10 4 2 3 2 6 3 1 1 10 4 10 5 4 6 2 10 3 2 4 1 2 4 5 6 0 3 4 3 1 2 4 1 0 1 4 1 3 2 3 2 2 2 3 0 8 2 1 5 3 2 3 1 0 1 0 2 2 1 1 2 4 1 0 6 2 2 0   27480
1853 10 10 0 5 1 2 1 1 8 10 2 10 3 5 2 5 2 1 6 5 3 4 1 2 10 0 2 10 4 5 3 7 10 4 2 3 2 6 3 1 1 10 4 10 5 4 6 2 10 3 2 4 1 2 4 5 6 0 3 4 3 1 2 4 1 0 2 4 1 3 2 3 2 2 2 3 0 8 2 1 5 3 2 3 1 0 1 0 2 2 1 1 2 4 2 0 6 2 2 0   27740
1857 10 10 0 5 1 2 1 1 8 10 2 10 3 5 2 5 2 1 6 5 3 4 1 2 10 0 2 10 4 6 3 7 10 4 2 3 2 6 3 1 1 10 4 10 5 4 7 2 10 3 2 4 1 2 4 5 6 0 3 4 3 1 2 4 1 0 2 4 1 3 2 3 2 2 2 3 0 8 2 1 5 3 2 3 1 0 1 0 2 2 1 1 2 4 2 0 6 2 2 0   27800
1864 10 10 0 5 1 2 1 1 8 10 2 10 3 5 2 5 2 1 6 5 3 4 1 2 10 0 2 10 4 6 3 7 10 4 2 3 2 6 3 1 1 10 4 10 5 4 8 2 10 3 2 4 1 2 4 5 6 0 3 4 3 1 2 4 1 0 2 4 1 3 2 3 2 2 2 3 0 8 2 1 5 3 2 3 1 0 1 0 2 2 1 1 2 4 2 0 6 2 2 0   27940
1866 10 10 0 5 1 2 1 1 8 10 2 10 3 5 2 5 3 1 6 5 3 4 1 2 10 0 3 10 4 6 3 7 10 4 2 3 2 6 3 1 1 10 4 10 5 4 8 2 10 3 2 4 1 2 4 5 6 0 3 4 3 1 2 4 1 0 3 4 1 3 2 3 2 2 2 3 0 8 2 1 5 3 2 3 1 0 1 0 2 2 1 1 3 4 3 0 6 2 2 0   27960
1870 10 10 0 5 1 2 1 1 8 10 2 10 3 5 2 5 3 1 6 5 3 4 1 2 10 0 3 10 4 6 3 7 10 4 2 3 2 6 3 1 1 10 4 10 5 4 9 2 10 3 2 4 1 2 4 5 6 0 3 4 3 1 2 4 1 0 3 4 1 3 2 3 2 2 2 3 0 8 2 1 5 3 2 3 1 0 1 0 2 2 1 1 3 4 3 0 6 2 2 0   28040
1872 10 10 0 5 1 2 1 1 9 10 2 10 3 5 2 5 3 1 6 5 3 4 1 2 10 0 3 10 4 6 3 7 10 4 2 3 2 6 3 1 1 10 4 10 5 4 9 2 10 3 2 4 1 2 4 5 6 0 3 4 3 1 2 4 1 0 3 4 1 3 2 3 2 2 2 3 0 8 2 1 5 3 2 3 1 0 1 0 2 2 1 1 3 4 3 0 6 2 2 0   28080
1875 10 10 0 5 1 2 1 1 10 10 2 10 3 5 2 5 3 1 6 5 3 4 1 2 10 0 3 10 4 6 3 7 10 4 2 3 2 6 3 1 1 10 4 10 5 4 9 2 10 3 2 4 1 2 4 5 6 0 3 4 3 1 2 4 1 0 3 4 1 3 2 3 2 2 2 3 0 8 2 1 5 3 2 3 1 0 1 0 2 2 1 1 3 4 3 0 6 2 2 0   28100
1881 10 10 0 5 1 2 1 1 10 10 2 10 3 5 2 5 3 1 6 5 3 4 2 2 10 0 3 10 4 6 3 7 10 4 2 3 2 6 3 1 1 10 4 10 5 4 9 2 10 3 2 4 1 2 4 5 6 0 3 4 3 1 2 4 1 0 3 4 1 3 2 3 2 2 2 3 0 8 2 1 5 3 2 3 1 0 1 0 2 2 1 1 3 4 3 0 6 2 2 0   28180
1888 10 10 0 5 1 2 1 1 10 10 2 10 3 5 3 5 3 1 6 5 3 4 3 2 10 0 3 10 4 6 3 7 10 4 2 3 2 6 3 1 1 10 4 10 5 4 9 2 10 3 2 4 1 2 4 5 6 0 3 4 3 1 2 4 1 0 3 4 1 3 2 3 2 2 2 3 0 8 2 1 5 3 2 3 1 0 1 0 2 2 1 1 3 4 3 0 6 2 2 0   28400
1896 10 10 0 5 1 2 1 1 10 10 2 10 3 5 3 5 3 1 6 5 3 4 3 2 10 0 3 10 4 6 3 7 10 4 2 3 2 6 3 1 1 10 4 10 5 4 10 2 10 3 2 4 1 2 4 5 6 0 3 4 3 1 2 4 1 0 3 4 1 3 2 3 2 2 2 3 0 8 2 1 5 3 2 3 1 0 1 0 2 2 1 1 3 4 3 0 6 2 2 0   28560
1923 10 10 0 5 1 2 1 1 10 10 2 10 3 5 3 5 3 1 6 5 3 4 3 2 10 0 3 10 4 6 3 7 10 4 2 3 2 6 3 1 1 10 4 10 5 4 10 2 10 3 2 4 1 2 4 5 6 0 3 4 3 1 2 4 1 0 3 4 1 3 2 3 2 2 2 3 0 8 2 1 5 3 2 3 1 0 1 0 2 2 1 2 3 4 3 0 6 2 2 0   28920
1930 10 10 0 5 1 2 1 1 10 10 2 10 3 5 4 5 3 1 6 5 3 4 3 2 10 0 3 10 4 6 3 7 10 4 2 4 2 6 3 1 1 10 4 10 5 4 10 2 10 4 2 4 1 2 4 5 6 0 3 4 3 1 2 4 1 0 3 4 1 3 2 3 2 2 2 3 0 8 2 1 5 3 2 3 1 0 1 0 2 2 1 2 3 4 3 0 6 2 2 0   28960
1940 10 10 0 5 1 2 1 1 10 10 2 10 3 5 4 5 3 1 6 5 3 4 3 2 10 0 3 10 4 6 3 7 10 4 2 4 2 6 3 1 1 10 5 10 5 4 10 2 10 4 2 4 1 2 4 5 6 0 3 4 3 1 2 4 1 0 3 4 1 3 2 3 2 2 2 3 0 8 2 1 5 3 2 3 1 0 1 0 2 2 1 2 3 4 3 0 6 2 2 0   29140
1941 10 10 0 5 1 2 1 1 10 10 2 10 3 5 4 5 3 1 6 5 3 4 3 2 10 0 3 10 4 7 3 7 10 4 2 4 2 6 3 1 1 10 5 10 5 4 10 2 10 4 2 4 1 2 4 5 6 0 3 4 3 1 2 4 1 0 3 4 1 3 2 3 2 2 2 3 0 8 2 1 5 3 2 3 1 0 1 0 2 2 1 2 3 4 3 0 6 2 2 0   29160
1949 10 10 0 5 1 2 1 1 10 10 2 10 3 5 4 5 3 1 6 5 3 4 3 2 10 0 3 10 4 7 3 7 10 4 2 5 2 6 3 1 1 10 5 10 5 4 10 2 10 4 2 4 1 2 4 5 6 0 3 4 3 1 2 4 1 0 3 4 1 3 2 3 2 2 2 3 0 8 2 1 5 3 2 3 1 0 1 0 2 2 1 2 3 4 3 0 6 2 2 0   29320
1950 10 10 0 6 1 2 1 1 10 10 2 10 3 5 4 5 3 1 6 5 3 4 3 2 10 0 3 10 4 7 3 7 10 4 2 5 2 6 3 1 1 10 5 10 5 4 10 2 10 4 2 4 1 2 4 5 6 0 3 4 3 1 2 4 1 0 3 4 1 3 2 3 2 2 2 3 0 8 2 1 5 3 2 3 1 0 1 0 2 2 1 2 3 4 3 0 6 2 2 0   29340
1967 10 10 0 6 1 2 1 1 10 10 2 10 3 5 4 5 3 1 7 5 3 4 3 2 10 0 3 10 4 7 3 7 10 4 2 5 2 6 3 1 1 10 5 10 5 4 10 2 10 4 2 4 1 2 4 5 6 0 3 4 3 1 2 4 1 0 3 4 1 3 2 3 2 2 2 3 0 8 2 1 5 3 2 3 1 0 1 0 2 2 1 2 3 4 3 0 6 2 2 0   29600
1969 10 10 0 6 1 2 1 1 10 10 2 10 3 5 4 5 3 1 7 5 3 4 3 2 10 0 3 10 4 8 3 7 10 4 2 5 2 6 3 1 1 10 5 10 5 4 10 2 10 4 2 4 1 2 4 5 6 0 3 4 3 1 2 4 1 0 3 4 1 3 2 3 2 2 2 3 0 8 2 1 5 3 2 3 1 0 1 0 2 2 1 2 3 4 3 0 6 2 2 0   29600
1972 10 10 0 6 1 2 1 1 10 10 2 10 3 5 4 5 3 1 7 5 3 4 3 2 10 0 3 10 4 8 3 7 10 4 2 5 2 6 3 1 1 10 5 10 5 4 10 2 10 4 2 4 1 2 4 5 6 0 3 4 3 1 2 4 1 0 3 4 1 3 2 3 2 2 2 3 0 8 3 1 5 3 2 3 1 0 1 0 2 2 1 2 3 4 3 0 6 2 2 0   29640
1987 10 10 0 6 1 2 1 1 10 10 2 10 3 5 4 5 3 1 7 5 3 4 3 2 10 0 3 10 4 8 4 7 10 4 2 5 2 6 3 1 1 10 5 10 5 4 10 2 10 4 2 4 1 2 4 5 6 0 3 4 3 1 2 4 1 0 3 4 1 3 2 3 2 2 2 3 0 8 3 1 5 3 2 3 1 0 1 0 2 2 1 2 3 4 3 0 6 2 2 0   29820
1993 10 10 0 6 1 2 1 1 10 10 2 10 3 5 4 5 3 1 7 5 3 4 3 2 10 0 3 10 4 8 5 7 10 4 2 5 2 6 3 1 1 10 5 10 5 4 10 2 10 5 2 4 1 2 4 5 6 0 3 4 3 1 2 4 1 0 3 4 1 3 2 3 2 2 2 3 0 8 3 1 5 3 2 3 1 0 1 0 2 2 1 2 3 4 3 0 6 2 2 0   29880
1994 10 10 0 6 1 3 1 1 10 10 2 10 3 5 4 5 3 1 7 5 3 4 3 2 10 0 3 10 4 8 5 7 10 4 2 5 2 6 3 1 1 10 5 10 5 4 10 2 10 5 2 4 1 2 4 5 6 0 3 4 3 1 2 4 1 0 3 4 1 3 2 3 2 2 2 3 0 8 3 1 5 3 2 3 1 0 1 0 2 2 1 2 3 4 3 0 6 2 2 0   29880
1999 10 10 0 6 1 3 1 1 10 10 2 10 3 5 4 5 3 1 7 5 3 4 3 2 10 0 3 10 4 9 5 7 10 4 2 5 2 6 3 1 1 10 5 10 5 4 10 2 10 5 2 4 1 2 4 5 6 0 3 4 3 1 2 4 1 0 3 4 1 3 2 3 2 2 2 3 0 8 3 1 5 3 2 3 1 0 1 0 2 2 1 2 3 4 3 0 6 2 2 0   30040
2001 10 10 0 7 1 3 1 1 10 10 2 10 3 6 4 5 3 1 7 5 3 4 3 2 10 0 3 10 4 9 5 7 10 4 2 5 2 6 3 1 1 10 5 10 5 4 10 2 10 5 2 4 1 2 4 5 6 0 3 4 3 1 2 4 1 0 3 4 1 3 2 3 2 2 2 3 0 8 3 1 5 3 2 3 1 0 1 0 2 2 1 2 3 4 3 0 6 2 2 0   30100
2012 10 10 1 7 1 3 1 1 10 10 2 10 3 6 4 5 3 1 7 5 3 4 3 2 10 0 3 10 4 9 5 7 10 4 2 5 2 6 3 1 1 10 5 10 5 4 10 2 10 5 2 4 1 2 4 5 6 0 3 4 3 1 2 4 1 1 3 4 1 3 2 3 2 2 2 3 0 8 3 1 5 3 2 3 1 0 1 0 2 2 1 2 3 4 3 0 6 2 2 0   30260
2014 10 10 1 7 1 3 1 1 10 10 2 10 3 6 4 5 3 1 7 5 3 4 3 2 10 0 3 10 4 9 5 8 10 4 2 5 2 6 3 1 1 10 5 10 5 4 10 2 10 5 2 4 1 2 4 5 6 0 3 4 3 1 2 4 1 1 3 4 1 3 2 3 2 2 2 3 0 8 3 1 5 3 2 3 1 0 1 0 2 2 1 2 3 4 3 0 6 2 2 0   30280
2018 10 10 1 7 1 3 1 1 10 10 2 10 3 6 4 5 3 1 7 5 3 4 4 2 10 0 3 10 4 9 5 8 10 4 2 5 2 6 3 1 1 10 5 10 5 4 10 2 10 5 2 4 1 2 4 5 6 0 3 4 3 1 2 4 1 1 3 4 1 3 2 3 2 2 2 3 0 8 3 1 5 3 2 3 1 0 1 0 2 2 1 2 3 4 3 0 6 2 2 0   30300
2029 10 10 1 7 1 3 1 1 10 10 2 10 3 6 4 5 3 1 7 5 3 4 5 2 10 0 3 10 4 9 5 8 10 4 2 5 2 6 3 1 1 10 5 10 5 4 10 2 10 5 2 4 1 2 4 5 6 0 3 4 3 1 2 4 1 1 3 4 1 3 2 3 2 2 2 3 0 8 3 1 5 3 2 3 1 0 1 0 2 2 1 2 3 4 3 0 6 2 2 0   30540
2030 10 10 1 7 1 3 1 1 10 10 2 10 3 6 4 5 3 1 7 5 3 4 6 2 10 0 3 10 4 9 5 8 10 4 2 5 2 6 3 1 1 10 5 10 5 4 10 2 10 5 2 4 1 2 4 5 6 0 3 4 3 1 2 4 1 1 3 4 1 3 2 3 2 2 2 3 0 8 3 1 5 3 2 3 1 0 1 0 2 2 1 2 3 4 3 0 6 2 2 0   30560
2031 10 10 1 7 1 3 1 1 10 10 2 10 3 6 4 5 3 1 7 5 3 4 6 2 10 0 3 10 4 9 5 8 10 4 2 5 2 6 3 1 1 10 5 10 5 4 10 2 10 5 2 4 2 2 4 5 6 0 3 4 3 1 2 4 1 2 3 4 1 3 2 3 2 2 2 3 0 8 3 1 5 3 2 3 1 0 1 0 2 2 1 2 3 4 3 0 6 2 2 0   30580
2033 10 10 1 7 1 3 1 1 10 10 2 10 3 6 4 5 3 1 7 5 3 4 6 2 10 0 3 10 4 10 5 8 10 4 2 5 2 6 3 1 1 10 5 10 5 4 10 2 10 5 2 4 2 2 4 5 6 0 3 4 3 1 2 4 1 2 3 4 1 3 2 3 2 2 2 3 0 8 3 1 5 3 2 3 1 0 1 0 2 2 1 2 3 4 3 0 6 2 2 0   30600
2039 10 10 1 7 1 3 1 1 10 10 2 10 3 6 4 5 3 1 7 5 3 4 6 2 10 0 3 10 4 10 5 8 10 4 2 5 2 6 3 1 1 10 5 10 5 4 10 2 10 5 2 4 2 2 4 5 6 0 3 4 3 1 2 4 1 2 3 5 1 3 2 3 2 2 2 3 0 8 3 1 5 3 2 3 1 0 1 0 2 2 1 2 3 4 3 0 6 2 2 0   30740
2051 10 10 1 7 1 3 1 1 10 10 2 10 3 6 4 5 3 1 7 5 3 4 6 2 10 0 3 10 4 10 5 9 10 4 2 5 2 6 3 1 1 10 5 10 5 4 10 2 10 5 2 4 2 2 4 5 6 0 3 4 3 1 2 4 1 2 3 5 1 3 2 3 2 2 2 3 0 8 3 1 5 3 2 3 1 0 1 0 2 2 1 2 3 4 3 0 6 2 2 0   30880
2075 10 10 1 7 1 3 1 1 10 10 2 10 4 6 4 5 3 1 7 5 3 4 6 2 10 0 3 10 4 10 5 9 10 4 2 5 2 6 3 1 1 10 5 10 5 4 10 2 10 5 2 4 2 2 4 5 6 0 3 4 3 1 2 4 1 2 4 5 1 3 2 3 2 3 2 3 0 8 3 1 5 3 2 3 1 0 1 0 2 2 1 2 3 4 3 0 6 2 2 0   31180
2081 10 10 1 7 1 3 1 1 10 10 2 10 4 6 4 5 3 1 7 5 3 4 6 2 10 0 3 10 4 10 5 9 10 4 2 5 2 6 3 1 1 10 5 10 5 4 10 2 10 5 2 4 2 2 4 5 6 0 4 4 3 1 2 4 1 2 4 5 1 3 2 3 2 3 2 3 0 8 3 1 5 3 2 3 1 0 1 0 2 2 1 2 3 4 3 0 6 2 2 0   31280
2089 10 10 1 7 1 3 1 1 10 10 2 10 4 6 4 5 3 1 7 5 3 4 6 2 10 0 3 10 4 10 5 9 10 4 2 5 2 6 3 1 1 10 5 10 5 4 10 2 10 5 2 4 2 2 4 5 6 0 4 4 3 1 2 4 1 2 4 5 1 3 2 3 2 4 2 3 0 8 4 1 5 3 2 3 1 0 1 0 2 2 1 2 3 4 3 0 6 2 2 0   31400
2097 10 10 1 7 1 3 1 1 10 10 2 10 4 6 4 5 3 1 7 5 3 4 6 2 10 0 3 10 4 10 5 9 10 4 2 5 2 6 3 1 1 10 5 10 5 4 10 2 10 5 2 4 2 2 4 5 6 0 4 4 4 1 2 4 1 2 4 5 1 3 2 3 2 4 2 3 0 8 4 1 5 3 2 3 1 0 1 0 2 2 1 2 3 4 3 0 6 2 2 0   31480
2100 10 10 1 7 1 3 1 1 10 10 2 10 4 6 4 5 3 1 7 5 3 4 6 2 10 0 3 10 4 10 5 9 10 4 2 5 2 6 3 1 1 10 5 10 5 4 10 2 10 5 2 5 2 2 4 5 6 0 5 4 4 1 2 4 1 2 4 5 1 3 2 3 2 4 2 3 0 8 5 1 5 3 2 3 1 0 1 0 2 2 1 2 3 4 3 0 6 2 2 0   31540
2102 10 10 1 7 1 3 1 1 10 10 2 10 4 6 4 5 3 1 7 5 3 4 6 2 10 0 3 10 4 10 5 9 10 4 2 5 2 6 3 1 1 10 5 10 5 4 10 2 10 5 2 5 2 2 4 5 6 0 5 4 4 1 2 4 1 2 4 5 1 3 2 4 2 4 2 4 0 8 5 1 5 3 2 3 1 0 1 0 2 2 1 2 3 4 3 0 6 2 2 0   31580
2113 10 10 1 7 1 3 1 1 10 10 2 10 4 6 4 5 3 1 7 5 3 4 6 2 10 0 3 10 4 10 5 9 10 4 2 5 2 6 3 1 1 10 5 10 5 4 10 2 10 5 3 5 2 2 4 5 6 0 5 4 4 1 2 4 1 2 4 5 1 3 2 4 2 4 2 4 0 8 5 1 5 3 2 3 1 0 1 0 2 2 1 2 3 4 3 0 6 2 2 0   31680
2116 10 10 1 7 1 3 1 1 10 10 2 10 4 6 4 5 3 1 7 5 4 4 6 2 10 0 3 10 4 10 5 9 10 4 2 5 2 6 3 1 1 10 5 10 5 4 10 2 10 5 3 5 2 2 4 5 6 0 5 4 4 1 2 4 1 2 4 5 1 3 2 4 2 4 2 4 0 8 5 1 5 3 2 3 1 0 1 0 2 2 1 2 3 4 3 0 6 2 2 0   31760
2125 10 10 1 7 1 3 1 1 10 10 2 10 4 6 4 5 4 1 7 5 4 4 6 2 10 0 3 10 4 10 5 9 10 4 2 5 2 6 3 1 1 10 5 10 5 4 10 2 10 5 3 5 2 2 4 5 6 0 5 4 4 1 2 4 1 2 4 5 1 3 2 4 2 4 2 4 0 8 5 1 5 3 2 3 1 0 1 0 2 2 1 2 3 4 3 0 6 2 2 0   31880
2127 10 10 1 7 1 3 1 1 10 10 2 10 4 6 4 5 4 1 7 5 4 4 6 2 10 0 3 10 4 10 5 9 10 4 2 5 2 6 3 1 1 10 5 10 5 4 10 2 10 5 4 5 2 2 4 5 6 0 5 4 4 1 2 4 1 2 4 5 1 3 2 4 2 4 2 4 0 8 5 1 5 3 2 3 1 0 1 0 2 2 1 2 3 4 3 0 6 2 2 0   31900
2133 10 10 1 7 1 3 1 1 10 10 2 10 4 6 4 6 4 1 7 5 4 4 6 2 10 0 3 10 4 10 5 9 10 5 2 5 2 6 3 1 1 10 5 10 5 4 10 2 10 5 4 5 2 2 4 5 6 0 5 4 4 1 2 4 1 2 4 5 1 3 2 4 2 4 2 4 0 8 5 1 5 3 2 3 1 0 1 0 2 2 1 2 3 4 3 0 6 2 2 0   31980
2142 10 10 1 7 1 3 1 1 10 10 2 10 4 6 4 6 4 1 7 5 4 4 6 2 10 0 3 10 4 10 5 9 10 5 2 5 2 6 3 1 1 10 5 10 5 4 10 2 10 5 4 5 2 2 4 5 6 0 5 4 4 1 2 4 1 2 4 5 1 3 2 4 2 4 2 4 0 8 5 2 5 3 2 3 1 0 1 0 2 2 1 2 3 4 3 0 6 2 2 0   32120
2152 10 10 1 7 1 3 1 1 10 10 2 10 4 6 4 6 5 1 7 5 4 4 6 2 10 0 3 10 4 10 5 9 10 5 2 5 2 6 3 1 1 10 5 10 5 4 10 2 10 5 4 5 2 2 4 5 6 0 5 4 4 1 2 4 1 2 4 5 1 3 2 4 2 4 2 4 0 8 5 2 5 3 2 3 1 0 1 0 2 2 1 2 3 4 3 0 6 2 2 0   32320
2154 10 10 1 7 1 3 1 1 10 10 2 10 4 6 4 6 5 1 7 5 4 4 6 2 10 0 3 10 4 10 5 9 10 6 2 5 2 6 3 1 1 10 5 10 6 4 10 2 10 5 4 6 2 2 4 5 6 0 5 4 4 1 2 4 1 2 4 5 1 3 2 4 2 4 2 4 0 8 5 2 5 3 2 3 1 0 1 0 2 2 1 2 3 4 3 0 6 2 2 0   32380
2155 10 10 1 7 1 3 1 1 10 10 2 10 4 6 4 6 5 1 7 5 4 4 6 2 10 0 3 10 4 10 5 9 10 6 2 5 2 6 3 1 2 10 5 10 6 4 10 2 10 5 4 6 2 2 4 5 6 0 5 4 4 2 2 4 1 2 4 5 2 3 2 4 2 4 2 4 0 8 5 2 5 3 2 3 1 0 1 0 2 2 1 2 3 4 3 0 6 2 2 0   32380
2160 10 10 1 7 1 3 1 1 10 10 2 10 4 6 4 6 6 1 7 5 4 4 6 2 10 0 3 10 4 10 5 9 10 6 2 5 2 6 3 1 2 10 5 10 7 4 10 2 10 5 4 6 2 2 4 5 6 0 5 4 4 2 2 4 1 2 4 5 2 3 2 4 2 4 2 4 0 8 5 2 5 3 2 3 1 0 1 0 2 2 1 2 3 4 3 0 6 2 2 0   32480
2166 10 10 1 7 1 3 1 1 10 10 2 10 4 6 4 6 6 1 7 5 4 4 6 2 10 0 3 10 4 10 5 9 10 6 2 5 2 6 3 1 2 10 5 10 8 4 10 2 10 5 4 6 2 2 4 5 6 0 5 4 4 2 2 4 1 2 4 5 2 3 2 4 2 4 2 4 0 8 5 2 5 3 2 3 1 0 1 0 2 2 1 2 3 4 3 0 6 2 2 0   32540
2180 10 10 1 7 1 3 1 1 10 10 2 10 4 6 4 6 6 1 7 5 4 4 6 2 10 0 3 10 4 10 5 9 10 6 2 5 2 6 3 1 2 10 5 10 8 4 10 2 10 5 4 6 2 2 4 5 6 0 5 4 5 2 2 4 1 2 4 5 2 3 2 4 2 4 2 4 0 8 5 2 5 3 2 3 1 0 1 0 2 2 1 2 3 4 3 0 6 2 2 0   32840
2184 10 10 1 7 1 3 1 1 10 10 2 10 4 6 4 6 6 1 7 5 4 4 6 2 10 0 3 10 4 10 6 9 10 6 2 5 2 6 3 1 2 10 5 10 8 4 10 2 10 5 4 6 2 2 4 5 6 0 5 4 5 2 2 4 1 2 4 5 2 3 2 4 2 4 2 4 0 8 5 2 5 3 2 3 1 0 1 0 2 2 1 2 3 4 3 0 6 2 2 0   32860
2186 10 10 1 7 1 3 1 1 10 10 2 10 4 6 4 6 6 1 7 5 4 4 6 2 10 0 3 10 4 10 6 9 10 6 2 5 2 6 3 1 2 10 5 10 9 4 10 2 10 5 4 6 2 2 4 5 6 0 5 4 5 2 2 4 1 2 4 5 2 3 2 4 2 4 2 4 0 8 5 2 5 3 2 3 1 0 1 0 2 2 1 2 3 4 3 0 6 2 2 0   32900
2192 10 10 1 7 1 3 1 1 10 10 2 10 4 6 4 6 6 1 7 5 4 4 6 2 10 0 3 10 4 10 6 9 10 6 2 5 2 6 3 1 2 10 5 10 9 4 10 2 10 5 4 6 2 2 4 6 6 0 5 4 5 2 2 4 1 2 4 5 2 3 2 4 2 4 2 4 0 8 5 2 5 3 2 3 1 0 1 0 2 2 1 2 3 4 3 0 6 2 2 0   32940
2216 10 10 1 7 1 3 1 1 10 10 2 10 4 6 4 6 6 1 7 5 4 4 6 2 10 0 3 10 4 10 6 9 10 6 2 5 2 6 3 1 2 10 5 10 9 5 10 2 10 5 4 6 2 2 4 6 6 0 5 4 5 2 2 4 1 2 4 5 2 3 2 4 2 4 2 4 0 8 5 2 5 3 2 3 1 0 1 0 2 2 1 2 3 5 3 0 6 2 2 0   33340
2220 10 10 1 7 1 3 1 1 10 10 2 10 4 6 4 6 6 1 7 5 4 4 6 2 10 0 3 10 4 10 6 9 10 6 2 5 2 6 3 1 2 10 5 10 9 5 10 2 10 5 4 6 2 2 4 6 6 0 5 4 5 2 2 4 1 2 4 5 2 3 2 4 2 4 2 4 0 8 5 2 5 3 2 3 2 0 1 0 2 2 1 2 3 5 3 0 6 2 2 0   33440
2223 10 10 1 7 1 3 1 1 10 10 2 10 4 6 4 6 6 1 7 5 4 4 6 2 10 0 3 10 4 10 6 9 10 6 2 5 2 6 3 1 2 10 5 10 9 5 10 2 10 5 4 6 2 2 4 6 6 0 5 4 5 2 2 4 1 2 4 5 2 3 2 4 2 4 2 4 0 8 5 2 5 3 2 4 2 0 1 0 2 2 1 2 4 5 4 0 6 2 2 0   33500
2226 10 10 1 7 1 3 1 1 10 10 2 10 4 6 4 6 6 1 7 5 4 4 6 2 10 0 3 10 4 10 6 9 10 6 2 5 2 6 3 1 2 10 5 10 9 5 10 2 10 5 4 6 2 2 4 6 6 0 5 4 6 2 2 4 1 2 4 5 2 3 2 4 2 4 2 4 0 8 5 2 6 3 2 4 2 0 1 0 2 2 1 2 4 5 4 0 6 2 2 0   33560
2229 10 10 1 7 1 3 1 1 10 10 2 10 4 6 4 6 6 1 7 5 4 4 6 2 10 0 3 10 4 10 7 9 10 6 2 5 2 6 3 1 2 10 5 10 9 5 10 2 10 5 4 6 2 2 4 6 6 0 5 4 6 2 2 4 1 2 4 5 2 3 2 4 2 4 2 4 0 8 5 2 6 3 2 4 2 0 1 0 2 2 1 2 4 5 4 0 6 2 2 0   33600
2235 10 10 1 7 1 3 1 1 10 10 2 10 4 7 4 6 6 1 7 5 4 4 6 2 10 0 3 10 4 10 7 9 10 6 2 5 2 6 3 1 2 10 5 10 9 5 10 2 10 5 4 7 2 2 4 6 6 0 5 4 6 2 2 4 1 2 4 5 2 3 2 4 2 4 2 4 0 8 5 2 6 3 2 4 2 0 1 0 2 2 1 2 4 5 4 0 6 2 2 0   33720
2237 10 10 1 7 1 3 1 1 10 10 2 10 4 7 4 6 6 1 7 5 4 5 6 2 10 0 3 10 4 10 7 9 10 6 2 5 2 6 3 1 2 10 5 10 9 5 10 2 10 5 4 7 2 2 4 6 6 0 5 4 6 2 2 4 1 2 4 5 2 3 2 4 2 4 2 4 0 8 5 2 6 3 2 4 2 0 1 0 2 2 1 2 4 5 4 0 6 2 2 0   33720
2244 10 10 1 7 1 3 1 1 10 10 2 10 4 7 4 6 6 1 7 5 4 6 6 2 10 0 3 10 4 10 7 9 10 6 2 5 2 6 3 1 2 10 5 10 9 5 10 2 10 5 4 7 2 2 4 6 6 0 5 4 6 2 2 4 1 2 4 5 2 3 2 4 2 4 2 4 0 8 5 2 6 3 2 4 2 0 1 0 2 2 1 2 4 5 4 0 6 2 2 0   33760
2251 10 10 1 7 1 3 1 1 10 10 2 10 4 7 4 6 6 1 7 6 4 7 6 2 10 0 3 10 4 10 7 9 10 6 2 5 2 6 3 1 2 10 5 10 9 5 10 2 10 5 4 7 2 2 4 6 6 0 5 4 6 2 2 4 1 2 4 5 2 3 2 4 2 4 2 4 0 8 5 2 6 3 2 4 2 0 1 0 2 2 1 2 4 6 4 0 6 2 2 0   33900
2252 10 10 1 7 1 3 1 1 10 10 2 10 4 7 4 6 7 1 7 6 4 7 6 2 10 0 3 10 4 10 7 9 10 6 2 5 2 6 3 1 2 10 5 10 9 5 10 2 10 5 4 7 2 2 4 6 6 0 5 4 6 2 2 4 1 2 4 5 2 3 2 4 2 4 2 4 0 8 5 2 6 3 2 4 2 0 1 0 2 2 1 2 4 6 4 0 6 2 2 0   33920
2279 10 10 1 7 1 3 1 1 10 10 2 10 4 7 4 6 7 1 7 6 4 7 6 2 10 0 3 10 4 10 7 9 10 6 2 5 2 6 3 1 2 10 5 10 9 5 10 2 10 5 4 8 2 2 4 6 6 0 5 4 6 2 2 4 1 2 4 5 2 3 2 4 2 4 2 4 0 8 5 2 6 3 2 4 2 0 1 0 2 2 1 2 4 6 4 0 6 2 2 0   34360
2281 10 10 1 7 1 3 1 1 10 10 2 10 4 7 4 6 7 1 7 6 4 7 6 2 10 0 3 10 4 10 7 9 10 6 2 5 2 6 3 1 2 10 5 10 9 5 10 2 10 5 4 8 2 3 4 6 6 0 5 4 6 2 2 4 1 2 4 5 2 3 2 4 2 4 2 4 0 8 5 3 6 3 2 4 2 0 1 0 2 2 1 2 4 6 4 0 6 2 3 0   34360
2292 10 10 1 7 1 3 1 1 10 10 2 10 4 7 4 6 7 1 7 6 4 7 6 2 10 0 3 10 4 10 8 9 10 6 2 5 2 6 3 1 2 10 5 10 9 5 10 2 10 5 4 8 2 3 4 6 6 0 5 4 6 2 2 4 1 2 4 5 2 3 2 4 2 4 2 4 0 8 5 3 6 3 2 4 2 0 1 0 2 2 1 2 4 6 4 0 6 2 3 0   34420
2309 10 10 1 7 1 3 1 1 10 10 2 10 4 7 4 6 7 1 7 6 5 7 6 2 10 0 3 10 4 10 8 9 10 6 2 5 2 6 3 1 2 10 5 10 9 5 10 2 10 5 4 8 2 3 4 6 6 0 5 4 6 2 2 4 1 2 4 5 2 3 2 4 2 4 2 4 0 8 5 3 6 3 2 4 2 0 1 0 2 2 1 2 4 6 4 0 6 2 3 0   34740
2316 10 10 1 7 1 3 1 1 10 10 2 10 4 7 4 6 7 1 7 6 5 7 6 2 10 0 3 10 4 10 8 9 10 6 2 5 2 6 3 1 2 10 5 10 9 5 10 2 10 5 4 8 2 3 4 6 6 0 5 4 6 2 2 4 2 2 4 5 2 3 2 4 2 4 2 4 0 8 5 3 6 3 2 4 2 0 1 0 2 2 1 2 4 6 4 0 6 2 3 0   34820
2318 10 10 1 7 1 4 1 1 10 10 2 10 4 7 4 6 7 1 7 6 5 7 6 2 10 0 3 10 4 10 8 9 10 6 2 5 2 6 3 1 2 10 5 10 9 5 10 2 10 5 4 8 2 3 4 6 6 0 5 4 6 2 2 4 2 2 4 5 2 3 2 4 2 4 2 4 0 8 5 3 6 3 2 4 2 0 1 0 2 2 1 2 4 6 4 0 6 2 3 0   34880
2342 10 10 1 7 1 4 1 1 10 10 2 10 4 7 4 6 7 1 7 6 5 7 6 2 10 0 3 10 5 10 8 9 10 6 2 5 2 6 3 1 2 10 5 10 9 5 10 2 10 5 4 8 2 3 4 6 6 0 5 4 6 2 2 4 2 2 4 5 2 3 2 4 2 4 2 4 0 8 5 3 6 3 2 4 2 0 1 0 2 2 1 2 4 6 4 0 6 2 3 0   35220
2346 10 10 1 7 1 5 1 1 10 10 2 10 4 7 4 6 7 1 7 6 5 7 6 2 10 0 3 10 5 10 8 9 10 6 2 5 2 6 3 1 2 10 5 10 9 5 10 2 10 5 4 8 2 3 4 6 6 0 5 4 6 2 2 4 2 2 4 5 2 3 2 4 2 4 2 4 0 8 5 3 6 3 2 4 2 0 1 0 2 2 1 2 4 6 4 0 6 2 3 0   35280
2348 10 10 1 7 1 5 1 1 10 10 2 10 4 7 4 6 7 1 7 6 5 7 6 2 10 0 3 10 5 10 8 9 10 6 2 5 2 6 3 1 2 10 5 10 9 5 10 3 10 5 4 8 2 3 4 6 6 0 5 4 6 2 2 4 2 2 4 5 2 3 2 4 2 4 2 4 0 8 5 3 6 3 2 4 2 0 1 0 2 2 1 2 4 6 4 0 6 2 3 0   35380
2352 10 10 1 7 1 5 1 1 10 10 2 10 4 7 4 6 7 1 7 6 6 7 6 2 10 0 3 10 5 10 8 9 10 6 2 5 2 6 3 1 2 10 5 10 9 5 10 3 10 5 4 8 2 3 4 6 6 0 5 4 6 2 2 4 2 2 4 5 2 3 2 4 2 4 2 4 0 8 5 3 6 3 2 4 2 0 1 0 2 2 1 2 4 6 4 0 6 2 3 0   35400
2359 10 10 1 7 1 5 1 1 10 10 2 10 4 7 4 6 7 1 7 6 6 7 6 2 10 0 3 10 5 10 9 9 10 6 2 5 2 6 3 1 2 10 5 10 9 5 10 3 10 5 4 8 2 3 4 6 6 0 5 4 6 2 2 4 2 2 4 5 2 3 2 4 2 4 2 4 0 8 5 3 6 3 2 4 2 0 1 0 2 2 1 2 4 6 4 0 6 2 3 0   35480
2365 10 10 1 7 1 5 1 1 10 10 2 10 4 7 4 6 7 1 7 6 6 7 6 2 10 0 3 10 5 10 9 9 10 6 2 5 2 6 3 1 3 10 5 10 9 5 10 4 10 5 4 8 2 3 4 6 6 0 5 4 6 2 3 4 2 2 4 5 2 3 2 4 2 4 2 4 0 8 5 3 6 3 2 4 3 0 1 0 2 2 1 2 4 6 4 0 6 2 3 0   35580
2370 10 10 1 7 1 5 1 1 10 10 2 10 4 7 4 6 7 1 7 6 6 7 6 2 10 0 3 10 6 10 9 9 10 6 2 5 2 6 3 1 3 10 5 10 9 5 10 4 10 5 4 8 2 3 4 6 6 0 5 4 6 2 3 4 2 2 4 5 2 3 2 4 2 4 2 4 0 8 6 3 6 3 2 4 3 0 1 0 2 2 1 2 4 6 4 0 6 2 3 0   35640
2371 10 10 1 7 1 5 1 1 10 10 2 10 4 7 4 6 7 1 7 6 6 7 6 2 10 0 3 10 6 10 9 9 10 6 2 5 2 6 3 1 3 10 5 10 9 5 10 4 10 5 4 8 2 3 4 6 6 0 5 4 6 2 3 4 2 2 4 5 2 4 2 4 2 4 2 4 0 8 6 3 6 3 2 4 3 0 1 0 2 2 1 2 4 6 4 0 6 2 3 0   35660
2377 10 10 1 7 1 5 1 1 10 10 2 10 4 7 4 6 7 1 7 6 6 7 6 2 10 0 3 10 7 10 9 9 10 6 2 5 2 6 3 1 3 10 5 10 9 5 10 4 10 5 4 8 2 3 4 6 6 0 5 4 6 2 3 4 2 2 4 5 2 4 2 4 2 4 2 4 0 8 6 3 6 3 2 4 3 0 1 0 2 2 1 2 4 6 4 0 6 2 3 0   35720
2383 10 10 1 7 1 5 1 1 10 10 2 10 4 7 4 7 7 1 7 6 6 7 6 2 10 0 3 10 8 10 9 9 10 6 2 5 2 6 3 1 3 10 5 10 9 5 10 4 10 5 4 8 2 3 4 6 6 0 5 4 6 2 3 4 2 2 4 5 2 4 2 4 2 4 2 4 0 8 6 3 6 3 2 4 3 0 1 0 2 2 1 2 4 6 4 0 6 2 3 0   35840
2386 10 10 1 7 1 5 1 1 10 10 2 10 4 7 4 7 7 1 7 6 6 7 6 2 10 0 3 10 8 10 9 9 10 6 2 5 2 6 3 1 4 10 5 10 9 5 10 4 10 5 4 8 2 3 4 6 6 0 5 4 6 2 4 4 2 2 4 5 2 4 2 4 2 4 2 4 0 8 6 3 6 3 2 4 3 0 1 0 2 2 1 2 4 6 4 0 6 2 3 0   35900
2387 10 10 1 7 1 5 1 1 10 10 2 10 4 7 4 7 7 1 7 6 6 7 6 2 10 0 3 10 8 10 9 9 10 6 2 5 2 6 3 1 4 10 5 10 9 5 10 5 10 5 4 8 2 3 4 6 6 0 5 4 6 2 4 4 2 2 4 5 2 4 2 4 2 4 2 4 0 8 6 3 6 3 2 4 3 0 1 0 2 2 1 2 4 6 4 0 6 2 3 0   35920
2396 10 10 1 7 1 5 1 1 10 10 2 10 4 7 4 7 7 1 7 6 6 7 6 2 10 0 3 10 9 10 9 9 10 6 2 5 2 6 3 1 4 10 5 10 9 5 10 5 10 5 4 8 2 3 4 6 6 0 5 4 6 2 4 4 2 2 4 5 2 4 2 4 2 4 2 4 0 8 6 3 6 3 2 4 3 0 1 0 2 2 1 2 4 6 4 0 6 2 3 0   36140
2399 10 10 1 7 1 5 1 1 10 10 2 10 4 7 4 7 7 1 7 6 6 7 7 2 10 0 3 10 9 10 9 9 10 6 2 5 2 6 3 1 4 10 5 10 9 5 10 5 10 5 4 8 2 3 4 6 6 0 5 4 6 2 4 4 2 2 4 5 2 4 2 4 2 4 2 4 0 8 6 3 6 3 2 4 3 0 1 0 2 2 1 2 4 6 4 0 6 2 3 0   36180
2401 10 10 1 7 1 5 2 1 10 10 2 10 4 7 4 7 7 1 7 6 6 7 7 2 10 0 3 10 9 10 9 9 10 6 2 5 2 6 3 1 4 10 5 10 9 5 10 5 10 5 4 8 2 3 4 6 6 0 5 4 6 2 4 4 2 2 4 5 2 4 2 4 2 4 2 4 0 8 6 3 6 3 2 4 3 0 1 0 2 2 1 2 4 6 4 0 6 2 3 0   36260
2412 10 10 1 7 1 5 2 1 10 10 2 10 4 7 4 7 7 1 7 6 6 7 7 2 10 0 3 10 9 10 9 9 10 6 2 5 2 6 3 1 4 10 6 10 9 5 10 5 10 5 4 8 2 3 4 6 6 0 5 4 6 2 4 4 2 2 4 5 2 4 2 4 2 4 2 4 0 8 6 3 6 3 2 4 3 0 1 0 2 2 1 2 4 6 4 0 6 2 3 0   36480
2416 10 10 1 7 1 5 2 1 10 10 2 10 4 7 4 7 7 1 7 6 6 7 7 2 10 0 3 10 9 10 9 9 10 6 2 5 3 6 3 1 4 10 6 10 9 5 10 5 10 5 4 8 2 3 4 6 6 0 5 4 6 2 4 4 2 2 4 5 2 4 2 4 2 4 2 4 0 8 6 3 6 3 2 4 3 0 1 0 2 2 1 2 4 6 4 0 6 2 3 0   36540
2418 10 10 1 7 1 5 2 1 10 10 2 10 4 7 4 7 7 1 7 6 6 7 7 2 10 0 3 10 9 10 9 9 10 6 2 5 3 6 3 1 4 10 7 10 9 5 10 5 10 5 4 8 2 3 4 6 6 0 5 4 6 2 4 4 2 2 4 5 2 4 2 4 2 4 2 4 0 8 6 3 6 3 2 4 3 0 1 0 2 2 1 2 4 6 4 0 6 2 3 0   36540
2425 10 10 1 7 1 5 2 1 10 10 2 10 4 7 4 7 7 1 7 6 6 7 7 2 10 0 3 10 9 10 9 9 10 6 2 5 3 6 3 1 4 10 7 10 9 5 10 5 10 5 4 8 2 3 4 6 6 0 5 4 6 2 4 4 2 2 4 5 2 4 2 4 3 4 2 4 0 8 6 3 6 3 2 4 3 0 1 0 2 2 1 2 4 6 4 0 6 2 3 0   36600
