0
0
0
0
0
0
0
0
0
0
20
20
20
140
140
140
160
300
520
640
660
660
680
840
900
900
940
940
1600
1620
1640
1780
1780
1820
1840
1880
2220
2280
2880
3800
4440
4500
4700
4940
5080
5080
5120
5120
5220
5560
6320
6360
6540
6560
6800
6940
7180
7200
7240
7520
7540
7560
7620
7660
7720
7820
7860
7860
7900
7960
8220
8440
8460
8720
9060
9220
9240
9280
9400
9980
10520
10640
10700
10760
11280
11280
11540
11740
12220
12340
12580
12740
13100
13100
13220
13300
13420
13540
13820
14020
14200
14240
14300
14460
14820
14860
14900
14920
15100
15100
15240
15400
15500
15560
15580
15660
15900
15920
16020
16240
16320
16380
16420
16500
16800
16880
16920
17020
17040
17240
17240
17240
17320
17340
17380
17420
17760
17800
18380
18720
18880
19180
19180
19180
19440
19460
19480
19500
19520
19580
19700
19760
19780
20040
20120
20140
20220
20220
20280
20380
20540
20640
20700
20740
20760
21000
21120
21200
21320
21380
21480
21500
21560
21820
21840
21920
21980
22040
22100
22120
22260
22280
22320
22320
22340
22360
22440
22520
22560
22720
22960
23000
23120
23200
23400
23460
23460
23500
23560
23680
23720
24100
24180
24420
24480
24520
24680
24820
25000
25140
25160
25180
25260
25280
25340
25500
25700
25720
25820
25960
26020
26020
26120
26180
26200
26280
26580
26620
26640
26640
26920
27200
27240
27380
27460
27480
27740
27800
27940
27960
28040
28080
28100
28180
28400
28560
28920
28960
29140
29160
29320
29340
29600
29600
29640
29820
29880
29880
30040
30100
30260
30280
30300
30540
30560
30580
30600
30740
30880
31180
31280
31400
31480
31540
31580
31680
31760
31880
31900
31980
32120
32320
32380
32380
32480
32540
32840
32860
32900
32940
33340
33440
33500
33560
33600
33720
33720
33760
33900
33920
34360
34360
34420
34740
34820
34880
35220
35280
35380
35400
35480
35580
35640
35660
35720
35840
35900
35920
36140
36180
36260
36480
36540
36540
36600
