0
0
0
0
0
0
0
0
0
0
0
0
0
0
0
0
0
0
0
0
0
0
0
0
0
0
0
0
0
60
840
920
940
1020
1220
1280
1320
1560
1560
1560
1640
1920
2080
2660
2700
2740
2860
2920
3080
3140
3260
3500
3500
3540
3540
3600
3600
3680
3720
3920
3920
3980
3980
3980
4120
4160
4160
4260
4440
5780
5800
5980
6220
6460
6860
7060
7140
7240
7340
7500
7660
7780
7900
8000
8120
8240
8440
8600
8700
9040
9060
9180
9320
9380
9500
9560
9560
9600
9700
9700
9720
9840
9940
9960
10020
10100
10140
10180
10200
10560
10620
10740
10780
10920
11000
11040
11200
11300
11340
11460
11480
11800
11900
12140
12220
12400
12560
12620
12620
12740
12780
12780
12920
12960
13000
13020
13180
13240
13280
13300
13480
13600
13660
13680
13840
13900
13940
14160
14240
14320
14360
14400
14520
14540
14660
14680
14700
14720
14720
14760
14840
14920
14960
15000
15100
15100
15100
15120
15120
15280
15280
15280
15340
15380
15480
15500
15580
15760
15780
15780
15820
15840
16020
16020
16020
16060
16140
16140
16160
16240
16240
16260
16460
16480
16560
16580
16660
16700
16700
16900
16900
17120
17240
17400
17400
17760
17820
17880
17980
17980
18020
18080
18080
18140
18180
18180
18200
18240
18560
18620
18660
18740
18740
18800
18880
18940
19000
19000
19000
19020
19380
19660
19740
19740
19860
19880
19920
20040
20240
20260
20340
20380
20420
20600
20640
20660
20680
20680
20680
20700
20740
20800
20980
21000
21060
21080
21160
21300
21400
21440
21520
21580
21600
21620
21620
21800
21800
21820
21840
21920
21980
22000
22060
22160
22220
22240
22260
22260
22280
22320
22340
22360
22380
22460
22540
22560
22760
22820
22820
22820
22820
22940
22980
23180
23180
23220
23220
23280
23280
23320
23420
23440
23580
23600
23600
23660
23840
23960
24080
24120
24140
24140
24240
24280
24280
24300
24400
24420
24460
24480
24480
24500
24520
24520
24580
24620
24620
24720
24720
24720
24760
24780
24880
24880
25320
25400
25440
25500
25560
25580
25740
25760
26160
26160
26160
26160
26240
26240
26260
26280
26480
26540
26580
26720
26740
26820
26820
26880
27040
27080
27240
27300
27360
27400
27500
27600
27660
27660
27680
27740
27740
27780
27780
27820
27840
27880
27900
27920
27940
27940
28200
28260
28280
28460
28560
28660
28660
29000
29160
29180
29180
29260
29300
29360
29440
29460
29620
29680
29720
29720
29760
29760
29760
29760
29780
29840
29840
29840
29880
30040
30040
30280
30420
30500
30580
30620
30740
30760
30760
30800
30840
30960
31000
31040
31080
31080
31120
31240
31240
31260
31280
31480
31520
31520
31580
31580
31600
31760
31840
31900
31900
31920
32000
32060
32200
32300
32300
32480
32500
32500
32560
32600
32620
32660
32720
32840
32900
32940
33000
33140
33140
33140
33300
33340
33460
33540
33540
33560
33720
33720
33800
33820
33860
33880
33900
33920
34040
34180
34320
34320
34360
34440
34720
34880
34980
35180
35840
35940
35980
36080
36380
36480
36500
37060
37220
37940
37960
