0
0
0
0
0
0
0
0
0
0
40
120
120
140
380
400
420
440
500
540
560
600
660
700
740
760
1480
2140
2200
2240
2280
2500
2680
3200
3200
3220
3440
3980
4060
4100
4260
4280
4440
4460
4480
4520
4520
5720
5880
6240
6300
6400
6460
6560
7340
7420
7620
7640
7640
7780
7860
8060
8240
8280
8600
9040
9180
9300
9500
9580
9680
9980
10160
10160
10260
10480
10580
10660
10820
10880
10900
11080
11220
11220
11440
11520
11560
11620
11740
11860
11920
11980
12280
12420
12580
12600
12800
12800
12860
13040
13140
13280
13280
13360
13400
13700
13800
13800
13920
14000
14320
14320
14420
14600
14660
14820
15040
15180
15460
15600
15620
16080
16380
16420
16480
16640
16640
16680
16740
16780
16780
16900
17040
17060
17080
17140
17800
17860
17860
17980
18280
18280
18360
18420
18440
18460
18480
18500
18580
18620
18640
18680
18840
18860
19080
19080
19080
19140
19400
19520
19600
19660
19840
19940
19960
20080
20180
20200
20240
20580
20580
20700
20740
20780
21160
21280
21340
21460
21800
21900
21960
21960
22000
22120
22120
22180
22240
22240
22280
22280
22520
22600
22660
22660
22700
22760
22820
23220
23240
23360
23400
23420
23640
23680
23820
23940
24040
24260
24280
24340
24360
24420
24600
24680
24680
24920
25000
25040
25120
25120
25280
25340
25420
25500
25580
25640
26120
26120
26180
26200
26260
26260
26420
26800
27160
27380
27440
27720
27720
27800
28140
28220
28320
28660
28740
29000
29140
29200
29240
29240
29500
29600
29760
29820
29880
29920
29980
30160
30180
30200
30220
30260
30260
30260
30280
30360
30380
30500
30540
30640
30640
30740
30760
30800
30940
30940
30940
30960
30960
31000
31000
31020
31160
31180
31480
31500
31720
31720
31800
31840
31900
31960
31980
32000
32080
32160
32220
32300
32300
32640
32640
32680
32740
32780
32780
32980
33220
33300
33340
33360
33480
33500
33520
33720
33780
33800
33900
33920
33960
34120
34180
34280
34360
34660
35040
35080
35100
35180
35260
35380
35420
35480
35580
35700
35740
35760
35860
36040
36060
36080
36140
36180
36180
36180
36360
36380
36460
36460
36540
36580
