0
0
0
0
0
0
0
0
0
0
0
0
0
0
0
0
0
0
0
0
0
0
0
0
0
20
20
20
40
40
60
60
60
60
140
140
140
200
220
400
440
460
500
520
580
600
920
1100
1160
1180
1180
1180
1360
1460
1520
1940
2640
2860
3100
3140
3640
3680
4120
4200
4240
4340
4420
4540
4560
4620
4760
4800
4880
4960
5000
5440
5700
5740
5740
5760
5760
5960
6060
6120
6120
6260
6460
6620
6820
7020
7040
7080
7080
7120
7160
7200
7220
7420
7520
7680
7720
7780
7780
7820
8120
8280
8300
8320
8440
8460
8480
8600
8660
8680
8700
8800
8840
8860
8920
8920
8920
8960
9100
9160
9260
9480
9560
9580
9740
9820
9860
9880
9960
10040
10080
10180
10200
10220
10260
10280
10320
10340
10360
10360
10360
10380
10400
10420
10560
10580
10620
10700
10720
10720
10800
10820
10880
10880
10940
10960
11040
11080
11160
11160
11220
11320
11320
11400
11420
11500
11500
11500
11620
11660
11720
11720
11900
11920
12000
12180
12180
12200
12220
12240
12320
12660
12860
12900
12920
13000
13020
13040
13040
13040
13120
13220
13340
13360
13600
13640
13700
13720
13760
13920
13940
13980
14100
14260
14300
14400
14680
15120
15140
15380
15380
15380
15380
15460
15480
15500
15540
15620
15640
15660
15740
15860
15920
15920
15960
16000
16000
16120
16220
16260
16260
16260
16320
16340
16380
16520
16580
16600
16600
16680
16800
16800
16820
16920
17120
17160
17180
17180
17240
17280
17380
17440
17500
17620
17640
17800
17820
17840
17840
17920
17980
17980
17980
18020
18080
18100
18100
18120
18180
18260
18280
18320
18380
18400
18460
18520
18540
18620
18640
18740
18760
18760
18760
18780
18840
18840
18900
18920
18920
19020
19120
19140
19160
19280
19320
19460
19500
19560
19620
19840
19940
19940
19940
20020
20220
20220
20320
20460
20480
20480
20600
20620
20640
20740
20780
20980
21040
21120
21140
21240
21280
21280
21320
21360
21360
21540
21580
21620
21760
21800
21960
21980
21980
22000
22000
22020
22140
22180
22300
22400
22400
22500
22520
22620
22800
22880
22920
23040
23120
23180
23200
23220
23240
23400
23520
23520
23640
23660
23720
23720
23720
23760
23900
23980
23980
24120
24220
24280
24340
24460
24480
24520
24600
24600
24760
24800
24860
25120
25120
25140
25220
25220
25280
25320
25340
25400
25620
25660
25700
25720
25800
25800
25820
25880
25920
25940
25940
25980
26040
26080
26140
26160
26160
26260
26300
26340
26440
26460
26520
26540
26580
26580
26600
26760
26920
26960
27000
27020
27180
27200
27200
27260
27320
27380
27420
27440
27460
27680
27720
27740
27800
27820
27840
27860
27900
27920
28040
28080
28140
28160
28180
28320
28400
28480
28720
28720
28740
28880
28880
28980
29120
29160
29240
29280
29320
29320
29340
29440
29500
29540
29540
29620
29780
29780
30080
30120
30160
30160
30200
30220
30380
30380
30380
30460
30540
30620
30700
30740
31020
31180
31180
31460
31480
31480
31500
31500
31600
31680
31860
32000
32100
32240
32320
32340
32400
32440
32500
32520
32540
32800
32900
32900
33060
33180
33240
33240
33280
33540
33640
33660
33780
33900
34100
34160
34180
34200
34340
34480
34620
34640
34680
34800
34880
35520
35520
35540
35660
35800
36080
36100
36260
36340
36560
