0
0
0
0
0
0
0
0
0
0
0
0
0
80
160
160
180
180
280
380
380
380
400
440
440
620
940
940
960
1380
1600
1740
1760
1780
1800
2060
2080
2160
2220
3240
3300
3620
3880
4480
4600
4620
4640
4640
4700
4760
4820
4820
4840
4880
5280
5300
5840
6140
6300
6680
7060
7460
7680
7680
7860
8440
8700
8960
8960
9000
9020
9120
9140
9140
9260
9720
9880
10400
10600
10740
11100
11280
11420
11420
11500
11520
11640
11860
12520
12560
12640
12800
12940
13000
13240
13360
13640
13880
13940
14020
14300
14340
14380
14420
14420
14520
14680
15500
15500
15580
15680
15840
15880
16000
16220
16400
16420
16640
16720
16740
16820
16920
16960
16980
17000
17120
17200
17320
17400
17520
17580
17620
17840
17880
18300
18380
18480
18720
18840
18860
19300
19320
19340
19580
19620
19620
19660
19680
19680
19700
19740
19740
19740
19800
19940
20040
20100
20200
20340
20500
20660
21180
21260
21560
22080
22180
22320
22560
22580
22840
23480
23760
23840
23840
24180
24180
24220
24220
24440
24560
24580
24680
24720
24800
24840
24880
24920
25040
25180
25280
25320
25620
25820
25960
26020
26180
26340
26340
26400
26400
26620
26720
26840
26880
26980
27080
27280
27420
27460
27460
27880
28260
28380
28440
28460
28540
28700
28740
28860
28920
29040
29260
29300
29300
29340
29460
29500
29540
29540
29560
29780
29980
30120
30280
30380
30440
30580
30700
30740
30780
30920
31060
31080
31140
31220
31380
31500
31580
31620
31660
31800
32060
32220
32240
32300
32300
32600
32640
32740
32840
32920
33780
34060
34140
34320
34580
34680
35020
35100
35200
35280
35860
35860
35960
35960
35960
36020
36200
36540
36640
36720
36720
36760
36760
36800
36820
36820
36860
36880
36960
