0
0
0
0
0
0
0
0
0
0
0
0
0
0
0
0
0
0
0
0
0
0
0
0
0
0
0
0
0
0
0
20
20
20
20
40
40
60
60
60
60
80
180
200
560
1020
1080
1120
1200
1200
1220
1260
1260
1380
1380
1380
1580
1640
1860
2200
2380
2400
2420
2580
2860
3040
3040
3400
3420
3420
3440
3560
3800
3960
4040
4080
4080
4420
4580
5260
5280
5340
5480
5640
6060
6140
6320
6340
6340
6380
6380
6420
6500
6580
6640
6760
6780
6840
6860
7020
7040
7060
7080
7120
7120
7200
7280
7340
7380
7380
7440
7500
7620
7620
7740
7760
7820
7920
7920
8120
8120
8200
8280
8440
8480
8700
8740
8860
8880
9080
9180
9280
9400
9440
9440
9580
9620
9700
9860
10040
10060
10300
10420
10420
10600
10640
10640
10980
11000
11020
11100
11100
11100
11120
11180
11300
11420
11540
11680
11680
11760
11780
11800
11800
11800
11820
11840
11840
11980
12040
12080
12140
12300
12300
12380
12440
12440
12460
12480
12500
12500
12500
12560
12580
12740
12760
12780
12820
12840
12900
13020
13080
13120
13260
13280
13340
13380
13380
13420
13600
13660
13760
13760
13760
13780
13880
13940
13940
14100
14100
14100
14140
14200
14200
14200
14200
14220
14400
14420
14480
14560
14600
14660
14680
14700
14740
14760
14760
14920
14920
14940
14980
14980
15000
15020
15040
15040
15120
15140
15140
15160
15180
15200
15200
15220
15260
15520
15560
15580
15600
15640
15640
15680
15780
15820
15920
15980
16000
16060
16100
16260
16260
16300
16340
16380
16420
16560
16600
16640
16700
16720
16820
16900
16980
17000
17060
17080
17100
17140
17140
17160
17200
17240
17240
17260
17260
17260
17260
17260
17360
17400
17400
17400
17420
17440
17460
17460
17500
17500
17520
17540
17640
17660
17700
17740
17760
17880
17880
17900
17900
17940
17960
18060
18060
18120
18140
18200
18260
18300
18340
18380
18380
18400
18420
18460
18480
18620
18620
18640
18700
18720
18740
18760
18760
18760
18780
18780
18780
18860
18880
18880
18980
19040
19080
19120
19140
19220
19360
19440
19480
19480
19480
19500
19520
19560
19580
19580
19580
19660
19660
19680
19720
19740
19740
19760
19840
19840
19840
19860
19860
19860
19900
19960
20000
20020
20040
20060
20080
20080
20140
20180
20180
20220
20240
20320
20320
20320
20360
20400
20420
20420
20460
20500
20500
20580
20640
20660
20760
20760
20860
20920
20960
20960
21000
21020
21040
21040
21060
21060
21100
21140
21180
21200
21240
21240
21380
21420
21520
21540
21560
21660
21680
21760
21800
21820
21840
21880
22040
22040
22120
22200
22200
22220
22240
22300
22360
22420
22480
22500
22600
22640
22680
22700
22780
22880
22920
23060
23060
23060
23520
23640
23680
23700
23880
23960
23980
24160
24180
24180
24420
24480
24700
24700
24800
25060
25100
25140
25340
25380
25800
25840
25880
26000
26040
26380
26380
26420
26640
26700
27080
27400
27480
27580
30020
30560
