0
0
0
0
0
0
0
0
0
0
0
0
0
0
0
0
0
0
0
0
0
0
0
20
20
20
20
20
20
40
40
40
40
60
80
100
100
120
120
140
160
160
220
280
320
640
820
900
920
1060
1080
1120
1180
1240
1300
1300
1400
1400
1480
1580
1580
1720
1900
2040
2080
2080
2120
2140
2320
2880
3220
3580
4160
4180
4280
4420
4500
4520
4540
4600
4680
4720
4740
4800
4820
4860
4900
4980
5080
5220
5320
5320
5480
5540
5900
5960
6040
6100
6140
6240
6320
6520
6640
6740
6860
6920
7060
7100
7100
7300
7380
7420
7620
7720
7900
7960
8020
8020
8140
8180
8180
8500
8540
8580
8660
8940
8980
8980
8980
9000
9020
9080
9080
9200
9220
9260
9340
9360
9660
9740
9760
9840
9960
9960
9960
10000
10020
10060
10160
10160
10160
10160
10220
10300
10400
10460
10520
10600
10740
10780
10800
10820
10840
10860
11020
11080
11140
11140
11160
11380
11400
11460
11600
11600
11800
11880
11900
11920
12060
12160
12300
12360
12500
12540
12680
12780
12780
12800
12840
13020
13060
13160
13160
13340
13340
13480
13480
13540
13560
13640
13640
13760
13780
14080
14300
14380
14460
14500
14580
14620
14700
14700
14780
14820
14880
14960
14980
15000
15060
15120
15300
15360
15440
15480
15500
15600
15620
15720
15780
15840
15840
15860
16040
16060
16280
16400
16440
16480
16560
16600
16600
16600
16640
16780
16780
16880
16880
16920
16940
17020
17040
17080
17220
17340
17360
17440
17580
17580
17580
17680
17680
17700
17700
17720
17780
17780
17780
17820
17840
17900
18040
18060
18100
18140
18200
18280
18340
18340
18380
18380
18440
18500
18600
18620
18700
18760
18760
18800
18880
18880
18980
19000
19020
19060
19080
19080
19400
19400
19440
19480
19540
19660
19720
19840
19860
19940
20040
20060
20140
20140
20140
20280
20380
20440
20560
20600
20620
20620
20660
20720
20740
20740
20760
20820
20820
20900
20920
20940
20980
21320
21360
21380
21500
21500
21500
21560
21700
21720
21780
21820
21820
21840
21860
21860
21980
22200
22340
22360
22420
22500
22540
22600
22600
22600
22620
22660
22740
22780
22840
22860
22900
22960
23000
23020
23080
23080
23140
23200
23220
23260
23320
23400
23400
23620
23620
23640
23680
23760
23780
24020
24020
24160
24180
24380
24440
24520
24520
24540
24580
24580
24600
24740
24780
24780
24860
24940
25020
25100
25100
25100
25160
25260
25300
25420
25420
25420
25460
25540
25640
25860
25940
25940
25980
26140
26180
26320
26320
26340
26360
26460
26480
26640
26640
26660
26680
26700
26720
26720
26740
26780
26780
26780
26780
26800
26820
26880
26880
26960
26980
27000
27020
27060
27280
27400
27440
27740
27780
27820
27940
28060
28060
28140
28140
28180
28180
28380
28380
28420
28420
28440
28440
28540
28560
28660
28700
28780
28840
28860
28960
29020
29060
29120
29200
29220
29240
29260
29340
29400
29400
29460
29540
29560
29640
29720
29780
29780
29840
29840
29900
29920
29960
30020
30080
30100
30160
30200
30260
30440
30500
30580
30660
30720
30760
30820
30840
30880
30920
30920
30960
31140
31200
31220
31320
31380
31420
31460
31520
31600
31660
31720
31960
32160
32160
32220
32240
32280
32280
32340
32360
32380
32980
32980
33160
33440
33480
33660
33820
33820
33840
34120
34180
34180
34200
34300
34300
34320
34440
34440
34460
34760
34940
35200
35220
35340
35380
35580
35600
35660
35700
35720
35880
35920
36160
36160
36180
36400
36500
36520
36580
36760
