0
0
0
0
0
0
0
0
0
0
0
0
0
0
0
0
0
0
0
0
0
0
0
0
0
0
0
0
0
0
0
0
0
0
20
20
60
60
60
80
80
120
140
140
180
620
640
700
740
840
1240
1360
1420
1460
2360
2380
2420
2560
2680
2760
2800
2800
2880
2880
2880
2980
2980
3100
3140
3140
3300
3400
3420
3440
3460
3500
3560
3760
4320
4440
5160
5440
5760
5940
5980
6060
6200
6260
6400
6480
6520
6580
6700
6760
6820
6840
6840
6980
6980
7040
7260
7420
7460
7880
8020
8060
8380
8420
8600
8680
8700
9000
9000
9040
9080
9160
9320
9340
9440
10000
10040
10040
10100
10220
10620
10760
10760
10840
10880
10980
11000
11060
11080
11080
11080
11080
11140
11260
11280
11300
11340
11340
11480
11480
11540
11580
11620
11620
11680
11780
11840
11900
11900
11920
12000
12040
12240
12260
12320
12400
12440
12460
12480
12540
12560
12560
12600
12620
12780
12860
12900
13000
13080
13120
13180
13300
13360
13380
13540
13580
13620
13620
13660
13780
13880
13880
13880
13940
13940
14000
14060
14060
14080
14100
14120
14160
14180
14200
14240
14340
14340
14340
14360
14380
14380
14420
14480
14580
14660
14760
14920
14940
14940
14960
14960
15020
15040
15060
15060
15060
15060
15080
15140
15160
15260
15260
15260
15280
15280
15320
15380
15420
15420
15440
15660
15880
15900
15920
16000
16020
16160
16300
16300
16340
16340
16480
16500
16600
16620
16860
16960
17020
17040
17180
17240
17300
17460
17460
17500
17520
17580
17640
17660
17680
17700
17780
17860
17880
17940
17960
18000
18180
18200
18240
18280
18280
18300
18380
18380
18420
18500
18540
18580
18660
18660
18660
18700
18740
18820
18820
18820
18860
18880
18960
19000
19000
19000
19100
19120
19160
19180
19220
19240
19260
19280
19280
19300
19300
19320
19340
19380
19420
19520
19620
19620
19640
19640
19700
19700
19700
19720
19760
19780
19780
19880
19880
19920
19940
20000
20060
20080
20080
20100
20120
20160
20200
20240
20320
20340
20340
20340
20400
20460
20480
20500
20560
20660
20760
20780
20800
20800
20820
20880
20920
21080
21120
21120
21180
21240
21260
21260
21340
21360
21360
21400
21480
21520
21560
21620
21640
21720
21720
21740
21880
21900
22020
22100
22300
22460
22460
22520
22540
22620
22660
22680
22680
22700
22900
22900
22920
23080
23120
23140
23240
23260
23280
23320
23380
23420
23460
23560
23620
24020
24080
24380
24580
24600
24660
24880
24900
24940
24940
25000
25000
25060
25120
25140
25160
25160
25220
25360
25520
25680
25740
25820
25840
25880
26200
26200
26240
26300
26460
26460
26640
26660
26700
26700
26700
26720
26840
26980
26980
27160
27180
27240
27240
27300
27380
27540
27640
27760
27920
28040
28120
28180
28240
28260
28300
28340
28380
28380
28420
28480
28600
28620
28640
28660
28800
28860
29180
29180
29220
29280
29320
29360
29440
29520
29520
29580
29680
29800
29840
30000
30020
30160
30500
30500
30580
30600
30660
30740
30900
30940
31020
31140
31300
31340
31400
31460
31520
31580
31620
31740
31760
31760
31780
31880
32040
32200
32320
32440
32700
33000
33220
33400
33580
33680
33700
33940
34580
35160
35300
35480
