0
0
0
0
0
0
0
0
0
0
0
0
0
0
0
0
0
0
0
0
0
0
0
0
0
0
20
20
20
20
40
40
40
40
40
80
80
100
120
120
140
140
180
200
240
280
320
360
380
400
440
540
540
740
780
780
800
800
820
840
900
920
920
920
940
980
1020
1080
1120
1120
1160
1160
1280
1400
1460
1520
1680
1720
1780
1800
2180
2420
2880
3000
3260
3260
3600
3640
3840
4000
4020
4080
4140
4180
4300
4560
4700
4700
4780
5100
5220
5280
5460
5620
5700
5700
5720
5820
5840
5880
5940
6040
6080
6120
6280
6380
6540
6700
6720
6740
6840
6860
6920
7080
7280
7280
7320
7320
7480
7520
7640
7680
7720
7760
8120
8200
8260
8300
8300
8360
8380
8380
8420
8460
8640
8640
8820
8840
8880
8920
9000
9020
9100
9220
9220
9340
9440
9460
9480
9660
9680
9700
9820
9940
9940
9960
10000
10020
10080
10080
10160
10180
10220
10240
10380
10400
10580
10580
10620
10680
10700
10780
10800
10880
10900
10900
10900
10900
10980
11020
11040
11220
11220
11320
11400
11500
11560
11620
11620
11700
11720
11920
11920
11960
12000
12040
12160
12300
12300
12360
12380
12580
12600
12600
12600
12660
12820
12920
13040
13080
13140
13140
13140
13160
13340
13540
13660
13680
13760
13840
13940
14000
14220
14240
14320
14360
14600
14620
14660
14700
14860
14880
14900
14940
14960
14980
15040
15120
15380
15400
15420
15440
15460
15520
15560
15560
15580
15700
15720
15760
15780
15800
15860
15920
16020
16040
16040
16080
16100
16120
16160
16180
16200
16200
16200
16320
16360
16400
16420
16520
16540
16540
16560
16600
16620
16680
16760
16800
16800
16800
16880
16940
16940
16940
16980
17060
17120
17140
17300
17340
17360
17440
17460
17460
17480
17520
17540
17540
17620
17660
17760
17780
17800
17840
17860
17860
17860
17900
17920
17940
17960
18060
18100
18240
18280
18400
18420
18420
18440
18460
18480
18480
18540
18620
18760
18800
18880
18960
19000
19020
19060
19100
19140
19220
19240
19280
19480
19500
19660
19720
19720
19800
19800
19820
19820
19940
19940
19940
19960
19980
20000
20020
20060
20060
20080
20080
20120
20180
20200
20200
20200
20360
20440
20520
20540
20540
20600
20700
20820
20880
20940
20960
20960
20980
21040
21180
21260
21260
21380
21380
21460
21560
21600
21700
21720
21760
21760
21780
21800
21800
21840
21960
21980
22200
22240
22300
22300
22320
22340
22460
22460
22460
22500
22540
22600
22640
22720
22740
22760
22780
22800
22800
22840
22880
23020
23040
23080
23080
23120
23120
23160
23160
23220
23220
23280
23300
23300
23420
23460
23480
23500
23540
23600
23660
23800
23820
23880
23940
23960
23960
23960
24000
24020
24040
24160
24160
24180
24200
24200
24580
24660
24820
24860
24900
24980
25000
25080
25200
25220
25320
25340
25360
25400
25440
25440
25440
25480
25500
25500
25500
25540
25560
25580
25620
25660
25660
25660
25800
25900
26060
26220
26340
26380
26500
26540
26540
26560
26580
26760
26860
26880
26920
26940
26960
27000
27120
27240
27320
27400
27600
27940
27980
28040
28080
28160
28300
28340
28480
28520
28700
28760
28900
28980
29300
29400
29440
29500
29600
29700
30100
30480
30780
30940
31280
31380
31780
31880
31960
32060
32200
