1 1 0 0 0 0 0 0 0 0 0 0 0 0 0 0 0 0 0 0 0 0 0 0 0 0 0 0 0 0 0 0 0 0 0 0 0 0 0 0 0 0 0 0 0 0 0 0 0 0 0 0 0 0 0 0 0 0 0 0 0 0 0 0 0 0 0 0 0 0 0 0 0 0 0 0 0 0 0 0 0 0 0 0 0 0 0 0 0 0 0 0 0 0 0 0 0 0 0 0 0   0
2 2 0 0 0 0 0 0 0 0 0 0 0 0 0 0 0 0 0 0 0 0 0 0 0 0 0 0 0 0 0 0 0 0 0 0 0 0 0 0 0 0 0 0 0 0 0 0 0 0 0 0 0 0 0 0 0 0 0 0 0 0 0 0 0 0 0 0 0 0 0 0 0 0 0 0 0 0 0 0 0 0 0 0 0 0 0 0 0 0 0 0 0 0 0 0 0 0 0 0 0   0
3 3 0 0 0 0 0 0 0 0 0 0 0 0 0 0 0 0 0 0 0 0 0 0 0 0 0 0 0 0 0 0 0 0 0 0 0 0 0 0 0 0 0 0 0 0 0 0 0 0 0 0 0 0 0 0 0 0 0 0 0 0 0 0 0 0 0 0 0 0 0 0 0 0 0 0 0 0 0 0 0 0 0 0 0 0 0 0 0 0 0 0 0 0 0 0 0 0 0 0 0   0
4 4 0 0 0 0 0 0 0 0 0 0 0 0 0 0 0 0 0 0 0 0 0 0 0 0 0 0 0 0 0 0 0 0 0 0 0 0 0 0 0 0 0 0 0 0 0 0 0 0 0 0 0 0 0 0 0 0 0 0 0 0 0 0 0 0 0 0 0 0 0 0 0 0 0 0 0 0 0 0 0 0 0 0 0 0 0 0 0 0 0 0 0 0 0 0 0 0 0 0 0   0
6 5 0 0 0 0 0 0 0 0 0 0 0 0 0 0 0 0 0 0 0 0 0 0 0 0 0 0 0 0 0 0 0 0 0 0 0 0 0 0 0 0 0 0 0 0 0 0 0 0 0 0 0 0 0 0 0 0 0 0 0 0 0 0 0 0 0 0 0 0 0 0 0 0 0 0 0 0 0 0 0 0 0 0 0 0 0 0 0 0 0 0 0 0 0 0 0 0 0 0 0   0
7 7 0 0 0 0 0 0 0 0 0 0 0 0 0 0 0 0 0 0 0 0 0 0 0 0 0 0 0 0 0 0 0 0 0 0 0 0 0 0 0 0 0 0 0 0 0 0 0 0 0 0 0 0 0 0 0 0 0 0 0 0 0 0 0 0 0 0 0 0 0 0 0 0 0 0 0 0 0 0 0 0 0 0 0 0 0 0 0 0 0 0 0 0 0 0 0 0 0 0 0   0
8 8 0 0 0 0 0 0 0 0 0 0 0 0 0 0 0 0 0 0 0 0 0 0 0 0 0 0 0 0 0 0 0 0 0 0 0 0 0 0 0 0 0 0 0 0 0 0 0 0 0 0 0 0 0 0 0 0 0 0 0 0 0 0 0 0 0 0 0 0 0 0 0 0 0 0 0 0 0 0 0 0 0 0 0 0 0 0 0 0 0 0 0 0 0 0 0 0 0 0 0   0
9 9 0 0 0 0 0 0 0 0 0 0 0 0 0 0 0 0 0 0 0 0 0 0 0 0 0 0 0 0 0 0 0 0 0 0 0 0 0 0 0 0 0 0 0 0 0 0 0 0 0 0 0 0 0 0 0 0 0 0 0 0 0 0 0 0 0 0 0 0 0 0 0 0 0 0 0 0 0 0 0 0 0 0 0 0 0 0 0 0 0 0 0 0 0 0 0 0 0 0 0   0
10 10 0 0 0 0 0 0 0 0 0 0 0 0 0 0 0 0 0 0 0 0 0 0 0 0 0 0 0 0 0 0 0 0 0 0 0 0 0 0 0 0 0 0 0 0 0 0 0 0 0 0 0 0 0 0 0 0 0 0 0 0 0 0 0 0 0 0 0 0 0 0 0 0 0 0 0 0 0 0 0 0 0 0 0 0 0 0 0 0 0 0 0 0 0 0 0 0 0 0 0   0
51 10 0 0 0 0 0 0 0 0 0 0 0 0 0 0 0 0 0 0 0 0 0 0 0 0 0 0 0 0 0 0 0 0 0 0 0 0 0 0 0 0 0 0 0 0 0 0 0 1 0 0 0 0 0 0 0 0 0 0 0 0 0 0 0 0 0 0 0 0 0 0 0 0 0 0 0 0 0 0 0 0 0 0 0 0 0 0 0 0 0 0 0 0 0 0 0 0 0 0 0   0
52 10 0 0 0 0 0 0 0 0 0 0 0 0 0 0 0 0 0 0 0 0 0 0 0 0 0 0 0 0 0 0 0 0 0 0 0 0 0 0 0 0 0 0 0 0 0 0 0 2 0 0 0 0 0 0 0 0 0 0 0 0 0 0 0 0 0 0 0 0 0 0 0 0 0 0 0 0 0 0 0 0 0 0 0 0 0 0 0 0 0 0 0 0 0 0 0 0 0 0 0   40
62 10 0 0 0 0 0 0 0 0 0 0 2 0 0 0 0 0 0 0 0 0 0 0 0 0 0 0 0 0 0 0 0 0 0 0 0 0 0 0 0 0 0 0 0 0 0 0 0 2 0 0 0 0 0 0 0 0 0 0 0 0 0 0 0 0 0 0 0 0 0 0 0 0 0 0 0 0 0 0 0 0 0 0 0 0 0 0 0 0 0 0 0 0 0 0 0 0 0 0 0   120
63 10 0 0 0 0 0 0 0 0 0 0 3 0 0 0 0 0 0 0 0 0 0 0 0 0 0 0 0 0 0 0 0 0 0 0 0 0 0 0 0 0 0 0 0 0 0 0 0 2 0 0 0 0 0 0 0 0 0 0 0 0 0 0 0 0 0 0 0 0 0 0 0 0 0 0 0 0 0 0 0 0 0 0 0 0 0 0 0 0 0 0 0 0 0 0 0 0 0 0 0   120
64 10 0 0 0 0 0 0 0 0 0 0 4 0 0 0 0 0 0 0 0 0 0 0 0 0 0 0 0 0 0 0 0 0 0 0 0 0 0 0 0 0 0 0 0 0 0 0 0 2 0 0 0 0 0 0 0 0 0 0 0 0 0 0 0 0 0 0 0 0 0 0 0 0 0 0 0 0 0 0 0 0 0 0 0 0 0 0 0 0 0 0 0 0 0 0 0 0 0 0 0   140
84 10 0 0 0 0 0 0 0 0 0 0 4 0 0 0 0 0 0 0 0 0 0 0 0 0 0 0 0 0 0 0 0 0 0 0 0 0 0 0 0 0 0 0 0 0 0 0 0 3 0 0 0 0 0 0 0 0 0 0 0 0 0 0 0 0 0 0 0 0 0 0 0 0 0 0 0 0 0 0 0 0 0 0 0 0 0 0 0 0 0 0 0 0 0 0 0 0 0 0 0   380
85 10 0 0 0 0 0 0 0 0 0 0 4 0 0 0 0 0 0 0 0 0 0 0 0 0 0 0 0 0 0 0 0 0 0 0 0 0 0 0 0 0 0 0 0 0 0 0 0 4 0 0 0 0 0 0 0 0 0 0 0 0 0 0 0 0 0 0 0 0 0 0 0 0 0 0 0 0 0 0 0 0 0 0 0 0 0 0 0 0 0 0 0 0 0 0 0 0 0 0 0   400
86 10 0 0 0 0 0 0 0 0 0 0 4 0 0 0 0 0 0 0 0 0 0 0 0 0 0 0 0 0 0 0 0 0 0 0 0 0 0 0 0 0 0 0 0 0 0 0 0 6 0 0 0 0 0 0 0 0 0 0 0 0 0 0 0 0 0 0 0 0 0 0 0 0 0 0 0 0 0 0 0 0 0 0 0 0 0 0 0 0 0 0 0 0 0 0 0 0 0 0 0   420
87 10 0 0 0 0 0 0 0 0 0 0 4 0 0 0 0 0 0 0 0 0 0 0 0 0 0 0 0 0 0 0 0 0 0 0 0 0 0 0 0 0 0 0 0 0 0 0 0 7 0 0 0 0 0 0 0 0 0 0 0 0 0 0 0 0 0 0 0 0 0 0 0 0 0 0 0 0 0 0 0 0 0 0 0 0 0 0 0 0 0 0 0 0 0 0 0 0 0 0 0   440
89 10 0 0 0 0 0 0 0 0 0 0 4 0 0 0 0 0 0 0 0 0 0 0 0 0 0 0 0 0 0 0 0 0 0 0 0 0 0 0 0 0 0 0 0 0 0 0 0 8 0 0 0 0 0 0 0 0 0 0 0 0 0 0 0 0 0 0 0 0 0 0 0 0 0 0 0 0 0 0 0 0 0 0 0 0 0 0 0 0 0 0 0 0 0 0 0 0 0 0 0   500
90 10 0 0 0 0 0 0 0 0 0 0 4 0 0 0 0 0 0 0 0 0 0 0 0 0 0 0 0 0 0 0 0 0 0 0 0 0 0 0 0 0 0 0 0 0 0 0 0 9 0 0 0 0 0 0 0 0 0 0 0 0 0 0 0 0 0 0 0 0 0 0 0 0 0 0 0 0 0 0 0 0 0 0 0 0 0 0 0 0 0 0 0 0 0 0 0 0 0 0 0   540
91 10 0 0 0 0 0 0 0 0 0 0 4 0 0 0 0 0 0 0 0 0 0 0 0 0 0 0 0 0 0 0 0 0 0 0 0 0 0 0 0 0 0 0 0 0 0 0 0 10 0 0 0 0 0 0 0 0 0 0 0 0 0 0 0 0 0 0 0 0 0 0 0 0 0 0 0 0 0 0 0 0 0 0 0 0 0 0 0 0 0 0 0 0 0 0 0 0 0 0 0   560
96 10 0 0 0 0 0 0 0 0 0 0 5 0 0 0 0 0 0 0 0 0 0 0 0 0 0 0 0 0 0 0 0 0 0 0 0 0 0 0 0 0 0 0 0 0 0 0 0 10 0 0 0 0 0 0 0 0 0 0 0 0 0 0 0 0 0 0 0 0 0 0 0 0 0 0 0 0 0 0 0 0 0 0 0 0 0 0 0 0 0 0 0 0 0 0 0 0 0 0 0   600
97 10 0 0 0 0 0 0 0 0 0 0 6 0 0 0 0 0 0 0 0 0 0 0 0 0 0 0 0 0 0 0 0 0 0 0 0 0 0 0 0 0 0 0 0 0 0 0 0 10 0 0 0 0 0 0 0 0 0 0 0 0 0 0 0 0 0 0 0 0 0 0 0 0 0 0 0 0 0 0 0 0 0 0 0 0 0 0 0 0 0 0 0 0 0 0 0 0 0 0 0   660
98 10 0 0 0 0 0 0 0 0 0 0 7 0 0 0 0 0 0 0 0 0 0 0 0 0 0 0 0 0 0 0 0 0 0 0 0 0 0 0 0 0 0 0 0 0 0 0 0 10 0 0 0 0 0 0 0 0 0 0 0 0 0 0 0 0 0 0 0 0 0 0 0 0 0 0 0 0 0 0 0 0 0 0 0 0 0 0 0 0 0 0 0 0 0 0 0 0 0 0 0   700
99 10 0 0 0 0 0 0 0 0 0 0 9 0 0 0 0 0 0 0 0 0 0 0 0 0 0 0 0 0 0 0 0 0 0 0 0 0 0 0 0 0 0 0 0 0 0 0 0 10 0 0 0 0 0 0 0 0 0 0 0 0 0 0 0 0 0 0 0 0 0 0 0 0 0 0 0 0 0 0 0 0 0 0 0 0 0 0 0 0 0 0 0 0 0 0 0 0 0 0 0   740
101 10 0 0 0 0 0 0 0 0 0 0 10 0 0 0 0 0 0 0 0 0 0 0 0 0 0 0 0 0 0 0 0 0 0 0 0 0 0 0 0 0 0 0 0 0 0 0 0 10 0 0 0 0 0 0 0 0 0 0 0 0 0 0 0 0 0 0 0 0 0 0 0 0 0 0 0 0 0 0 0 0 0 0 0 0 0 0 0 0 0 0 0 0 0 0 0 0 0 0 0   760
143 10 0 0 0 0 0 0 0 0 1 0 10 0 0 0 0 0 0 0 0 0 0 0 0 0 0 0 0 0 0 0 0 0 0 0 0 0 0 0 0 0 0 0 0 0 0 0 0 10 0 0 0 0 0 0 0 0 0 0 0 0 0 0 0 0 0 0 0 0 0 0 0 0 0 0 0 0 0 0 0 0 0 0 0 0 0 0 0 0 0 0 0 0 0 0 0 0 0 0 0   1480
193 10 0 0 0 0 0 0 0 0 2 0 10 0 0 0 0 0 0 0 0 0 0 0 0 0 0 0 0 0 0 0 0 0 0 0 0 0 0 0 0 0 0 0 0 0 0 0 0 10 0 0 0 0 0 0 0 0 0 0 0 0 0 0 0 0 0 0 0 0 0 0 0 0 0 0 0 0 0 0 0 0 0 0 0 0 0 0 0 0 0 0 0 0 0 0 0 0 0 0 0   2140
194 10 0 0 0 0 0 0 0 0 3 0 10 0 0 0 0 0 0 0 0 0 0 0 0 0 0 0 0 0 0 0 0 0 0 0 0 0 0 0 0 0 0 0 0 0 0 0 0 10 0 0 0 0 0 0 0 0 0 0 0 0 0 0 0 0 0 0 0 0 0 0 0 0 0 0 0 0 0 0 0 0 0 0 0 0 0 0 0 0 0 0 0 0 0 0 0 0 0 0 0   2200
195 10 0 0 0 0 0 0 0 0 4 0 10 0 0 0 0 0 0 0 0 0 0 0 0 0 0 0 0 0 0 0 0 0 0 0 0 0 0 0 0 0 0 0 0 0 0 0 0 10 0 0 0 0 0 0 0 0 0 0 0 0 0 0 0 0 0 0 0 0 0 0 0 0 0 0 0 0 0 0 0 0 0 0 0 0 0 0 0 0 0 0 0 0 0 0 0 0 0 0 0   2240
197 10 0 0 0 0 0 0 0 0 5 0 10 0 0 0 0 0 0 0 0 0 0 0 0 0 0 0 0 0 0 0 0 0 0 0 0 0 0 0 0 0 0 0 0 0 0 0 0 10 0 0 0 0 0 0 0 0 0 0 0 0 0 0 0 0 0 0 0 0 0 0 0 0 0 0 0 0 0 0 0 0 0 0 0 0 0 0 0 0 0 0 0 0 0 0 0 0 0 0 0   2280
208 10 0 0 0 0 0 0 0 0 6 0 10 0 0 0 0 0 0 0 0 0 0 0 0 0 0 0 0 0 0 0 0 0 0 0 0 0 0 0 0 0 0 0 0 0 0 0 0 10 0 0 0 0 0 0 0 0 0 0 0 0 0 0 0 0 0 0 0 0 0 0 0 0 0 0 0 0 0 0 0 0 0 0 0 0 0 0 0 0 0 0 0 0 0 0 0 0 0 0 0   2500
218 10 0 0 0 0 0 0 0 0 7 0 10 0 0 0 0 0 0 0 0 0 0 0 0 0 0 0 0 0 0 0 0 0 0 0 0 0 0 0 0 0 0 0 0 0 0 0 0 10 0 0 0 0 0 0 0 0 0 0 0 0 0 0 0 0 0 0 0 0 0 0 0 0 0 0 0 0 0 0 0 0 0 0 0 0 0 0 0 0 0 0 0 0 0 0 0 0 0 0 0   2680
258 10 1 0 0 0 0 0 0 1 7 0 10 0 0 0 0 0 0 0 0 0 0 0 0 0 0 0 0 0 0 0 0 0 0 0 0 0 0 1 0 0 0 0 0 0 0 0 0 10 0 0 0 0 0 0 0 0 0 0 0 0 0 0 0 0 0 0 0 0 0 0 0 0 0 0 0 0 0 0 0 0 0 0 0 0 0 0 0 0 0 0 0 0 0 0 0 0 0 0 0   3200
260 10 1 0 0 0 0 0 0 1 9 0 10 0 0 0 0 0 0 0 0 0 0 0 0 0 0 0 0 0 0 0 0 0 0 0 0 0 0 1 0 0 0 0 0 0 0 0 0 10 0 0 0 0 0 0 0 0 0 0 0 0 0 0 0 0 0 0 0 0 0 0 0 0 0 0 0 0 0 0 0 0 0 0 0 0 0 0 0 0 0 0 0 0 0 0 0 0 0 0 0   3200
265 10 1 0 0 0 0 0 0 1 9 0 10 0 0 0 0 0 0 0 0 0 0 0 0 1 0 0 0 0 0 0 0 0 0 0 0 0 0 1 0 0 0 0 0 0 0 0 0 10 0 0 0 0 0 0 0 0 0 0 0 0 0 0 0 0 0 0 0 0 0 0 0 0 0 0 0 0 0 0 0 0 0 0 0 0 0 0 0 0 0 0 0 0 0 0 0 0 0 0 0   3220
282 10 1 0 0 0 0 0 0 1 10 0 10 0 0 0 0 0 0 0 0 0 0 0 0 1 0 0 0 0 0 0 0 0 0 0 0 0 0 1 0 0 0 0 0 0 0 0 0 10 0 0 0 0 0 0 0 0 0 0 0 0 0 0 0 0 0 0 0 0 0 0 0 0 0 0 0 0 0 0 0 0 0 0 0 0 0 0 0 0 0 0 0 0 0 0 0 0 0 0 0   3440
321 10 2 0 0 0 0 0 0 1 10 0 10 0 0 0 0 0 0 0 0 0 0 0 0 1 0 0 0 0 0 0 0 0 0 0 0 0 0 2 0 0 0 0 0 0 0 0 0 10 0 0 0 0 0 0 0 0 0 0 0 0 0 0 0 0 0 0 0 0 0 0 0 0 0 0 0 0 0 0 0 0 0 0 0 0 0 0 0 0 0 0 0 0 0 0 0 0 0 0 0   3980
324 10 2 0 0 0 0 0 0 1 10 0 10 0 0 0 0 0 0 0 0 0 0 0 0 2 0 0 0 0 0 0 0 0 0 0 0 0 0 2 0 0 0 0 0 0 0 0 0 10 0 0 0 0 0 0 0 0 0 0 0 0 0 0 0 0 0 0 0 0 0 0 0 0 0 0 0 0 0 0 0 0 0 0 0 0 0 0 0 0 0 0 0 0 0 0 0 0 0 0 0   4060
325 10 2 0 0 0 0 0 0 1 10 0 10 0 0 0 0 0 0 0 0 0 0 0 0 3 0 0 0 0 0 0 0 0 0 0 0 0 0 2 0 0 0 0 0 0 0 0 0 10 0 0 0 0 0 0 0 0 0 0 0 0 0 0 0 0 0 0 0 0 0 0 0 0 0 0 0 0 0 0 0 0 0 0 0 0 0 0 0 0 0 0 0 0 0 0 0 0 0 0 0   4100
336 10 2 0 0 0 0 0 0 1 10 0 10 0 0 0 0 0 0 0 0 0 0 0 0 4 0 0 0 0 0 0 0 0 0 0 0 0 0 2 0 0 0 0 0 0 0 0 0 10 0 0 0 0 0 0 0 0 0 0 0 0 0 0 0 0 0 0 0 0 0 0 0 0 0 0 0 0 0 0 0 0 0 0 0 0 0 0 0 0 0 0 0 0 0 0 0 0 0 0 0   4260
337 10 2 0 0 0 0 0 0 1 10 0 10 0 0 0 0 0 0 0 0 0 0 0 0 5 0 0 0 0 0 0 0 0 0 0 0 0 0 2 0 0 0 0 0 0 0 0 0 10 0 0 0 0 0 0 0 0 0 0 0 0 0 0 0 0 0 0 0 0 0 0 0 0 0 0 0 0 0 0 0 0 0 0 0 0 0 0 0 0 0 0 0 0 0 0 0 0 0 0 0   4280
348 10 2 0 0 0 0 0 0 1 10 0 10 0 0 0 0 0 0 0 0 0 0 0 0 6 0 0 0 0 0 0 0 0 0 0 0 0 0 2 0 0 0 0 0 0 0 0 0 10 0 0 0 0 0 0 0 0 0 0 0 0 0 0 0 0 0 0 0 0 0 0 0 0 0 0 0 0 0 0 0 0 0 0 0 0 0 0 0 0 0 0 0 0 0 0 0 0 0 0 0   4440
349 10 2 0 0 0 0 0 0 1 10 0 10 0 0 0 0 0 0 0 0 0 0 0 0 7 0 0 0 0 0 0 0 0 0 0 0 0 0 2 0 0 0 0 0 0 0 0 0 10 0 0 0 0 0 0 0 0 0 0 0 0 0 0 0 0 0 0 0 0 0 0 0 0 0 0 0 0 0 0 0 0 0 0 0 0 0 0 0 0 0 0 0 0 0 0 0 0 0 0 0   4460
351 10 2 0 0 0 0 0 0 1 10 0 10 0 0 0 0 0 0 0 0 0 0 0 0 8 0 0 0 0 0 0 0 0 0 0 0 0 0 2 0 0 0 0 0 0 0 0 0 10 0 0 0 0 0 0 0 0 0 0 0 0 0 0 0 0 0 0 0 0 0 0 0 0 0 0 0 0 0 0 0 0 0 0 0 0 0 0 0 0 0 0 0 0 0 0 0 0 0 0 0   4480
352 10 2 0 0 0 0 0 0 1 10 0 10 0 0 0 0 0 0 0 0 0 0 0 0 9 0 0 0 0 0 0 0 0 0 0 0 0 0 2 0 0 0 0 0 0 0 0 0 10 0 0 0 0 0 0 0 0 0 0 0 0 0 0 0 0 0 0 0 0 0 0 0 0 0 0 0 0 0 0 0 0 0 0 0 0 0 0 0 0 0 0 0 0 0 0 0 0 0 0 0   4520
353 10 2 0 0 0 0 0 0 1 10 0 10 0 0 0 0 0 0 0 0 0 0 0 0 10 0 0 0 0 0 0 0 0 0 0 0 0 0 2 0 0 0 0 0 0 0 0 0 10 0 0 0 0 0 0 0 0 0 0 0 0 0 0 0 0 0 0 0 0 0 0 0 0 0 0 0 0 0 0 0 0 0 0 0 0 0 0 0 0 0 0 0 0 0 0 0 0 0 0 0   4520
425 10 2 0 0 0 0 0 0 1 10 0 10 0 0 0 1 0 0 0 0 0 0 0 0 10 0 0 0 0 0 0 1 0 0 0 0 0 0 2 0 0 0 0 0 0 0 0 0 10 0 0 0 0 0 0 0 0 0 0 0 0 0 0 0 0 0 0 0 0 0 0 0 0 0 0 0 0 0 0 0 0 0 0 0 0 0 0 0 0 0 0 0 0 0 0 0 0 0 0 0   5720
437 10 2 0 0 0 0 0 0 1 10 0 10 0 0 0 1 0 0 0 0 0 0 0 0 10 0 0 1 0 0 0 1 0 0 0 0 0 0 2 0 0 0 0 0 0 0 0 0 10 0 0 0 0 0 0 0 0 0 0 0 0 0 0 0 0 0 0 0 0 0 0 0 0 0 0 0 0 0 0 0 0 0 0 0 0 0 0 0 0 0 0 0 0 0 0 0 0 0 0 0   5880
458 10 2 0 0 0 0 0 0 1 10 0 10 0 0 0 1 0 0 0 0 0 0 0 0 10 0 0 2 0 0 0 1 0 0 0 0 0 0 2 0 0 0 0 0 0 0 0 0 10 0 0 0 0 0 0 0 0 0 0 0 0 0 0 0 0 0 0 0 0 0 0 0 0 0 0 0 0 0 0 0 0 0 0 0 0 0 0 0 0 0 0 0 0 0 0 0 0 0 0 0   6240
464 10 2 0 0 0 0 0 0 1 10 0 10 0 0 0 1 0 0 0 0 0 0 0 0 10 0 0 3 0 0 0 1 0 0 0 0 0 0 2 0 0 0 0 0 0 0 0 0 10 0 0 0 0 0 0 0 0 0 0 0 0 0 0 0 0 0 0 0 0 0 0 0 0 0 0 0 0 0 0 0 0 0 0 0 0 0 0 0 0 0 0 0 0 0 0 0 0 0 0 0   6300
470 10 2 0 0 0 0 0 0 1 10 0 10 0 0 0 1 0 0 0 0 0 0 0 0 10 0 0 4 0 0 0 1 0 0 0 0 0 0 2 0 0 0 0 0 0 0 0 0 10 0 0 0 0 0 0 0 0 0 0 0 0 0 0 0 0 0 0 0 0 0 0 0 0 0 0 0 0 0 0 0 0 0 0 0 0 0 0 0 0 0 0 0 0 0 0 0 0 0 0 0   6400
473 10 2 0 0 0 0 0 0 1 10 0 10 0 0 0 1 0 0 0 0 0 0 0 0 10 0 0 4 0 0 0 1 0 0 0 0 0 0 2 0 0 0 0 0 0 1 0 0 10 0 0 0 0 0 0 0 0 0 0 0 0 0 0 0 0 0 0 0 0 0 0 0 0 0 0 0 0 0 0 0 0 0 0 0 0 0 0 0 0 0 0 0 0 0 0 0 0 0 0 0   6460
480 10 2 0 0 0 0 0 0 1 10 0 10 0 0 0 1 0 0 0 0 0 0 0 0 10 0 0 4 0 1 0 1 0 0 0 0 0 0 2 0 0 0 0 0 0 1 0 0 10 0 0 0 0 0 0 0 0 0 0 0 0 0 0 0 0 0 0 0 0 0 0 0 0 0 0 0 0 0 0 0 0 0 0 0 0 0 1 0 0 0 0 0 0 0 0 0 0 0 0 0   6560
514 10 2 0 0 0 0 0 0 1 10 0 10 0 0 0 1 0 0 0 0 0 0 0 0 10 0 0 4 0 1 0 1 0 0 0 0 0 0 2 0 0 0 0 0 0 2 0 0 10 0 0 0 0 0 0 0 0 0 0 0 0 0 0 0 0 0 0 0 0 0 0 0 0 0 0 0 0 0 0 0 0 0 0 0 0 0 1 0 0 0 0 0 0 0 0 0 0 0 0 0   7340
521 10 2 0 0 0 0 0 0 1 10 0 10 0 0 0 1 0 0 0 0 0 0 0 0 10 0 0 4 0 1 0 1 0 0 0 0 0 0 2 0 0 0 0 0 0 3 0 0 10 0 0 0 0 0 0 0 0 0 0 0 0 0 0 0 0 0 0 0 0 0 0 0 0 0 0 0 0 0 0 0 0 0 0 0 0 0 1 0 0 0 0 0 0 0 0 0 0 0 0 0   7420
530 10 2 0 0 0 0 0 0 1 10 0 10 0 0 0 1 0 0 0 0 0 0 0 0 10 0 0 4 0 1 0 1 0 0 0 0 0 0 2 0 0 0 0 0 0 3 0 0 10 0 0 0 0 0 0 0 0 0 0 0 0 0 0 0 0 0 0 0 0 0 0 0 0 0 0 0 0 0 0 0 0 0 0 0 0 0 1 0 0 0 0 0 0 0 0 0 0 0 1 1   7620
535 10 2 0 0 0 0 0 0 1 10 0 10 0 0 1 1 0 0 0 0 0 0 0 0 10 0 0 4 0 1 0 1 0 0 0 0 0 0 2 0 0 0 0 0 0 3 0 0 10 0 0 0 0 0 0 0 0 0 0 0 0 0 0 0 0 0 0 0 0 0 0 0 0 0 0 0 0 0 0 0 0 0 0 0 0 0 1 0 0 0 0 0 0 0 0 0 0 0 1 1   7640
536 10 2 0 0 0 0 0 0 1 10 0 10 0 0 1 1 0 0 0 0 0 0 0 0 10 0 0 4 0 1 0 2 0 0 0 0 0 0 2 0 0 0 0 0 0 3 0 0 10 0 0 0 0 0 0 0 0 0 0 0 0 0 0 0 0 0 0 0 0 0 0 0 0 0 0 0 0 0 0 0 0 0 0 0 0 0 1 0 0 0 0 0 0 0 0 0 0 0 1 1   7640
542 10 2 0 0 0 0 0 0 1 10 0 10 0 0 1 1 0 0 0 0 0 0 0 0 10 0 0 4 0 1 0 3 0 0 0 0 0 0 2 0 0 0 0 0 0 4 0 0 10 0 0 0 0 0 0 0 0 0 0 0 0 0 0 0 0 0 0 0 0 0 0 0 0 0 0 0 0 0 0 0 0 0 0 0 0 0 1 0 0 0 0 0 0 0 0 0 0 0 1 1   7780
549 10 2 0 0 0 0 0 0 1 10 0 10 0 0 1 1 0 0 0 0 0 0 0 0 10 0 0 5 0 1 0 3 0 0 0 0 0 0 2 0 0 0 0 0 0 4 0 0 10 0 0 0 0 0 0 0 0 0 0 0 0 0 0 0 0 0 0 0 0 0 0 0 0 0 0 0 0 0 0 0 0 0 0 0 0 0 1 0 0 0 0 0 0 0 0 0 0 0 1 1   7860
561 10 2 0 0 0 0 0 0 1 10 0 10 0 0 1 1 0 0 0 0 0 0 0 0 10 0 0 5 0 1 0 3 0 0 0 0 0 0 2 0 0 0 0 0 0 4 0 0 10 0 0 0 0 0 0 0 0 0 0 0 0 0 0 0 0 0 0 0 0 0 0 0 0 0 0 0 0 0 0 0 0 0 0 0 0 0 1 0 0 0 0 0 0 0 0 0 0 0 1 2   8060
569 10 2 0 0 0 0 0 0 1 10 0 10 0 0 1 1 0 0 0 0 0 0 0 0 10 0 0 6 0 1 0 3 0 0 0 0 0 0 2 0 0 0 0 0 0 4 0 0 10 0 0 0 0 0 0 0 0 0 0 0 0 0 0 0 0 0 0 0 0 0 0 0 0 0 0 0 0 0 0 0 0 0 0 0 0 0 1 0 0 0 0 0 0 0 0 0 0 0 1 2   8240
573 10 2 0 0 0 0 0 0 1 10 0 10 0 0 1 1 0 0 0 0 0 0 0 0 10 0 0 6 0 2 0 3 0 0 0 0 0 0 2 0 0 0 0 0 0 4 0 0 10 0 0 0 0 0 0 0 0 0 0 0 0 0 0 0 0 0 0 0 0 0 0 0 0 0 0 0 0 0 0 0 0 0 0 0 0 0 1 0 0 0 0 0 0 0 0 0 0 0 1 2   8280
596 10 2 0 0 0 0 0 0 1 10 0 10 0 0 1 1 0 0 0 0 0 0 0 0 10 0 0 6 0 3 0 3 0 0 0 0 0 0 2 0 0 0 0 0 0 4 0 0 10 0 0 0 0 0 0 0 0 0 0 0 0 0 0 0 0 0 0 0 0 0 0 0 0 0 0 0 0 0 0 0 0 0 0 0 0 0 1 0 0 0 0 0 0 0 0 0 0 0 1 2   8600
616 10 2 0 0 0 0 0 0 1 10 0 10 0 0 1 1 0 0 0 0 0 0 0 0 10 0 0 6 0 4 0 3 0 0 0 0 0 0 2 0 0 0 0 0 0 4 0 0 10 0 0 0 0 0 0 0 0 0 0 0 0 0 0 0 0 0 0 0 0 0 0 0 0 0 0 0 0 0 0 0 0 0 0 0 0 0 1 0 0 0 0 0 0 0 0 0 0 0 1 2   9040
634 10 2 0 0 0 0 0 0 1 10 0 10 0 0 1 2 0 0 0 0 0 0 0 0 10 0 0 6 0 4 0 3 0 0 0 0 0 0 2 0 0 0 0 0 0 4 0 0 10 0 0 0 0 0 0 0 0 0 0 0 0 0 0 0 0 0 0 0 0 0 0 0 0 0 0 0 0 0 0 0 0 0 0 0 0 0 1 0 0 0 0 0 0 0 0 0 0 0 1 2   9180
640 10 2 0 0 0 0 0 0 1 10 0 10 0 0 1 3 0 0 0 0 0 1 0 0 10 0 0 6 0 4 0 3 0 0 0 0 0 0 2 0 0 0 0 0 1 4 0 0 10 0 0 0 0 0 0 0 0 0 0 0 0 0 0 0 0 0 0 0 0 0 0 0 0 0 0 0 0 0 0 0 0 0 0 0 0 0 1 0 0 0 0 0 0 0 0 0 1 0 1 2   9300
651 10 2 0 0 0 0 0 0 1 10 0 10 0 0 1 3 0 0 0 0 0 1 0 0 10 0 0 7 0 4 0 3 0 0 0 0 0 0 2 0 0 0 0 0 1 4 0 0 10 0 0 0 0 0 0 0 0 0 1 0 0 0 0 0 0 0 0 0 0 0 0 0 0 0 1 0 0 0 0 0 0 0 0 0 0 0 1 0 0 0 0 0 0 0 0 0 1 0 1 2   9500
656 10 2 0 0 0 0 0 0 1 10 0 10 0 0 1 3 0 0 0 0 0 1 0 0 10 0 0 7 0 4 0 3 2 0 0 0 0 0 2 0 0 0 0 0 1 4 0 0 10 0 0 0 0 0 0 0 0 0 1 0 0 0 0 0 0 0 0 0 0 0 0 0 0 0 1 0 0 0 0 0 0 0 0 0 0 0 1 0 0 0 0 0 0 0 0 0 1 0 1 2   9580
662 10 2 0 0 0 0 0 0 1 10 0 10 0 0 1 3 0 0 1 0 0 1 0 0 10 0 0 7 0 4 0 3 2 0 0 0 0 0 2 0 1 0 0 0 1 4 0 0 10 0 0 0 0 0 0 0 0 0 1 0 0 0 0 0 0 0 0 0 0 0 0 0 0 0 1 0 0 0 0 0 0 0 0 0 0 0 1 0 0 0 0 0 0 0 0 0 1 0 1 2   9680
682 10 2 0 0 0 0 0 0 1 10 0 10 0 0 1 3 0 0 1 0 0 1 0 0 10 0 0 8 0 4 0 3 2 0 0 0 0 0 2 0 1 0 0 0 1 4 0 0 10 0 0 0 0 0 0 0 0 0 1 0 0 0 0 0 0 0 0 0 0 0 0 0 0 0 1 0 0 0 0 0 0 0 0 0 0 0 1 0 0 0 0 0 0 0 0 0 1 0 1 2   9980
693 10 2 0 0 0 0 0 0 1 10 0 10 0 0 1 3 0 0 1 0 0 1 0 0 10 0 0 9 0 4 0 3 2 0 0 0 0 0 2 0 1 0 0 0 1 4 0 0 10 0 0 0 0 0 0 0 0 0 1 0 0 0 0 0 0 0 0 0 0 0 0 0 0 0 1 0 0 0 0 0 0 0 0 0 0 0 1 0 0 0 0 0 0 0 0 0 1 0 1 2   10160
694 10 2 0 0 0 0 0 0 1 10 0 10 0 0 1 3 0 0 1 0 0 1 0 0 10 0 0 10 0 4 0 3 2 0 0 0 0 0 2 0 1 0 0 0 1 4 0 0 10 0 0 0 0 0 0 0 0 0 1 0 0 0 0 0 0 0 0 0 0 0 0 0 0 0 1 0 0 0 0 0 0 0 0 0 0 0 1 0 0 0 0 0 0 0 0 0 1 0 1 2   10160
703 10 2 0 0 0 0 0 1 1 10 0 10 0 0 1 3 0 0 1 0 0 1 0 0 10 0 0 10 0 4 0 3 2 0 1 1 0 0 2 0 1 0 0 0 1 4 0 0 10 0 0 0 0 0 0 0 0 0 1 0 0 0 0 0 0 0 0 0 0 0 0 0 0 0 1 0 0 0 0 0 1 0 0 0 0 0 1 0 0 0 0 0 0 0 0 0 1 0 1 2   10260
716 10 2 0 0 0 0 0 1 1 10 0 10 0 0 1 3 0 0 1 0 0 1 0 0 10 0 0 10 0 4 0 3 2 0 1 1 0 0 2 0 1 0 0 0 1 4 0 0 10 0 0 0 0 0 0 0 0 0 1 0 0 0 0 0 0 0 0 0 0 0 0 0 0 0 2 0 0 0 0 0 1 0 0 0 0 0 1 0 0 0 0 0 0 0 0 0 1 0 2 2   10480
722 10 2 0 0 0 0 0 2 2 10 0 10 0 0 1 3 0 0 1 0 0 1 0 0 10 0 0 10 0 4 0 3 2 0 1 1 0 0 2 0 1 0 0 0 1 4 0 0 10 0 0 0 0 0 0 0 0 0 1 0 0 0 0 0 0 0 0 0 0 0 0 0 0 0 2 0 0 0 0 0 1 0 0 0 0 0 1 0 0 0 0 0 0 0 0 0 1 0 2 2   10580
724 10 2 0 0 1 0 1 2 2 10 0 10 0 0 1 3 0 0 1 0 0 1 0 0 10 1 0 10 0 4 0 3 2 0 1 1 0 0 2 0 1 0 0 0 1 4 0 0 10 0 0 0 0 0 0 0 0 0 1 0 0 0 0 0 0 0 0 0 0 0 0 0 0 0 2 0 0 0 0 0 1 0 0 0 0 0 1 0 0 0 0 0 0 0 0 0 1 0 2 2   10660
735 10 2 0 0 1 0 1 2 3 10 0 10 0 0 1 3 0 0 1 0 0 1 0 0 10 1 0 10 0 4 0 3 2 0 1 1 0 0 2 0 1 0 0 0 1 4 0 0 10 0 0 0 0 0 0 0 0 0 1 0 0 0 0 0 0 0 0 0 0 0 0 0 0 0 3 0 0 0 0 0 1 0 0 0 0 0 1 0 0 0 0 0 0 0 0 0 1 0 2 2   10820
741 10 2 0 0 1 0 1 2 4 10 0 10 0 0 1 3 0 0 1 0 0 1 0 0 10 1 0 10 0 4 0 3 2 0 1 1 0 0 2 0 1 0 0 0 1 4 0 0 10 0 0 0 0 0 0 0 0 0 1 0 0 0 0 0 0 0 0 0 0 0 0 0 0 0 4 0 0 0 0 0 1 0 0 0 0 0 1 0 0 0 0 0 0 0 0 0 1 0 2 2   10880
744 10 2 0 0 1 0 1 2 4 10 0 10 0 0 1 3 0 0 1 0 0 1 0 0 10 2 0 10 0 4 0 3 2 0 1 1 0 0 2 0 1 0 0 0 1 4 0 0 10 0 0 0 0 0 0 0 0 0 1 0 0 0 0 0 0 0 0 0 0 0 0 0 0 0 4 0 0 0 0 0 1 0 0 0 0 0 1 0 0 0 0 0 0 0 0 0 1 0 2 2   10900
756 10 2 0 0 1 0 2 2 4 10 0 10 0 0 1 3 0 0 1 0 0 1 0 0 10 2 0 10 0 4 0 3 2 0 1 1 0 0 2 0 1 0 0 0 1 4 0 0 10 0 0 0 0 0 0 0 0 0 1 0 0 0 0 0 0 0 0 0 0 0 0 0 0 0 4 0 0 0 0 0 1 0 0 0 0 0 1 0 0 0 0 0 0 0 0 0 1 0 2 2   11080
764 10 2 0 0 2 0 2 2 4 10 0 10 0 0 1 3 0 0 1 0 0 1 0 0 10 2 0 10 0 4 0 3 2 0 1 1 0 0 2 0 1 0 0 0 1 4 0 0 10 0 0 0 0 0 0 0 0 0 1 0 0 0 0 0 0 0 0 0 0 0 0 0 0 0 4 0 0 0 0 0 1 0 0 0 0 0 1 0 0 0 0 0 0 0 0 0 1 0 2 2   11220
765 10 2 0 0 2 0 3 2 4 10 0 10 0 0 1 3 0 0 1 0 0 1 0 0 10 3 0 10 0 4 0 3 2 0 1 1 0 0 2 0 1 0 0 0 1 4 0 0 10 0 0 0 0 0 0 0 0 0 1 0 0 0 0 0 0 0 0 0 0 0 0 0 0 0 4 0 0 0 0 0 1 0 0 0 0 0 1 0 0 0 0 0 0 0 0 0 1 0 2 2   11220
779 10 2 0 0 2 0 4 2 4 10 0 10 0 0 1 3 0 0 1 0 0 1 0 0 10 4 0 10 0 4 0 3 2 0 1 1 0 0 2 0 1 0 0 0 1 4 0 0 10 0 0 0 0 0 0 0 0 0 1 0 0 0 0 0 0 0 0 0 0 0 0 0 0 0 4 0 0 0 0 0 1 0 0 0 0 0 1 0 0 0 0 0 0 0 0 0 1 0 2 2   11440
785 10 2 0 0 2 0 4 2 4 10 0 10 0 0 1 3 0 0 1 0 0 1 0 0 10 4 0 10 0 4 0 3 2 0 1 1 0 0 3 0 1 0 0 0 1 4 0 0 10 0 0 0 0 0 0 0 0 0 1 0 0 0 0 0 0 0 0 0 0 0 0 0 0 0 4 0 0 0 0 0 1 0 0 0 0 0 1 0 0 0 0 0 0 0 0 0 1 0 2 2   11520
787 10 2 0 0 2 0 5 2 4 10 0 10 0 0 1 3 0 0 1 0 0 1 0 0 10 4 0 10 0 4 0 3 2 0 1 1 0 0 3 0 1 0 0 0 1 4 0 0 10 0 0 0 0 0 0 0 0 0 1 0 0 0 0 0 0 0 0 0 0 0 0 0 0 0 4 0 0 0 0 0 1 0 0 0 0 0 1 0 0 0 0 0 0 0 0 0 1 0 2 2   11560
792 10 2 0 0 2 0 5 2 4 10 0 10 0 0 1 3 0 0 1 0 0 1 0 0 10 4 0 10 0 4 0 3 2 0 1 1 0 0 3 0 1 0 0 0 1 4 0 0 10 0 0 0 0 0 0 0 0 0 1 0 0 0 0 0 0 0 0 0 0 0 0 0 0 0 4 0 0 0 0 0 1 0 0 0 0 0 1 0 0 0 0 0 0 0 0 0 1 1 2 2   11620
801 10 2 0 0 2 0 5 2 4 10 1 10 1 0 1 3 0 0 1 0 0 1 0 0 10 4 0 10 0 4 1 3 2 0 1 1 0 0 3 0 1 0 0 0 1 4 0 0 10 0 0 0 0 0 0 0 0 0 1 0 0 0 0 0 0 0 0 0 0 0 0 0 0 0 4 0 0 0 0 0 1 0 0 0 0 0 1 0 0 0 0 0 0 0 0 0 1 1 2 2   11740
809 10 2 0 0 2 0 5 2 4 10 1 10 1 0 1 3 0 0 1 0 0 1 0 0 10 4 0 10 0 4 1 3 2 0 1 1 0 0 3 0 1 0 0 0 1 4 0 0 10 0 0 1 0 0 0 0 0 0 1 0 0 0 0 0 0 0 0 0 1 0 0 1 0 0 4 0 0 0 0 0 1 0 1 0 0 0 1 0 0 0 0 0 0 0 0 0 1 1 2 2   11860
812 10 2 0 0 2 0 5 2 4 10 1 10 1 0 1 3 0 0 1 0 0 1 0 0 10 4 0 10 0 4 1 3 2 0 1 1 0 0 3 1 1 0 0 0 1 4 0 0 10 0 0 1 1 0 0 0 0 1 1 0 0 0 0 0 0 0 0 0 1 0 0 1 0 0 4 0 0 0 0 0 1 0 1 0 0 1 1 0 0 0 0 0 0 0 0 0 1 1 2 2   11920
816 10 2 0 0 2 0 5 2 4 10 2 10 1 0 1 3 0 0 1 0 0 1 0 0 10 4 0 10 0 4 2 3 2 0 1 1 0 0 3 1 1 0 0 0 1 4 0 0 10 0 0 1 1 0 0 0 0 1 1 0 0 0 0 0 0 0 0 0 1 0 0 1 0 0 4 0 0 0 0 0 1 0 1 0 0 1 2 0 0 0 0 0 0 0 0 0 1 1 2 2   11980
833 10 2 0 0 2 0 5 2 4 10 2 10 1 0 1 3 1 0 1 1 0 1 0 0 10 4 0 10 0 4 2 3 2 0 1 1 0 0 3 1 1 0 0 0 1 4 0 0 10 0 0 1 1 0 0 0 0 1 1 0 1 0 0 0 0 0 0 0 1 0 0 1 0 0 4 0 0 0 0 0 1 0 1 0 0 1 2 0 0 0 1 0 0 1 0 0 1 1 2 2   12280
839 10 2 0 0 2 0 5 2 4 10 2 10 1 0 1 3 2 0 1 2 0 1 0 0 10 4 0 10 0 4 2 3 2 0 1 1 0 0 3 1 1 0 0 0 1 4 0 0 10 0 0 1 1 0 0 0 0 1 1 0 2 0 0 0 0 0 0 0 1 0 0 1 0 0 4 0 0 0 0 0 1 0 2 0 0 1 2 0 0 0 2 0 0 2 0 0 1 1 2 2   12420
851 10 2 0 0 2 0 5 2 4 10 2 10 1 0 1 3 2 0 1 2 0 1 0 0 10 4 0 10 0 4 2 3 2 0 1 2 0 0 3 1 1 0 0 0 1 4 0 0 10 0 0 1 1 0 0 0 0 1 1 0 2 0 0 0 0 0 0 0 1 0 0 1 0 0 4 0 0 0 0 0 1 0 2 0 0 1 2 0 0 0 2 0 0 2 0 0 1 1 2 2   12580
852 10 2 0 0 2 0 5 2 4 10 2 10 1 0 1 3 2 0 1 3 0 1 0 0 10 4 0 10 0 4 2 3 2 0 1 2 0 0 3 1 1 0 0 0 1 4 0 0 10 0 0 1 1 0 0 0 0 1 1 0 3 0 0 0 0 0 0 0 1 0 0 1 0 0 4 0 0 0 0 0 1 0 3 0 0 1 2 0 0 0 2 0 0 3 0 0 1 1 2 2   12600
861 10 2 0 0 2 0 5 2 4 10 2 10 1 0 1 3 2 0 1 3 0 1 0 0 10 4 1 10 0 4 2 3 2 0 1 2 0 0 3 1 1 0 0 0 1 4 0 0 10 0 0 1 1 0 0 0 0 1 1 0 3 0 0 0 0 0 0 1 1 0 0 1 0 0 4 0 0 0 0 0 1 0 3 0 0 1 2 0 0 1 2 0 0 3 0 0 1 1 2 2   12800
863 10 2 0 0 2 0 5 2 4 10 2 10 1 0 1 3 2 0 2 3 0 1 0 0 10 4 1 10 0 4 2 3 2 0 1 2 0 0 3 1 1 0 0 0 1 4 0 0 10 0 0 1 1 0 0 0 0 1 1 0 3 0 0 0 0 0 0 1 1 0 0 1 0 0 4 0 0 0 0 0 1 0 3 0 0 1 2 0 0 1 2 0 0 3 0 0 1 1 2 2   12800
867 10 2 0 0 2 0 5 2 4 10 2 10 1 0 1 3 2 0 2 3 0 1 0 0 10 4 1 10 0 4 2 3 2 0 1 2 0 0 3 1 1 1 1 0 1 4 0 0 10 0 0 1 1 0 0 0 0 1 1 0 3 0 0 0 0 0 0 1 1 0 0 1 0 0 4 0 0 0 0 0 1 0 3 0 1 1 2 0 0 1 2 0 0 3 0 0 1 1 2 2   12860
886 10 2 0 0 2 0 5 2 4 10 2 10 1 0 1 3 2 0 2 3 0 1 0 0 10 4 1 10 0 4 2 3 2 0 1 2 0 1 3 1 1 1 1 0 1 4 0 0 10 0 0 1 1 1 0 0 0 1 1 0 3 0 0 0 0 0 0 1 1 0 0 1 0 0 4 0 0 0 0 0 1 0 3 0 1 1 2 0 0 1 2 0 0 3 0 0 1 1 2 2   13040
892 10 2 0 0 2 0 5 2 4 10 2 10 1 0 1 3 2 0 2 3 0 1 0 0 10 4 1 10 0 4 2 3 2 0 1 2 0 1 3 1 1 1 1 0 1 4 0 0 10 0 0 1 1 2 0 0 0 1 1 0 3 0 0 0 0 0 0 1 1 0 0 1 0 0 4 0 0 0 0 0 1 0 3 0 1 1 2 0 0 1 2 0 0 3 0 0 1 1 2 2   13140
898 10 2 0 0 2 0 5 2 4 10 2 10 1 0 1 3 2 0 2 3 0 1 0 0 10 4 1 10 0 4 2 3 2 0 1 2 0 1 3 1 1 1 1 0 1 4 0 0 10 0 0 1 1 2 0 0 0 1 1 0 3 0 0 0 0 0 0 1 1 0 0 1 1 0 4 0 0 0 0 0 1 0 3 0 1 1 2 1 0 1 2 0 0 3 0 0 1 1 2 2   13280
899 10 2 0 0 2 0 5 2 4 10 2 10 1 0 1 3 2 0 2 3 0 1 0 0 10 4 1 10 0 4 2 4 2 0 1 2 0 1 3 1 1 1 1 0 1 4 0 0 10 0 0 1 1 2 0 0 0 1 1 0 3 0 0 0 0 0 0 1 1 0 0 1 1 0 4 0 0 0 0 0 1 0 3 0 1 1 2 1 0 1 2 0 0 3 0 0 1 1 2 2   13280
907 10 2 0 0 2 0 5 2 4 10 2 10 1 0 1 3 2 1 2 3 0 1 0 0 10 4 1 10 0 4 2 4 2 0 1 2 0 1 3 1 1 1 1 0 1 4 0 0 10 0 0 1 1 2 0 0 0 1 1 0 3 0 0 1 0 0 0 1 1 0 0 1 1 0 4 0 0 0 0 0 1 0 3 0 1 1 2 1 0 1 2 0 0 3 0 0 1 1 2 2   13360
913 10 2 0 0 2 0 5 2 4 10 2 10 1 0 1 3 2 2 2 3 0 1 0 0 10 4 2 10 0 4 2 4 2 0 1 2 0 1 3 1 1 1 1 0 1 4 0 0 10 0 0 1 1 2 0 0 0 1 1 0 3 0 0 1 0 0 0 2 1 0 0 1 1 0 4 0 0 0 0 0 1 0 3 0 1 1 2 1 0 1 2 0 0 3 0 0 1 1 2 2   13400
925 10 2 0 0 2 0 5 2 4 10 2 10 1 0 1 3 2 2 2 3 0 1 0 0 10 4 2 10 0 4 2 4 2 0 1 2 0 1 3 1 1 1 1 0 1 4 0 0 10 0 0 1 1 2 0 0 0 1 1 0 3 0 0 1 0 0 0 2 1 0 0 1 1 0 4 0 0 0 0 0 1 0 4 0 1 1 2 1 0 1 2 0 0 4 0 0 1 1 2 2   13700
928 10 2 0 0 2 0 6 2 4 10 2 10 1 0 1 3 2 2 2 3 0 1 0 0 10 4 2 10 0 4 2 4 2 0 1 2 0 1 3 1 1 1 1 0 1 4 0 0 10 0 0 1 1 2 0 0 0 1 1 0 3 0 0 1 0 0 0 2 1 0 0 1 1 0 4 0 0 0 0 0 1 0 4 0 1 1 2 1 0 1 2 0 0 4 0 0 1 1 2 2   13800
931 10 2 0 0 2 0 6 2 4 10 2 10 1 0 1 3 2 2 2 3 0 1 0 0 10 4 2 10 0 4 2 4 2 0 1 2 0 1 3 1 1 1 1 0 1 4 0 0 10 0 0 1 1 2 0 0 0 1 1 0 3 0 0 1 0 0 0 2 1 0 0 1 1 0 4 0 0 0 0 0 1 0 5 0 1 1 2 1 0 1 2 0 0 5 0 0 1 1 2 2   13800
937 10 2 0 0 2 0 6 2 4 10 2 10 1 0 1 3 2 2 2 3 0 1 0 0 10 4 2 10 0 4 2 4 2 0 1 2 0 1 3 1 1 1 1 0 1 4 0 0 10 0 0 1 1 2 0 0 0 1 1 0 3 0 0 1 0 0 0 2 1 0 0 1 1 0 4 0 0 0 0 0 1 0 5 0 1 1 2 1 0 1 2 0 0 6 0 0 1 1 2 2   13920
948 10 2 0 0 2 0 7 2 4 10 2 10 1 0 1 3 2 2 2 3 0 1 0 0 10 4 2 10 0 4 2 4 2 0 1 2 0 1 3 1 1 1 1 0 1 4 0 0 10 0 0 1 1 2 0 0 0 1 1 0 3 0 0 1 0 0 0 2 1 0 0 1 1 0 4 0 0 0 0 0 1 0 5 0 1 1 2 1 0 1 2 0 0 6 0 0 1 1 2 2   14000
972 10 2 0 0 2 0 7 2 4 10 2 10 1 0 1 3 2 2 2 3 0 1 1 0 10 4 2 10 0 4 2 4 2 0 1 2 0 1 3 1 1 1 1 0 1 4 1 0 10 0 0 1 1 2 0 0 0 1 1 0 3 0 0 1 0 0 0 2 1 0 1 1 1 0 4 0 0 0 0 0 1 0 5 0 1 1 2 1 0 1 2 0 0 6 0 0 1 1 2 2   14320
974 10 2 0 0 2 0 7 2 4 10 2 10 1 0 1 3 2 2 2 3 0 1 1 0 10 4 2 10 0 4 2 4 2 0 1 2 0 1 3 1 1 1 1 0 1 4 1 0 10 1 0 1 1 2 0 0 0 1 1 0 3 0 0 1 0 0 0 2 1 0 1 1 1 0 4 0 0 1 0 0 1 0 5 1 1 1 2 1 0 1 2 0 0 6 0 1 1 1 2 2   14320
980 10 2 0 0 2 0 7 2 4 10 2 10 1 0 1 3 2 2 2 3 1 1 1 0 10 4 2 10 0 4 2 4 2 0 1 2 0 1 3 1 1 1 1 0 1 4 1 0 10 1 0 1 1 2 0 1 0 1 1 0 3 0 0 1 0 0 0 2 1 1 1 1 1 0 4 0 0 1 0 0 1 0 5 1 1 1 2 1 0 1 2 0 0 6 0 1 1 1 2 2   14420
995 10 2 0 0 2 0 7 2 4 10 2 10 1 0 1 3 2 2 2 3 2 1 1 0 10 4 2 10 0 4 2 4 2 0 1 2 0 1 3 1 1 1 1 0 1 4 1 0 10 1 0 1 1 2 0 2 0 1 1 0 3 0 0 1 0 0 0 2 1 1 1 1 1 0 4 0 0 1 0 0 1 0 5 1 1 1 2 1 0 1 2 0 0 6 0 1 1 1 2 2   14600
1001 10 2 0 0 2 0 7 2 4 10 2 10 1 0 1 3 2 2 2 3 2 1 1 0 10 4 2 10 0 4 2 4 2 0 1 2 0 1 3 1 1 1 1 0 1 4 1 0 10 1 0 1 1 2 0 2 0 1 1 0 3 0 0 1 0 0 0 2 1 1 1 1 1 0 4 0 0 2 0 0 1 0 5 2 1 1 2 1 0 1 2 0 0 6 0 1 1 2 2 2   14660
1009 10 2 0 0 2 0 7 2 4 10 2 10 1 0 1 3 2 2 2 3 2 1 1 0 10 4 2 10 0 4 2 4 2 0 1 2 0 3 3 1 1 1 1 0 1 4 1 0 10 1 0 1 1 2 0 2 0 1 1 0 3 0 0 1 0 0 0 2 1 1 1 1 1 0 4 0 0 2 0 0 1 0 5 2 1 1 2 1 0 1 2 0 0 6 0 1 1 2 2 2   14820
1027 10 2 0 0 2 0 7 2 4 10 2 10 1 0 1 3 2 2 2 3 2 1 1 0 10 4 2 10 0 4 2 4 2 0 1 2 0 3 3 1 1 1 1 0 1 4 1 0 10 1 0 1 1 2 0 2 0 1 1 0 3 0 0 1 0 0 0 2 1 1 1 1 1 0 4 0 0 2 0 0 1 0 5 2 1 1 2 1 0 1 2 0 0 7 0 1 1 2 2 2   15040
1035 10 2 0 0 2 0 7 2 4 10 2 10 1 0 1 3 2 2 2 3 2 1 1 0 10 4 2 10 0 4 2 4 2 0 1 2 0 3 3 1 1 1 1 0 1 4 1 0 10 1 0 1 1 2 0 2 0 1 1 0 3 0 0 1 0 0 0 2 1 1 1 1 1 0 4 0 0 2 0 0 1 0 5 2 1 1 2 1 0 1 2 0 0 8 0 1 1 2 2 2   15180
1049 10 2 0 0 2 0 7 2 4 10 2 10 1 0 1 3 2 2 2 3 2 1 1 0 10 4 2 10 0 4 2 4 2 0 1 2 0 3 3 1 1 1 1 0 1 4 1 0 10 1 0 1 1 2 0 2 0 1 1 0 3 0 0 1 0 0 0 2 1 1 1 1 1 0 4 0 0 2 0 0 1 0 5 2 1 1 2 1 0 1 2 0 0 9 0 1 1 2 2 2   15460
1059 10 2 0 1 2 0 7 2 4 10 2 10 1 0 1 3 2 2 2 3 2 1 1 0 10 4 2 10 0 4 2 4 2 0 1 2 0 3 3 1 1 1 1 0 1 4 1 0 10 1 0 1 1 2 0 2 0 1 1 0 3 1 0 1 0 0 0 2 1 1 1 1 1 0 4 0 1 2 0 0 1 0 5 2 1 1 2 1 0 1 2 0 0 9 0 1 1 2 2 2   15600
1061 10 2 0 1 2 0 7 2 4 10 2 10 1 0 1 3 2 2 2 3 2 1 1 0 10 4 2 10 0 4 2 4 2 0 1 2 0 3 3 1 1 1 1 0 1 4 1 0 10 1 0 1 1 2 0 2 0 1 1 0 3 1 0 1 0 0 0 2 1 1 1 1 1 0 4 0 1 2 0 0 1 0 5 2 1 1 2 1 0 1 2 0 0 10 0 1 1 2 2 2   15620
1089 10 2 0 1 2 0 7 2 4 10 2 10 1 0 1 3 2 2 2 3 2 1 1 0 10 4 2 10 0 4 2 4 2 0 1 2 0 3 3 1 1 1 1 0 1 4 1 0 10 1 0 1 1 2 0 2 1 1 1 1 3 1 0 1 1 0 0 2 1 1 1 1 1 0 4 0 1 2 0 0 1 0 5 2 1 1 2 1 1 1 2 0 0 10 0 1 1 2 2 2   16080
1099 10 2 0 1 2 0 7 2 4 10 2 10 1 0 1 3 2 2 2 3 2 1 1 0 10 4 2 10 0 4 2 4 2 0 1 2 0 3 3 1 1 1 1 0 1 4 1 0 10 1 0 1 1 2 0 2 2 1 1 2 3 1 0 1 2 0 0 2 2 1 1 1 1 0 4 0 1 2 0 0 1 0 5 2 1 1 2 1 2 1 2 0 0 10 0 1 2 2 2 2   16380
1104 10 2 0 1 2 0 7 2 4 10 2 10 1 0 1 3 2 2 2 3 2 1 1 0 10 4 2 10 0 4 2 4 2 0 1 2 0 3 3 1 2 1 1 0 1 4 1 0 10 1 0 1 1 2 0 2 2 1 1 2 3 1 0 1 2 0 0 2 2 1 1 1 1 0 4 0 1 2 0 0 1 0 5 2 1 1 2 1 2 1 2 0 0 10 0 1 2 2 2 2   16420
1107 10 2 0 1 2 0 7 2 4 10 2 10 1 0 1 3 2 2 2 3 2 1 1 0 10 4 2 10 0 4 2 4 2 0 1 3 0 3 3 1 2 1 1 0 1 4 1 0 10 1 0 1 1 2 0 2 2 1 1 2 3 1 0 1 2 0 0 2 2 1 1 1 1 0 4 0 1 2 0 0 1 0 5 2 1 1 2 1 2 1 2 0 0 10 0 1 2 2 2 2   16480
1125 10 2 0 1 2 0 7 2 4 10 2 10 1 0 1 3 2 2 2 3 2 1 1 0 10 4 2 10 0 4 2 4 2 0 1 3 0 3 4 1 2 1 1 0 1 4 1 0 10 1 0 1 1 2 0 2 2 1 1 2 3 1 0 1 2 0 0 2 2 1 1 1 1 0 4 0 1 2 0 0 1 0 5 2 1 1 2 1 2 1 2 0 0 10 0 1 2 2 2 2   16640
1127 10 2 0 1 2 0 7 2 4 10 2 10 1 0 1 3 2 2 3 3 3 1 1 0 10 4 2 10 0 4 2 4 2 0 1 3 0 3 4 1 2 1 1 0 1 4 1 0 10 1 0 1 1 2 0 2 3 1 1 2 3 1 0 1 3 0 0 2 2 1 1 1 1 0 4 0 1 2 0 0 1 0 5 2 1 1 2 1 2 1 2 0 0 10 0 1 3 2 2 2   16640
1129 10 2 0 1 2 0 7 2 4 10 2 10 2 0 1 3 2 2 3 3 3 1 1 0 10 4 2 10 0 4 2 4 2 0 1 3 0 3 4 1 2 1 1 0 1 4 1 0 10 1 0 1 1 2 0 2 3 1 1 2 3 1 0 1 3 0 0 2 2 1 1 1 1 0 4 0 1 2 0 0 1 0 5 2 1 1 2 1 2 1 2 0 0 10 0 1 3 2 2 2   16680
1133 10 2 0 1 2 0 7 2 4 10 2 10 2 0 1 3 2 2 3 3 3 1 1 0 10 4 2 10 0 4 2 4 2 0 1 3 0 3 4 1 2 1 1 0 1 4 1 0 10 1 0 1 1 2 1 2 3 1 1 2 3 1 0 1 3 0 0 2 2 1 1 1 1 0 4 0 1 2 0 0 1 0 5 2 1 1 2 1 2 1 2 0 0 10 0 1 3 2 2 2   16740
1137 10 2 0 1 2 0 7 2 4 10 2 10 2 0 1 3 2 2 3 3 3 1 1 0 10 4 2 10 0 4 2 4 2 0 1 3 0 3 4 1 2 1 1 0 1 4 1 0 10 1 0 1 1 3 1 3 3 1 1 2 3 1 0 1 3 0 0 2 2 1 1 1 1 0 4 0 1 3 0 0 1 0 5 2 1 1 2 1 2 1 2 0 0 10 0 1 3 2 2 2   16780
1138 10 2 0 1 2 0 7 2 4 10 2 10 2 0 1 3 2 2 4 3 3 1 1 0 10 4 2 10 0 4 2 4 2 0 1 3 0 3 4 1 2 1 1 0 1 4 1 0 10 1 0 1 1 3 1 3 3 1 1 2 3 1 0 1 3 0 0 2 2 1 1 1 1 0 4 0 1 3 0 0 1 0 5 2 1 1 2 1 2 1 2 0 0 10 0 1 3 2 2 2   16780
1140 10 2 0 1 2 0 7 2 4 10 2 10 2 0 1 3 2 2 4 3 3 1 1 0 10 4 2 10 0 4 2 4 2 0 1 3 0 3 4 1 2 1 1 0 1 4 1 0 10 1 0 1 1 3 1 3 3 1 1 2 3 1 0 1 3 0 0 2 2 1 1 1 1 0 4 0 1 3 0 0 1 0 5 2 1 1 2 1 3 1 2 0 0 10 0 1 3 2 2 2   16900
1145 10 2 0 1 2 0 7 2 4 10 2 10 2 0 1 3 2 2 4 3 3 1 1 0 10 4 2 10 0 4 2 4 2 0 1 3 0 3 4 1 2 1 1 0 1 4 1 0 10 1 0 1 1 3 1 3 3 1 1 2 3 1 0 1 3 0 0 2 2 1 1 1 1 0 4 0 1 3 0 0 1 0 5 3 1 1 2 1 3 1 2 0 0 10 0 1 3 3 2 2   17040
1150 10 2 0 1 2 0 7 2 4 10 2 10 2 0 1 3 2 2 4 3 3 1 1 0 10 4 2 10 0 4 2 4 2 0 1 3 0 3 4 1 2 1 1 0 1 4 1 0 10 1 0 1 1 3 1 3 3 1 1 2 3 1 0 1 3 0 0 2 3 1 1 1 1 0 4 0 1 3 0 0 1 0 5 3 1 1 2 1 3 1 2 0 0 10 0 1 3 3 2 2   17060
1151 10 2 0 1 2 0 7 2 4 10 2 10 2 0 1 3 2 2 4 3 3 1 1 0 10 4 2 10 0 4 2 4 2 0 1 3 0 3 4 1 2 1 1 0 1 4 1 0 10 1 0 1 1 3 1 3 3 1 1 2 3 1 0 1 3 0 0 2 3 1 1 1 1 0 4 0 1 3 0 0 1 0 5 4 1 1 2 1 3 1 2 0 0 10 0 1 3 3 2 2   17080
1155 10 2 0 1 2 0 7 2 4 10 2 10 3 0 1 3 2 2 4 3 3 1 1 0 10 4 2 10 0 4 2 4 2 0 1 3 0 3 4 1 2 1 1 0 1 4 1 0 10 1 0 1 1 3 1 3 3 1 1 2 3 1 0 1 3 0 0 2 3 1 1 1 1 0 4 0 1 3 0 0 1 0 5 4 1 1 2 1 3 1 2 0 0 10 0 1 3 3 2 2   17140
1203 10 2 0 1 2 0 7 2 4 10 2 10 3 0 1 3 2 2 4 3 3 1 1 0 10 4 2 10 0 4 2 4 2 0 1 3 0 3 4 1 2 1 1 0 1 4 1 0 10 1 0 1 1 3 1 3 3 2 1 2 3 1 0 1 3 0 0 2 3 1 1 1 1 0 4 0 1 3 0 0 1 0 5 4 1 1 2 1 3 1 2 0 0 10 0 1 3 3 2 2   17800
1208 10 2 0 1 2 0 7 2 4 10 3 10 3 0 1 3 2 2 4 3 3 1 1 0 10 4 2 10 0 4 2 4 2 0 1 3 0 3 4 1 2 1 1 0 1 4 1 0 10 1 0 1 1 3 1 3 3 2 1 2 3 1 0 1 3 0 0 2 3 1 1 1 1 0 4 0 1 3 0 0 1 0 5 4 1 1 2 1 3 1 2 0 0 10 0 1 3 3 2 2   17860
1209 10 2 0 1 2 0 7 2 4 10 3 10 3 0 1 3 2 2 4 3 3 1 1 0 10 4 2 10 0 4 2 4 2 0 1 3 0 3 4 1 2 1 1 1 1 4 1 0 10 1 0 1 1 3 1 3 3 2 1 2 3 1 0 1 3 0 0 2 3 1 1 1 1 0 4 0 1 3 0 0 1 0 5 4 1 1 2 1 3 1 2 0 0 10 0 1 3 3 2 2   17860
1214 10 2 0 2 2 0 7 2 4 10 3 10 3 0 1 3 2 2 4 3 3 1 1 0 10 4 2 10 0 4 2 4 2 0 1 3 0 3 4 1 2 1 1 1 1 4 1 0 10 1 0 1 1 3 1 3 3 2 1 2 3 1 0 1 3 0 0 2 3 2 1 1 1 0 4 0 1 3 0 0 2 0 5 4 1 1 2 1 3 1 2 0 0 10 0 2 3 3 2 2   17980
1233 10 2 0 3 2 0 7 2 4 10 3 10 3 0 1 3 2 2 4 3 3 1 1 0 10 4 2 10 0 4 2 4 2 0 1 3 0 3 4 1 2 1 1 1 1 4 1 0 10 1 0 1 1 3 1 3 3 2 1 2 3 1 0 1 3 0 0 2 3 3 1 1 1 0 4 0 1 3 0 0 3 0 5 4 1 1 3 1 3 1 2 0 0 10 0 3 3 3 2 2   18280
1234 10 2 0 3 2 0 7 2 4 10 3 10 3 0 1 3 2 2 4 3 3 1 1 0 10 4 2 10 0 5 2 4 2 0 1 3 0 3 4 1 2 1 1 1 1 4 1 0 10 1 0 1 1 3 1 3 3 2 1 2 3 1 0 1 3 0 0 2 3 3 1 1 1 0 4 0 1 3 0 0 3 0 5 4 1 1 3 1 3 1 2 0 0 10 0 3 3 3 2 2   18280
1239 10 2 0 4 2 0 7 2 4 10 3 10 3 0 1 3 2 2 4 3 3 1 1 0 10 4 2 10 0 5 2 4 2 0 1 4 0 3 4 1 2 1 1 1 1 4 1 0 10 1 0 1 1 3 1 3 3 2 1 2 3 1 0 1 3 0 0 2 3 4 1 1 1 0 4 0 1 3 0 0 3 0 5 4 1 1 4 1 3 1 2 0 0 10 0 3 3 3 2 2   18360
1244 10 2 0 4 2 0 7 2 4 10 3 10 3 0 1 3 2 2 4 3 3 1 1 0 10 4 2 10 0 5 2 4 2 0 1 4 0 3 4 1 2 1 1 1 1 4 1 0 10 1 0 1 1 3 1 3 3 2 1 2 3 1 0 1 3 0 0 2 3 4 2 1 1 0 4 0 1 3 0 0 3 0 5 4 1 1 4 1 3 1 2 0 0 10 0 3 3 3 2 2   18420
1246 10 2 0 4 2 0 7 2 4 10 3 10 3 0 1 3 2 2 4 3 3 1 1 0 10 4 2 10 0 5 2 4 2 0 1 4 0 3 4 1 2 1 1 1 1 4 1 0 10 1 0 1 1 3 1 3 3 2 1 2 3 1 0 1 3 0 0 2 3 4 2 2 1 0 4 0 1 3 0 0 3 0 5 4 1 1 4 1 3 1 2 0 0 10 0 3 3 3 2 2   18440
1248 10 2 0 4 2 0 7 2 4 10 3 10 3 0 1 3 2 2 4 3 3 1 1 0 10 4 2 10 0 6 2 4 2 0 1 4 0 3 4 1 2 1 1 1 1 4 1 0 10 1 0 1 1 3 1 3 3 2 1 2 3 1 0 1 3 0 0 2 3 4 2 2 1 0 4 0 1 3 0 0 3 0 5 4 1 1 4 1 3 1 2 0 0 10 0 3 3 3 2 2   18460
1250 10 2 0 4 2 0 7 2 4 10 3 10 3 0 1 3 2 2 4 3 3 1 1 0 10 4 2 10 0 6 2 4 3 0 1 4 0 3 4 1 2 1 1 1 1 4 1 0 10 1 0 1 1 3 1 3 3 2 1 3 3 1 0 1 3 0 0 2 3 4 2 2 1 0 4 0 1 3 0 0 3 0 5 4 1 1 4 1 3 1 2 0 0 10 0 3 3 3 2 2   18480
1253 10 2 0 4 2 0 7 2 4 10 3 10 3 0 1 3 2 2 4 3 3 1 1 0 10 4 2 10 0 6 2 4 3 0 1 4 0 3 4 1 2 1 1 1 1 4 1 0 10 1 0 1 1 3 1 3 3 2 1 3 3 1 0 1 3 0 0 2 3 4 2 3 1 0 4 0 1 3 0 0 3 0 5 4 1 1 4 1 3 1 2 0 0 10 0 3 3 3 2 2   18500
1256 10 2 0 4 2 0 7 2 4 10 3 10 3 0 1 3 2 2 4 3 3 1 1 0 10 4 2 10 0 7 2 4 3 0 1 4 0 3 4 1 2 1 1 1 1 4 1 0 10 1 0 1 1 3 1 3 3 2 1 3 3 1 0 1 3 0 0 2 3 4 2 3 1 0 4 0 1 3 0 0 3 0 5 4 1 1 4 1 3 1 2 0 0 10 0 3 3 3 2 2   18580
1260 10 2 0 4 2 0 7 2 4 10 3 10 3 0 1 3 2 2 4 3 3 1 1 0 10 4 2 10 0 7 2 4 3 0 1 4 0 3 4 1 2 1 1 2 1 4 1 0 10 1 0 1 1 3 1 3 3 2 1 3 3 1 0 1 3 0 0 2 3 4 2 3 1 0 4 0 1 3 0 0 3 0 5 4 1 1 4 1 3 1 2 0 0 10 0 3 3 3 2 2   18620
1262 10 2 0 4 2 0 7 2 4 10 3 10 3 0 1 3 2 2 4 3 3 1 1 0 10 4 2 10 0 7 2 4 3 0 1 4 0 3 4 1 2 1 1 3 1 4 1 0 10 1 0 1 1 3 1 3 3 2 1 3 3 1 0 1 3 0 0 2 3 4 2 3 1 0 4 0 1 3 0 0 3 0 5 4 1 1 4 1 3 1 2 0 0 10 0 3 3 3 2 2   18640
1263 10 2 0 4 2 0 7 2 4 10 3 10 3 0 1 3 2 2 4 3 3 1 1 0 10 4 2 10 0 7 2 4 3 0 1 4 0 3 4 1 2 1 1 5 1 4 1 0 10 1 0 1 1 3 1 3 3 2 1 3 3 1 0 1 3 0 0 2 3 4 2 3 1 0 4 0 1 3 0 0 3 0 5 4 1 1 4 1 3 1 2 0 0 10 0 3 3 3 2 2   18680
1275 10 2 0 4 2 0 7 2 4 10 3 10 3 0 1 3 2 2 4 3 3 1 1 0 10 4 2 10 0 7 2 4 3 0 1 4 0 3 4 1 2 1 1 6 1 4 1 0 10 1 0 1 1 3 1 3 3 2 1 3 3 1 0 1 3 0 0 2 3 4 2 3 1 0 4 0 1 3 0 0 3 0 5 4 1 1 4 1 3 1 2 0 0 10 0 3 3 3 2 2   18840
1276 10 2 0 4 2 0 7 2 4 10 3 10 3 0 1 3 2 2 4 3 3 1 1 1 10 4 2 10 0 7 2 4 3 0 1 4 0 3 4 1 2 1 1 6 1 4 1 1 10 1 0 1 1 3 1 3 3 2 1 3 3 1 0 1 3 0 0 2 3 4 2 3 1 0 4 0 1 3 0 0 3 0 5 4 1 1 4 1 3 1 2 0 0 10 0 3 3 3 2 2   18860
1286 10 2 0 4 2 0 7 2 4 10 3 10 3 0 1 3 2 2 4 3 3 1 1 1 10 4 2 10 0 7 2 4 3 0 1 4 0 3 4 1 2 1 1 7 1 4 1 1 10 1 0 1 1 3 1 3 3 2 1 3 3 1 0 1 3 0 0 2 3 4 2 3 1 0 4 0 1 3 0 0 3 0 5 4 1 1 4 1 3 1 2 0 0 10 0 3 3 3 2 2   19080
1287 10 2 0 4 2 0 7 2 4 10 3 10 3 0 1 3 2 2 4 3 3 1 1 1 10 4 2 10 0 7 2 4 3 0 1 4 0 3 4 1 2 1 1 8 1 4 1 1 10 1 0 1 1 3 1 3 3 2 1 3 3 1 0 1 3 0 0 2 3 4 2 3 1 0 4 0 1 3 0 0 3 0 5 4 1 1 4 1 3 1 2 0 0 10 0 3 3 3 2 2   19080
1288 10 2 0 4 2 0 7 2 4 10 3 10 3 0 1 3 2 2 4 3 3 1 1 1 10 4 2 10 0 7 2 4 3 0 1 4 0 3 4 1 2 1 1 10 1 4 1 1 10 1 0 1 1 3 1 3 3 2 1 3 3 1 0 1 3 0 0 2 3 4 2 3 1 0 4 0 1 3 0 0 3 0 5 4 1 1 4 1 3 1 2 0 0 10 0 3 3 3 2 2   19080
1292 10 2 0 4 2 0 7 2 4 10 3 10 3 0 1 3 3 2 4 3 3 1 1 1 10 4 2 10 0 7 2 4 3 0 1 4 0 3 4 1 2 1 1 10 1 4 1 1 10 1 0 1 1 3 1 3 3 2 1 3 3 1 0 1 3 0 0 2 3 4 2 3 1 0 4 0 1 3 0 0 3 0 5 4 1 1 4 1 3 1 2 0 0 10 0 3 3 3 2 2   19140
1310 10 2 0 4 2 1 7 2 4 10 3 10 3 0 1 3 3 2 4 3 3 1 1 1 10 4 2 10 0 7 2 4 3 0 1 4 0 3 4 1 2 1 1 10 1 4 1 1 10 1 0 1 1 3 1 3 3 2 1 3 3 1 0 1 3 0 0 2 3 4 2 3 1 0 4 0 1 3 0 0 3 0 5 4 1 1 4 1 3 1 2 0 0 10 0 3 3 3 2 2   19400
1315 10 2 0 4 2 1 7 2 4 10 3 10 3 0 1 3 3 2 4 3 3 1 1 1 10 4 2 10 0 7 2 4 3 0 1 4 0 3 4 1 2 1 1 10 1 4 1 1 10 1 0 1 1 3 1 3 3 2 1 3 4 1 0 1 3 0 0 2 3 4 2 3 1 0 4 0 1 3 0 0 4 0 5 4 1 1 4 1 4 1 2 0 0 10 0 4 3 3 2 2   19520
1321 10 2 0 4 2 1 7 2 4 10 3 10 3 0 1 3 3 2 4 3 3 1 1 1 10 4 2 10 0 7 2 4 3 0 1 4 0 4 4 1 2 1 1 10 1 4 1 1 10 1 0 1 1 3 1 4 3 2 1 3 4 1 0 1 3 0 0 2 3 4 2 3 1 0 4 0 1 3 0 0 4 0 5 4 1 1 4 1 4 1 2 0 0 10 0 4 3 3 2 2   19600
1323 10 2 0 4 2 1 7 2 4 10 3 10 3 0 1 3 3 2 4 3 3 1 1 1 10 4 2 10 0 7 2 4 3 0 1 4 0 4 4 1 2 1 1 10 1 4 1 1 10 1 0 1 1 4 1 4 3 2 1 3 4 1 0 1 3 0 0 2 3 4 2 3 1 0 4 0 1 4 0 0 4 0 5 4 1 1 4 1 4 1 2 0 0 10 0 4 3 3 2 2   19660
1333 10 2 0 4 2 1 7 2 4 10 3 10 3 0 1 3 3 2 4 3 3 1 1 1 10 4 2 10 0 7 2 4 3 0 1 4 0 4 4 1 2 1 1 10 1 4 1 1 10 1 0 1 1 4 1 4 3 2 1 3 4 1 0 1 3 1 0 2 3 4 2 3 1 0 4 0 1 4 0 0 4 0 5 4 1 1 4 1 4 1 2 0 0 10 0 4 3 3 2 2   19840
1339 10 2 0 4 2 1 7 2 4 10 3 10 3 0 1 3 3 2 4 3 3 1 1 1 10 4 2 10 0 7 2 4 3 0 1 4 0 4 5 1 2 1 1 10 1 4 1 1 10 1 0 1 1 4 1 4 3 2 1 3 5 1 0 1 3 1 0 2 3 4 2 3 1 0 4 0 1 4 0 0 5 0 5 4 1 1 4 1 4 1 2 0 0 10 0 4 3 3 2 2   19940
1341 10 2 0 4 2 1 7 2 4 10 3 10 3 0 1 3 3 2 4 3 3 1 1 1 10 4 2 10 0 7 2 4 3 0 1 4 0 4 5 1 2 1 1 10 1 4 1 1 10 1 0 1 1 4 1 5 3 2 1 3 5 1 0 1 3 1 0 2 3 4 2 3 1 0 4 0 1 4 0 0 5 0 5 4 1 1 4 1 4 1 2 0 0 10 0 4 3 3 2 2   19960
1354 10 2 0 4 2 1 7 2 4 10 3 10 3 0 1 3 3 2 4 3 3 1 1 1 10 4 2 10 0 7 2 4 3 0 1 4 0 4 5 1 2 1 1 10 1 4 1 1 10 2 0 1 1 4 1 5 3 2 1 3 5 1 0 1 3 1 0 2 3 4 2 3 1 0 4 0 1 4 0 0 5 0 5 4 1 1 4 1 4 1 2 0 0 10 0 4 3 3 2 2   20080
1360 10 2 0 4 2 1 7 2 4 10 3 10 3 0 1 3 3 2 4 3 3 1 1 1 10 4 2 10 0 7 2 4 3 0 1 4 0 4 5 1 2 1 1 10 1 4 1 1 10 2 0 1 1 4 1 5 3 2 1 3 5 1 0 1 3 1 0 2 3 4 2 3 1 0 4 0 1 4 0 0 5 1 5 4 1 1 4 1 4 1 2 0 0 10 0 4 3 3 2 2   20180
1361 10 2 0 4 2 1 7 2 4 10 3 10 3 0 1 3 3 2 4 3 3 1 1 1 10 4 2 10 0 7 2 4 3 0 1 4 0 4 5 1 2 2 1 10 1 4 1 1 10 2 0 1 1 4 1 5 3 2 1 3 5 1 0 1 3 1 0 2 3 4 2 3 1 0 4 0 1 4 0 0 5 1 5 4 1 2 4 1 4 1 2 0 0 10 0 4 3 3 2 2   20200
1367 10 2 0 4 2 1 7 2 4 10 3 10 3 0 2 3 3 2 4 3 3 1 1 1 10 4 2 10 0 7 2 4 3 0 1 4 0 4 5 1 2 2 1 10 1 4 1 1 10 2 0 1 1 4 1 5 3 2 1 3 5 1 0 1 3 1 0 2 3 4 2 3 1 0 4 0 1 4 0 0 5 1 5 4 1 2 4 1 4 1 2 0 0 10 0 4 3 3 2 2   20240
1387 10 2 0 4 2 1 7 2 4 10 3 10 3 0 2 3 3 2 4 4 3 1 1 1 10 4 2 10 0 7 2 4 3 0 1 4 0 4 5 1 2 2 1 10 1 4 1 1 10 2 0 1 1 4 1 5 3 2 1 3 5 1 0 1 3 1 0 2 3 4 2 3 1 0 4 0 1 4 0 0 5 1 5 4 1 2 4 1 4 1 2 0 0 10 0 4 3 3 2 2   20580
1388 10 2 0 4 2 1 7 2 4 10 3 10 3 0 2 3 3 2 4 4 3 2 1 1 10 4 2 10 0 7 2 4 3 0 1 4 0 4 5 1 2 2 1 10 1 4 1 1 10 2 0 1 1 4 2 5 3 2 1 3 5 2 0 2 3 1 0 2 3 4 2 3 1 0 4 0 1 4 0 0 5 1 5 4 1 2 4 1 4 1 2 0 0 10 0 4 3 3 2 2   20580
1399 10 2 0 4 2 1 7 2 4 10 3 10 3 0 2 3 3 2 4 4 3 2 1 1 10 4 2 10 0 7 2 4 3 0 2 4 0 4 5 1 2 2 1 10 1 4 1 1 10 2 0 2 1 4 2 5 3 2 1 3 5 2 0 2 3 1 0 2 3 4 2 3 1 0 4 0 1 4 0 0 5 1 5 4 1 2 4 1 4 1 2 0 0 10 0 4 3 3 2 2   20700
1402 10 2 0 4 2 1 7 2 4 10 3 10 3 0 2 3 3 2 4 4 3 2 1 1 10 4 2 10 0 7 2 4 3 0 2 4 1 4 5 1 2 2 1 10 1 4 1 1 10 2 0 2 1 4 2 5 3 2 1 3 5 2 0 2 3 1 0 2 3 4 2 3 1 0 4 0 1 4 0 0 5 1 5 4 1 2 4 1 4 1 2 1 0 10 0 4 3 3 2 2   20740
1408 10 2 0 4 2 1 7 2 4 10 3 10 3 0 2 3 3 2 4 4 3 2 1 1 10 4 2 10 0 7 2 4 3 0 2 4 2 4 5 1 2 2 1 10 1 4 1 1 10 2 0 2 1 4 2 5 3 2 1 3 5 2 0 2 3 1 0 2 3 4 2 3 1 0 4 0 1 4 0 0 5 1 5 4 1 2 4 1 4 1 2 2 0 10 0 4 3 3 2 2   20780
1425 10 2 0 4 2 1 7 2 4 10 3 10 3 0 2 3 3 2 4 4 3 2 1 1 10 4 2 10 0 7 2 4 3 0 2 4 3 4 5 1 2 2 1 10 1 4 1 1 10 2 0 2 1 4 2 5 3 2 1 3 5 2 0 2 3 1 0 2 3 4 2 3 1 0 4 0 1 4 0 0 5 1 5 4 1 2 4 1 4 1 2 3 0 10 0 4 3 3 2 2   21160
1435 10 2 0 4 2 1 7 2 4 10 3 10 3 0 2 3 3 2 4 4 3 2 1 1 10 4 2 10 0 7 2 4 3 0 2 4 3 4 5 1 2 2 1 10 1 4 1 1 10 2 0 2 1 4 2 5 3 2 1 3 5 2 0 2 3 1 0 2 3 5 2 3 1 0 4 0 1 4 0 0 5 1 5 4 1 2 4 1 4 1 2 3 0 10 0 4 3 3 2 2   21280
1438 10 2 0 4 2 1 7 2 4 10 3 10 3 0 2 3 3 2 4 4 3 2 1 1 10 4 2 10 0 7 2 4 3 0 2 4 3 4 5 1 2 2 1 10 1 4 1 1 10 2 0 2 1 4 2 5 3 2 1 3 5 2 0 2 3 1 0 2 3 5 2 3 1 0 4 0 1 4 0 0 5 1 5 4 1 2 4 1 4 1 2 4 0 10 0 4 3 3 2 2   21340
1448 10 2 0 4 2 1 7 2 4 10 3 10 3 0 2 3 3 2 4 4 3 3 1 1 10 4 2 10 0 7 2 4 3 0 2 4 3 4 5 1 2 2 1 10 1 4 1 1 10 2 0 2 1 4 3 5 3 2 1 3 5 2 0 2 3 1 0 2 3 5 2 3 1 0 4 0 1 4 0 0 5 1 5 4 1 2 4 1 4 1 3 4 0 10 0 4 3 3 2 2   21460
1462 10 2 0 4 2 1 7 2 4 10 3 10 3 0 2 3 3 2 4 4 3 3 1 1 10 4 2 10 0 7 2 4 3 0 2 4 3 4 5 1 2 2 1 10 1 4 1 1 10 2 0 2 1 4 3 5 3 2 1 3 5 2 0 2 3 1 0 2 3 5 2 3 1 0 4 0 1 5 0 0 5 1 5 4 1 2 4 1 4 1 3 4 0 10 0 4 3 3 2 2   21800
1466 10 2 0 5 2 1 7 2 4 10 3 10 3 0 2 3 3 2 4 4 3 3 1 1 10 4 2 10 0 7 2 4 3 0 2 4 3 4 5 1 2 2 1 10 1 4 1 1 10 2 0 2 1 4 3 5 3 2 1 3 5 2 0 2 3 1 0 2 3 5 2 3 1 0 4 0 1 5 0 0 5 1 5 4 1 2 4 1 4 1 3 5 0 10 0 4 3 3 2 2   21900
1473 10 2 0 5 2 1 7 2 4 10 3 10 3 0 2 3 3 2 4 4 3 3 1 1 10 4 2 10 0 7 2 4 3 0 2 4 3 4 5 1 2 3 1 10 1 4 1 1 10 2 0 3 1 4 3 5 3 2 1 3 5 2 0 2 3 1 0 2 3 5 2 3 1 0 4 0 1 5 0 0 5 1 5 4 1 2 4 1 4 1 3 5 0 10 0 4 3 3 2 3   21960
1476 10 2 0 5 2 1 7 2 4 10 3 10 3 0 2 3 3 2 4 4 3 3 1 1 10 4 2 10 0 7 2 4 3 0 2 4 3 4 5 1 2 3 1 10 1 4 1 1 10 2 0 3 1 4 3 5 3 2 1 3 5 2 0 2 3 1 0 2 3 5 2 3 1 0 4 0 1 6 0 0 5 1 5 4 1 2 4 1 4 1 3 5 0 10 0 4 3 3 2 3   21960
1479 10 2 0 5 3 1 7 2 4 10 3 10 3 0 2 3 3 2 4 4 3 3 1 1 10 4 2 10 0 7 2 4 3 0 2 4 3 4 5 1 2 3 1 10 1 4 1 1 10 2 0 3 1 4 3 5 3 2 1 3 5 2 0 2 3 1 0 2 3 5 2 3 1 0 4 0 1 6 0 0 5 1 5 4 1 2 4 1 4 1 3 5 0 10 0 4 3 3 2 3   22000
1484 10 2 0 5 3 1 7 2 4 10 3 10 3 0 2 3 3 2 4 4 3 3 1 1 10 4 2 10 0 7 2 4 3 0 2 4 3 4 5 1 2 4 1 10 1 4 1 1 10 2 0 3 1 4 3 5 3 2 1 3 5 2 0 2 3 1 0 2 3 5 2 3 1 0 4 0 1 6 0 0 5 1 5 4 1 2 4 1 4 1 3 5 0 10 0 4 3 3 2 3   22120
1486 10 2 0 5 3 1 7 2 4 10 3 10 3 0 2 3 3 2 4 4 3 3 1 1 10 4 2 10 0 7 2 4 3 0 2 4 3 4 5 1 2 4 1 10 1 4 1 1 10 2 0 3 1 4 3 5 3 2 1 3 5 2 0 2 3 1 0 2 3 5 2 3 1 0 4 0 1 6 0 0 6 1 5 4 1 2 4 1 4 1 3 5 0 10 0 4 3 3 2 3   22120
1490 10 2 0 5 3 1 7 2 4 10 3 10 3 0 2 3 3 2 4 4 3 3 1 1 10 4 2 10 0 7 2 4 4 0 2 4 3 4 5 1 2 4 1 10 1 4 1 1 10 2 0 3 1 4 3 5 3 2 1 3 5 2 0 2 3 1 0 2 3 5 2 3 1 0 4 0 1 6 0 0 6 1 5 4 1 2 4 1 4 1 3 5 0 10 0 4 3 3 2 3   22180
1495 10 2 0 5 3 1 7 2 4 10 3 10 3 0 2 3 3 2 4 4 3 3 1 1 10 4 2 10 0 7 2 4 4 0 2 4 3 4 5 1 2 5 1 10 1 4 1 1 10 2 0 3 1 4 3 5 3 2 1 3 5 2 0 2 3 1 0 2 3 5 2 3 1 0 4 0 1 6 0 0 6 1 5 4 1 2 4 1 4 1 3 5 0 10 0 4 3 3 2 3   22240
1496 10 2 0 5 3 1 7 2 4 10 3 10 3 0 2 3 3 2 4 4 3 3 1 1 10 4 2 10 0 7 2 4 4 0 2 4 3 4 5 1 2 6 1 10 1 4 1 1 10 2 0 3 1 4 3 5 3 2 1 3 5 2 0 2 3 1 0 2 3 5 2 3 1 0 4 0 1 6 0 0 6 1 5 4 1 2 4 1 4 1 3 5 0 10 0 4 3 3 2 3   22240
1497 10 2 0 5 3 1 7 2 4 10 3 10 3 0 2 3 3 2 4 4 3 3 1 1 10 4 2 10 0 7 2 4 4 0 2 4 3 4 5 1 2 7 1 10 1 4 1 1 10 2 0 3 1 4 3 5 3 2 1 3 5 2 0 2 3 1 0 2 3 5 2 3 1 0 4 0 1 6 0 0 6 1 5 4 1 2 4 1 4 1 3 5 0 10 0 4 3 3 2 3   22280
1498 10 2 0 5 3 1 7 2 4 10 3 10 3 0 2 3 3 2 4 4 3 3 1 1 10 4 2 10 0 7 2 4 4 0 2 4 3 4 5 1 2 8 1 10 1 4 1 1 10 2 0 3 1 4 3 5 3 2 1 3 5 2 0 2 3 1 0 2 3 5 2 3 1 0 4 0 1 6 0 0 6 1 5 4 1 2 4 1 4 1 3 5 0 10 0 4 3 3 2 3   22280
1513 10 2 0 5 3 1 7 2 4 10 3 10 3 0 2 3 3 2 4 4 3 3 1 1 10 4 2 10 0 7 2 4 4 0 2 4 3 4 5 1 2 8 1 10 1 4 1 1 10 2 0 3 1 4 3 5 3 2 1 3 5 2 0 2 3 1 0 2 3 5 2 3 1 0 4 0 1 6 0 0 7 1 5 4 1 2 4 1 4 1 3 5 0 10 0 4 3 3 2 3   22520
1516 10 2 0 5 3 1 7 2 4 10 3 10 3 0 2 3 3 2 4 4 3 3 1 1 10 4 2 10 0 7 2 4 4 0 2 4 3 4 5 1 2 8 1 10 1 4 1 1 10 2 0 3 1 4 3 5 3 2 1 3 5 2 0 2 3 1 0 2 3 5 2 3 1 0 4 0 1 6 0 0 7 1 5 4 1 2 4 1 5 1 3 5 0 10 0 4 3 3 2 3   22600
1519 10 2 0 5 3 1 7 2 4 10 3 10 3 0 2 3 3 2 4 4 3 3 1 1 10 4 2 10 0 7 2 4 4 0 2 4 3 4 5 1 2 9 1 10 1 4 1 1 10 2 0 3 1 4 3 5 3 2 1 3 5 2 0 2 3 1 0 2 3 5 2 3 1 0 4 0 1 6 0 0 7 1 5 4 1 2 4 1 5 1 3 5 0 10 0 4 3 3 2 3   22660
1520 10 2 0 5 3 1 7 2 4 10 3 10 3 0 2 3 4 2 4 4 3 3 1 1 10 4 2 10 0 7 2 4 4 0 2 4 3 4 5 1 2 10 1 10 1 4 1 1 10 2 0 4 1 4 3 5 4 2 1 3 5 2 0 2 3 1 0 2 4 5 2 3 1 0 4 0 1 6 0 0 7 1 5 4 1 2 4 1 5 1 3 5 0 10 0 4 3 3 2 3   22660
1522 10 2 0 5 3 1 7 2 4 10 3 10 3 0 2 3 4 2 4 4 3 3 1 1 10 4 2 10 0 7 2 4 4 0 2 4 3 4 5 1 2 10 1 10 1 4 1 1 10 2 0 4 1 4 3 6 4 2 1 3 5 2 0 2 3 1 0 2 4 5 2 3 1 0 4 0 1 6 0 0 7 1 5 4 1 2 4 1 5 1 3 6 0 10 0 4 3 3 2 3   22700
1528 10 2 0 5 4 1 7 2 4 10 3 10 3 0 2 3 4 2 4 4 3 3 1 1 10 4 2 10 0 7 2 4 4 0 2 4 4 4 5 1 2 10 1 10 1 4 1 1 10 2 0 4 1 4 3 6 4 2 1 3 5 2 0 2 3 1 0 2 4 5 2 3 1 0 4 0 1 6 0 0 7 1 5 4 1 2 4 1 5 1 3 6 0 10 0 4 3 3 2 3   22760
1532 10 2 0 5 4 1 7 2 4 10 3 10 3 0 2 3 5 2 4 4 3 3 1 1 10 4 2 10 0 7 2 4 4 0 2 4 4 4 5 1 2 10 1 10 1 4 1 1 10 2 0 5 1 4 3 6 4 2 1 3 5 2 0 2 3 1 0 2 5 5 2 3 1 0 4 0 1 6 0 0 7 1 5 4 1 2 4 1 5 1 3 6 0 10 0 4 3 3 2 3   22820
1555 10 2 0 5 4 1 7 2 4 10 3 10 3 0 2 3 5 2 4 4 3 3 1 1 10 4 2 10 0 7 2 4 4 0 2 4 4 4 5 1 2 10 1 10 1 4 1 1 10 2 0 5 1 4 3 6 4 2 1 3 5 2 0 2 3 1 0 2 5 5 2 3 1 0 4 0 1 6 0 0 7 1 5 4 2 2 4 2 5 1 3 6 0 10 0 4 3 3 2 3   23220
1557 10 2 0 5 4 1 7 2 4 10 3 10 3 0 2 3 5 2 4 4 3 3 1 1 10 4 2 10 0 7 2 4 4 0 2 4 4 4 5 1 2 10 1 10 1 4 1 1 10 2 0 5 1 4 3 6 4 2 1 3 5 2 0 2 3 1 0 2 5 5 2 3 1 0 4 0 1 7 0 0 7 1 5 4 2 2 4 2 5 1 3 6 0 10 0 4 3 3 2 3   23240
1565 10 2 0 5 4 1 7 2 4 10 3 10 3 0 2 3 5 2 4 4 3 3 1 1 10 4 2 10 0 7 2 4 4 0 2 4 4 4 5 1 2 10 1 10 1 4 1 1 10 2 0 5 2 4 3 6 4 2 1 3 5 2 0 2 3 1 0 2 5 5 2 3 1 0 4 0 1 7 0 0 7 1 5 4 2 2 4 2 5 1 3 6 0 10 0 4 3 3 2 3   23360
1568 10 2 0 6 4 1 7 2 4 10 3 10 3 0 2 3 5 2 4 4 3 3 1 1 10 4 2 10 0 7 2 4 4 0 2 4 4 4 6 1 2 10 1 10 1 4 1 1 10 2 0 5 2 4 3 6 4 2 1 3 5 2 0 2 3 1 0 2 5 5 2 3 1 0 4 0 1 7 0 0 7 1 5 4 2 2 4 2 5 1 3 6 0 10 0 4 3 3 2 3   23400
1572 10 2 0 6 4 1 7 2 4 10 3 10 3 0 2 3 5 2 4 4 3 3 1 1 10 4 2 10 0 7 2 4 4 0 2 4 4 4 6 1 2 10 1 10 1 4 1 1 10 2 0 5 2 4 3 6 4 2 1 3 5 2 0 2 3 1 0 2 6 6 2 3 1 0 4 0 1 7 0 0 7 1 5 4 2 2 4 2 5 1 3 6 0 10 0 4 3 3 2 3   23420
1585 10 2 0 6 4 1 7 2 4 10 3 10 3 0 2 3 5 2 4 4 3 3 1 1 10 4 2 10 0 7 2 4 4 0 2 4 4 4 6 1 2 10 1 10 1 4 1 1 10 2 0 5 2 4 3 6 4 2 1 3 5 2 0 2 3 1 0 2 6 6 2 3 1 0 4 0 1 7 0 0 7 1 5 5 2 2 4 2 5 1 3 6 0 10 0 4 3 3 2 3   23640
1589 10 2 0 6 4 1 7 2 4 10 3 10 3 0 2 3 5 2 4 4 3 3 1 1 10 5 2 10 0 7 2 5 4 0 2 4 4 4 6 1 2 10 1 10 1 4 1 1 10 2 0 5 2 4 3 6 4 2 1 3 5 2 0 2 3 1 0 2 6 6 2 3 1 0 4 0 1 7 0 0 7 1 5 5 2 2 4 2 5 1 3 6 0 10 0 5 3 3 2 3   23680
1598 10 2 0 6 4 1 7 2 4 10 3 10 3 0 2 3 5 2 4 4 3 3 1 1 10 5 2 10 0 7 2 5 4 0 2 4 4 4 6 1 2 10 1 10 1 4 1 1 10 2 0 5 2 4 3 6 4 2 1 3 5 2 0 2 3 1 0 2 6 6 2 3 1 0 4 0 1 7 0 0 7 1 5 6 2 2 4 2 5 1 3 6 0 10 0 5 4 3 2 3   23820
1604 10 2 0 6 4 1 7 2 4 10 3 10 3 0 2 3 6 2 4 4 3 3 1 1 10 5 2 10 0 7 2 5 4 0 2 4 4 4 6 1 2 10 1 10 1 4 1 1 10 2 0 6 2 4 3 6 4 2 1 3 5 2 0 2 3 1 0 2 6 6 2 3 1 0 4 0 1 7 0 0 7 1 5 6 2 2 4 2 5 1 3 6 0 10 0 5 4 3 2 3   23940
1610 10 2 0 6 4 1 7 2 4 10 3 10 3 0 2 3 6 2 4 4 3 3 1 1 10 5 2 10 0 7 2 5 4 0 2 4 4 4 6 1 2 10 1 10 1 4 1 1 10 2 0 6 2 4 3 6 4 2 1 3 5 2 0 2 3 1 0 2 7 7 2 3 1 0 4 0 1 7 0 0 7 1 5 6 2 2 4 2 5 1 3 6 0 10 0 5 4 3 2 3   24040
1631 10 2 0 6 4 1 7 2 4 10 3 10 3 0 2 3 6 2 4 4 4 3 1 1 10 5 2 10 0 7 2 5 4 0 2 4 4 4 6 1 2 10 1 10 1 4 1 1 10 2 0 6 2 4 3 6 4 2 1 3 5 2 0 2 3 1 0 2 7 7 2 3 1 0 4 0 1 7 0 0 7 1 5 6 2 2 4 2 5 1 3 6 0 10 0 5 4 3 2 3   24260
1632 10 2 0 6 4 1 7 2 4 10 3 10 3 0 2 3 6 2 4 4 4 3 1 1 10 5 2 10 0 7 2 5 4 0 2 4 4 4 6 1 2 10 1 10 1 4 1 1 10 2 0 6 2 4 4 6 4 2 1 3 5 2 0 2 3 1 0 2 7 7 2 3 1 0 4 0 1 7 0 0 7 1 5 6 2 2 4 2 5 1 3 6 0 10 0 5 4 3 2 3   24280
1635 10 2 0 6 4 1 7 2 4 10 3 10 3 0 2 3 6 2 4 4 4 3 1 1 10 5 2 10 0 7 2 5 4 0 2 4 4 4 6 1 2 10 1 10 1 4 1 1 10 2 0 6 2 4 4 7 4 2 1 3 5 2 0 2 3 1 0 2 7 7 2 3 1 0 4 0 1 7 0 0 7 1 5 6 2 2 4 2 5 1 3 6 0 10 0 5 4 3 2 3   24340
1637 10 2 0 6 4 1 7 2 4 10 3 10 3 0 2 3 6 2 4 4 4 3 1 1 10 5 2 10 0 7 2 5 4 0 2 4 4 4 6 1 2 10 1 10 1 4 1 1 10 2 0 7 2 4 4 7 4 2 1 3 5 2 0 2 3 1 0 2 7 7 2 3 1 0 4 0 1 7 0 0 7 1 5 6 2 2 4 2 5 1 3 6 0 10 0 5 4 3 2 3   24360
1638 10 2 0 6 4 1 7 2 4 10 3 10 3 0 2 3 6 2 4 4 5 3 1 1 10 5 2 10 0 7 2 5 4 0 2 4 4 4 6 1 2 10 1 10 1 4 1 1 10 2 0 7 2 4 4 7 4 2 1 3 5 2 0 2 3 1 0 2 7 7 2 3 1 0 4 0 1 7 0 0 7 1 5 6 2 2 4 2 5 1 3 6 0 10 0 5 4 3 2 3   24420
1646 10 2 0 6 4 1 7 2 4 10 3 10 3 0 2 3 6 2 4 4 5 3 1 1 10 5 2 10 0 7 2 5 5 0 2 4 4 4 6 1 2 10 1 10 1 4 1 1 10 2 0 7 2 4 4 7 4 2 1 3 5 2 0 2 3 1 0 2 7 7 2 3 1 0 4 0 1 7 0 0 7 1 5 6 2 2 4 2 5 1 3 6 0 10 0 5 4 3 2 3   24600
1651 10 2 0 6 4 1 7 2 4 10 3 10 3 0 2 3 6 2 5 4 5 3 1 1 10 5 2 10 0 7 2 5 5 0 2 4 4 4 6 1 2 10 1 10 1 4 1 1 10 2 0 7 2 4 4 7 4 2 1 3 5 2 0 2 3 1 0 2 7 7 2 3 1 0 4 0 1 7 0 0 7 1 5 6 2 2 4 2 5 1 3 6 0 10 0 5 4 3 2 3   24680
1655 10 2 0 6 4 1 7 2 4 10 3 10 3 0 3 3 6 2 5 4 5 3 1 1 10 5 2 10 0 7 2 5 5 0 2 4 4 4 6 1 2 10 1 10 1 4 1 1 10 2 0 7 2 4 4 7 4 2 1 3 5 2 0 2 3 1 0 2 7 7 2 3 1 0 4 0 1 7 0 0 7 1 5 6 2 2 4 2 5 1 3 6 0 10 0 5 4 3 2 3   24680
1666 10 2 0 6 4 1 7 2 4 10 3 10 3 0 3 3 6 2 5 4 5 3 1 1 10 5 2 10 0 7 2 5 5 0 2 4 4 4 6 1 2 10 1 10 1 4 1 1 10 2 0 7 2 4 4 7 4 2 1 3 5 2 0 2 3 1 0 2 7 7 2 3 1 0 4 1 1 7 0 0 7 1 5 6 2 2 4 2 5 1 3 6 0 10 0 5 4 3 2 3   24920
1672 10 2 0 6 4 1 7 2 4 10 3 10 3 0 3 3 6 2 6 4 5 3 1 1 10 5 2 10 0 7 2 5 5 0 2 4 4 4 6 1 2 10 1 10 1 4 1 1 10 2 0 7 2 4 4 7 4 2 1 3 5 2 0 2 3 1 0 2 7 7 2 3 1 0 4 1 1 7 0 0 7 1 5 6 2 2 4 2 5 1 3 6 0 10 0 5 4 3 2 3   25000
1673 10 2 0 6 4 1 7 2 4 10 3 10 3 0 3 3 6 2 6 4 5 3 1 1 10 5 2 10 0 7 2 5 5 0 2 4 4 4 6 1 2 10 1 10 1 4 1 1 10 2 0 7 2 4 4 7 4 2 2 3 5 2 0 2 3 1 0 2 7 7 2 3 1 0 4 1 1 7 0 0 7 1 5 6 2 2 4 2 5 1 3 6 0 10 0 5 4 3 2 3   25040
1680 10 2 0 6 4 1 7 2 4 10 3 10 3 0 3 3 6 2 6 4 5 3 1 1 10 5 2 10 0 7 2 5 5 1 2 4 4 4 6 1 2 10 1 10 1 4 1 1 10 2 0 7 2 4 4 7 4 2 2 3 5 2 0 2 3 1 0 2 7 7 2 3 1 0 4 1 1 7 0 0 7 1 5 6 2 2 4 2 5 1 3 6 0 10 0 5 4 3 2 3   25120
1681 10 2 0 6 4 1 7 2 4 10 3 10 3 0 3 3 6 2 6 4 5 3 1 1 10 5 2 10 0 7 2 5 5 1 2 4 4 4 6 1 2 10 1 10 1 4 1 1 10 2 0 7 2 4 4 7 4 2 2 3 5 2 0 2 3 1 0 2 7 7 2 3 1 0 4 1 1 7 0 0 8 1 5 6 2 2 4 2 5 1 3 6 0 10 0 5 4 3 2 3   25120
1690 10 2 0 6 4 1 7 2 4 10 3 10 3 0 3 3 6 2 6 4 5 3 1 1 10 5 2 10 0 7 2 5 5 1 2 4 4 4 6 1 2 10 1 10 1 4 1 1 10 2 0 7 2 4 4 7 4 2 2 3 5 2 0 2 3 1 0 2 7 8 2 3 1 0 4 1 1 7 0 0 8 1 5 6 2 2 4 2 5 1 3 6 0 10 0 5 4 3 2 3   25280
1696 10 2 0 6 4 1 7 2 4 10 3 10 3 0 3 3 6 2 6 4 5 3 1 1 10 5 2 10 0 7 2 5 5 1 2 4 4 4 6 1 2 10 1 10 1 4 1 1 10 2 0 7 2 4 4 7 4 2 2 3 5 2 0 2 3 1 0 2 7 9 2 3 1 0 4 1 1 7 0 0 8 1 5 6 2 2 4 2 5 1 3 6 0 10 0 5 4 3 2 3   25340
1699 10 2 0 6 4 1 7 2 4 10 3 10 3 0 3 3 6 2 6 4 6 3 1 1 10 5 2 10 0 7 2 5 5 1 2 4 4 4 6 1 2 10 1 10 1 4 1 1 10 2 0 7 2 4 4 7 4 2 2 3 5 2 0 2 3 1 0 2 7 9 2 3 1 0 4 1 1 7 0 0 8 1 5 6 2 2 4 2 5 1 3 6 0 10 0 5 4 3 2 3   25420
1703 10 2 0 6 4 1 7 2 4 10 3 10 3 0 3 3 6 2 6 4 6 3 1 1 10 5 2 10 0 7 2 5 5 1 2 4 4 4 6 1 2 10 1 10 1 4 1 1 10 2 0 7 2 4 4 7 4 2 2 3 5 2 0 2 3 1 0 2 7 10 2 3 1 0 4 1 1 7 0 0 8 1 5 6 2 2 4 2 5 1 3 6 0 10 0 5 4 3 2 3   25500
1708 10 2 0 6 4 1 7 2 4 10 3 10 3 0 3 3 6 2 6 4 6 3 1 1 10 5 2 10 0 7 2 5 5 1 2 4 4 4 6 1 2 10 1 10 1 4 1 1 10 3 0 7 2 4 4 7 4 2 2 3 5 2 0 2 3 1 0 2 7 10 2 3 1 0 4 1 1 7 0 0 8 1 5 6 2 2 4 2 5 1 3 6 0 10 0 5 4 3 2 3   25580
1711 10 2 0 6 4 1 7 2 4 10 3 10 3 0 3 3 6 2 6 4 6 3 1 1 10 5 2 10 0 7 2 5 5 1 2 4 4 4 6 1 2 10 1 10 1 4 1 1 10 3 0 7 2 4 4 7 4 2 2 3 5 2 0 2 3 1 0 2 7 10 2 3 1 0 4 1 1 7 0 0 8 1 5 6 2 2 5 2 5 1 3 6 0 10 0 5 4 3 2 3   25640
1738 10 2 0 6 4 1 7 2 4 10 3 10 3 0 3 3 6 2 6 4 6 3 1 1 10 5 2 10 0 7 2 5 6 1 2 4 4 4 6 1 2 10 1 10 1 4 1 1 10 3 0 7 2 4 4 7 5 2 2 3 5 2 0 2 3 1 0 2 7 10 2 3 1 0 4 1 1 7 0 0 8 1 5 6 2 2 5 2 5 1 3 6 0 10 0 5 4 3 2 3   26120
1739 10 2 0 6 4 1 7 2 4 10 3 10 3 0 3 3 6 2 6 4 6 3 1 1 10 5 2 10 0 7 2 5 6 1 2 4 4 4 6 1 2 10 1 10 1 4 1 1 10 3 0 7 2 4 4 7 5 2 2 3 5 2 0 2 3 1 0 2 7 10 2 4 1 0 4 1 1 7 0 0 8 1 5 6 2 2 5 2 5 1 3 6 0 10 0 5 4 3 2 3   26120
1742 10 2 0 6 4 1 7 2 4 10 3 10 3 0 3 3 6 2 6 4 6 3 1 1 10 5 2 10 0 7 2 5 6 2 2 4 4 4 6 1 2 10 1 10 1 4 1 1 10 3 0 7 2 4 4 7 5 2 2 3 5 2 0 2 3 1 0 2 7 10 2 4 1 0 4 1 1 7 0 0 8 1 5 6 2 2 5 2 5 1 3 6 0 10 0 5 4 3 2 3   26180
1744 10 2 0 6 4 2 7 2 4 10 3 10 3 0 3 3 6 2 6 4 6 3 1 1 10 5 2 10 0 7 2 5 6 2 2 4 4 4 6 1 2 10 1 10 1 4 1 1 10 3 0 7 2 4 4 7 5 2 2 3 5 2 0 2 3 1 0 2 7 10 2 4 1 0 4 1 1 7 0 0 8 1 5 6 2 2 5 2 5 1 3 6 0 10 0 5 4 3 2 3   26200
1751 10 2 0 6 4 2 7 2 4 10 3 10 3 0 3 3 6 2 6 4 6 3 1 1 10 5 2 10 0 7 2 5 6 2 2 4 4 4 6 1 2 10 1 10 1 4 1 1 10 3 0 7 2 4 4 7 5 2 2 3 6 2 0 2 3 1 0 2 7 10 2 4 1 0 4 1 1 7 0 0 8 1 5 6 2 2 5 2 5 1 3 6 0 10 0 5 4 3 2 3   26260
1752 10 2 0 6 4 2 7 2 4 10 3 10 3 0 3 3 6 2 6 4 6 3 1 1 10 6 2 10 0 7 2 5 6 2 2 4 4 4 6 1 2 10 1 10 1 4 1 1 10 3 0 7 2 4 4 7 6 2 2 3 6 2 0 2 3 1 0 2 7 10 2 4 1 0 4 1 1 7 0 0 8 1 6 6 2 2 6 2 5 1 3 6 0 10 0 5 4 3 2 3   26260
1765 10 3 0 6 4 2 7 2 4 10 3 10 3 0 3 3 6 2 6 4 6 3 1 1 10 6 2 10 0 7 2 5 6 2 2 4 4 4 6 1 2 10 1 10 1 4 1 1 10 3 0 7 2 4 4 7 6 2 2 3 6 2 0 2 3 1 0 2 7 10 2 4 1 0 4 1 1 7 0 0 8 1 6 6 2 2 6 2 5 1 3 6 0 10 0 5 4 3 2 3   26420
1793 10 3 0 6 4 2 7 3 4 10 3 10 3 0 3 3 6 2 6 4 6 3 1 1 10 6 2 10 0 7 2 5 6 2 2 4 4 4 6 1 2 10 1 10 1 4 1 1 10 3 0 7 2 4 4 7 6 2 2 3 6 2 0 2 3 1 0 2 7 10 2 4 1 0 4 1 1 7 0 0 8 1 6 6 2 2 6 2 5 1 3 6 0 10 0 5 4 3 2 3   26800
1811 10 3 0 6 4 2 7 3 5 10 3 10 3 0 3 3 6 2 6 5 6 3 1 1 10 6 2 10 0 7 2 5 6 2 2 4 4 4 6 1 2 10 1 10 1 4 1 1 10 3 0 7 2 4 4 7 6 2 2 3 6 2 0 2 3 1 0 2 7 10 2 4 1 0 4 1 1 7 0 0 8 1 6 6 2 2 6 2 5 1 3 6 0 10 0 5 4 3 2 3   27160
1827 10 3 0 6 4 2 7 3 5 10 3 10 3 0 3 3 6 2 6 5 6 3 1 1 10 6 2 10 0 7 2 5 6 2 2 4 4 4 6 1 2 10 1 10 1 4 1 1 10 3 0 7 2 4 4 7 6 2 2 3 6 2 0 2 3 1 0 2 7 10 2 4 1 0 4 1 1 7 0 0 8 1 6 7 2 2 6 2 5 1 3 6 0 10 0 5 4 3 2 3   27380
1831 10 3 0 6 4 2 7 3 5 10 3 10 3 1 3 3 6 2 6 5 6 3 1 1 10 6 2 10 0 7 2 5 6 2 2 4 4 4 6 1 2 10 1 10 1 4 1 1 10 3 0 7 2 4 4 7 6 2 2 3 6 2 0 2 3 1 0 2 7 10 2 4 1 0 4 1 1 7 0 0 8 1 6 7 2 2 6 2 5 1 3 6 0 10 0 5 4 3 2 3   27440
1851 10 3 0 6 4 2 7 3 5 10 3 10 3 1 3 3 6 2 6 5 6 3 1 1 10 6 2 10 0 7 3 5 6 2 2 4 4 4 6 1 2 10 1 10 1 4 1 1 10 3 0 7 2 4 4 7 6 2 2 3 6 2 0 2 3 1 0 2 7 10 2 4 1 0 4 1 1 7 0 0 8 1 6 7 2 2 6 2 5 1 3 6 0 10 0 5 4 3 2 3   27720
1853 10 3 0 6 4 2 7 3 5 10 3 10 4 1 3 3 6 2 6 5 6 3 1 1 10 6 2 10 0 7 3 5 6 2 2 4 4 4 6 1 2 10 1 10 1 4 1 1 10 4 0 7 2 4 4 7 6 2 2 3 6 2 0 2 3 1 0 2 7 10 2 4 1 0 4 1 1 7 0 0 8 1 6 7 2 2 6 2 5 1 3 6 0 10 0 5 4 3 2 3   27720
1854 10 3 0 6 4 2 7 3 5 10 3 10 4 1 3 3 6 2 6 5 6 3 1 1 10 6 2 10 0 8 3 5 6 2 2 4 4 4 6 1 2 10 1 10 1 4 1 1 10 4 0 7 2 4 4 7 6 2 2 3 6 2 0 2 3 1 0 2 7 10 2 4 1 0 4 1 1 7 0 0 8 1 6 7 2 2 6 2 5 1 3 6 0 10 0 5 4 3 2 3   27800
1875 10 3 0 6 4 2 7 3 5 10 3 10 4 1 3 3 6 2 6 5 6 3 1 1 10 6 2 10 0 9 3 5 6 2 2 4 4 4 6 1 2 10 1 10 1 4 1 1 10 4 0 7 2 4 4 7 6 2 2 3 6 2 0 2 3 1 0 2 7 10 2 4 1 0 4 1 1 7 0 0 8 1 6 7 2 2 6 2 5 1 3 6 0 10 0 5 4 3 2 3   28140
1879 10 3 0 6 4 2 7 3 5 10 3 10 4 1 3 3 6 2 6 5 6 3 1 1 10 6 2 10 0 9 3 5 6 2 2 4 4 4 6 1 2 10 1 10 1 4 1 1 10 5 0 7 2 4 4 7 6 2 2 3 6 2 0 2 3 1 0 2 7 10 2 4 1 0 4 1 1 7 0 0 8 1 6 7 2 2 6 2 5 1 3 6 0 10 0 5 4 3 2 3   28220
1885 10 3 0 6 4 2 7 3 5 10 3 10 5 1 3 3 6 2 6 5 6 3 1 1 10 6 2 10 0 9 3 5 6 2 2 4 4 4 6 1 2 10 1 10 1 4 1 1 10 5 0 7 2 4 4 7 6 2 2 3 6 2 0 2 3 1 0 2 7 10 2 4 1 0 4 1 1 7 0 0 8 1 6 7 2 2 6 2 5 1 3 6 0 10 0 5 4 3 2 3   28320
1905 10 3 0 6 4 2 7 3 5 10 3 10 5 1 3 3 6 2 6 5 6 3 1 1 10 6 2 10 0 9 3 5 6 2 2 4 4 4 6 1 2 10 1 10 1 4 1 1 10 6 0 7 2 4 4 7 6 2 2 3 6 2 0 2 3 1 0 2 7 10 2 4 1 0 4 1 1 7 0 0 8 1 6 7 2 2 6 2 5 1 3 6 0 10 0 5 4 3 2 3   28660
1908 10 3 0 6 4 2 7 3 5 10 3 10 5 1 3 3 6 2 6 5 6 3 1 1 10 6 2 10 0 10 3 5 6 2 2 4 4 4 6 1 2 10 1 10 1 4 1 1 10 6 0 7 2 4 4 7 6 2 2 3 6 2 0 2 3 1 0 2 7 10 2 4 1 0 4 1 1 7 0 0 8 1 6 7 2 2 6 2 5 1 3 6 0 10 0 5 4 3 2 3   28740
1931 10 3 0 6 4 2 7 3 5 10 3 10 5 1 3 3 6 2 6 5 6 3 1 1 10 7 2 10 0 10 3 5 6 2 2 4 4 4 6 1 2 10 1 10 1 4 1 1 10 7 0 7 2 4 4 7 6 2 2 3 6 2 0 2 3 1 0 2 7 10 2 4 1 0 4 1 1 7 0 0 8 1 6 7 2 2 6 2 5 1 3 6 0 10 0 5 4 3 2 3   29000
1938 10 3 0 6 4 2 7 3 5 10 3 10 5 1 3 3 6 2 6 5 6 3 1 1 10 7 2 10 0 10 3 5 6 2 2 4 4 4 6 1 2 10 1 10 1 4 1 1 10 8 0 7 2 4 4 7 6 2 2 3 6 2 0 2 3 1 0 2 7 10 2 4 1 0 4 1 1 7 0 0 8 1 6 7 2 2 6 2 5 1 3 6 0 10 0 5 4 3 2 3   29140
1942 10 3 0 6 4 2 7 3 5 10 3 10 5 1 3 3 6 2 6 5 6 3 1 1 10 7 2 10 0 10 3 5 6 2 2 5 4 4 6 1 2 10 1 10 1 4 1 1 10 8 0 7 2 4 4 7 6 2 2 3 6 2 0 2 3 1 0 2 7 10 2 4 1 0 4 1 1 7 0 0 8 1 6 7 2 2 6 2 5 1 3 6 0 10 0 5 4 3 2 3   29200
1946 10 3 0 6 4 2 7 3 5 10 3 10 5 1 3 3 6 2 6 5 6 3 1 1 10 8 2 10 0 10 3 5 6 2 2 5 4 4 6 1 2 10 1 10 1 4 1 1 10 8 0 7 2 4 4 7 6 2 2 3 6 2 0 2 3 1 0 2 7 10 2 4 1 0 4 1 1 7 0 0 8 1 6 7 2 2 6 2 5 1 3 6 0 10 0 5 4 3 2 3   29240
1948 10 3 0 6 4 2 7 3 5 10 3 10 5 1 3 3 6 2 6 5 6 3 1 1 10 8 2 10 0 10 3 5 6 2 2 5 4 4 6 1 2 10 1 10 1 4 2 1 10 8 0 7 2 4 4 7 6 2 2 3 6 2 0 2 3 1 0 2 7 10 2 4 1 0 4 1 1 7 0 0 8 1 6 7 2 2 6 2 5 1 3 6 0 10 0 5 4 3 2 3   29240
1962 10 3 0 6 4 2 7 3 5 10 3 10 5 2 3 3 6 2 6 5 6 3 1 2 10 8 2 10 0 10 3 5 6 2 2 5 4 4 6 1 2 10 2 10 1 4 2 1 10 8 0 7 2 4 4 7 6 2 2 3 6 2 0 2 3 1 0 2 7 10 2 4 1 0 4 1 1 7 0 0 8 1 6 7 2 2 6 2 5 1 3 6 0 10 0 5 4 3 2 3   29500
1968 10 3 0 6 4 2 7 3 5 10 3 10 5 3 3 3 6 2 6 5 6 3 1 3 10 8 2 10 0 10 3 5 6 2 2 5 4 4 6 1 2 10 2 10 1 4 2 1 10 8 0 7 2 4 4 7 6 2 2 3 6 2 0 2 3 1 0 2 7 10 2 4 1 0 4 1 1 7 0 0 8 1 6 7 2 2 6 2 5 1 3 6 0 10 0 5 4 3 2 3   29600
1974 10 3 0 6 4 2 7 3 5 10 3 10 5 3 3 3 6 2 6 5 6 3 1 3 10 8 2 10 0 10 3 5 6 2 2 5 4 4 6 1 2 10 2 10 1 4 3 1 10 8 0 7 2 4 4 7 6 2 2 3 6 2 0 2 3 1 0 2 7 10 2 4 1 0 4 1 1 7 0 0 8 1 6 7 2 2 6 2 5 1 3 6 0 10 0 5 4 3 2 3   29760
1980 10 3 0 6 4 2 7 3 5 10 3 10 5 3 3 3 6 2 6 5 6 3 1 3 10 8 2 10 0 10 3 5 6 2 2 5 4 4 6 1 2 10 2 10 1 4 3 1 10 8 0 7 2 4 4 7 6 2 2 3 6 3 0 2 3 1 0 2 7 10 2 4 1 0 4 1 1 7 0 0 8 1 6 7 2 2 6 2 5 1 3 6 0 10 0 5 4 3 2 3   29820
1983 10 4 0 6 4 2 7 3 5 10 3 10 5 3 3 3 6 2 6 5 6 3 1 3 10 8 2 10 0 10 3 5 6 2 2 5 4 4 6 1 2 10 2 10 1 4 4 1 10 8 0 7 2 4 4 7 6 2 2 3 6 3 0 2 3 1 0 2 7 10 2 4 1 0 4 1 1 7 0 0 8 1 6 7 2 2 6 2 5 1 3 6 0 10 0 5 4 3 2 3   29880
1984 10 4 0 6 4 3 7 3 5 10 3 10 5 3 3 3 6 3 6 5 6 3 1 3 10 8 2 10 0 10 3 5 6 2 2 5 4 4 6 1 2 10 2 10 1 4 4 1 10 8 0 7 2 4 4 7 6 2 2 3 6 3 0 2 3 1 0 2 7 10 2 4 1 0 4 1 1 7 0 0 8 1 6 7 3 2 6 2 5 1 3 6 0 10 0 5 4 3 2 3   29920
1986 10 4 0 6 4 3 7 3 5 10 3 10 5 3 3 3 6 3 6 5 6 3 1 3 10 8 2 10 0 10 3 5 6 2 2 5 4 4 6 1 2 10 2 10 1 4 4 1 10 8 0 7 2 4 4 7 6 2 2 3 6 4 0 2 3 1 0 2 7 10 2 4 1 0 4 1 1 7 0 0 8 1 6 7 3 2 6 2 5 1 3 6 0 10 0 5 4 3 2 3   29980
1997 10 4 0 6 4 4 7 3 5 10 4 10 5 4 4 3 6 4 6 5 6 3 1 3 10 8 2 10 0 10 3 5 6 2 2 5 4 4 6 1 2 10 2 10 1 4 4 1 10 8 0 7 2 4 4 7 6 2 2 3 6 4 0 2 3 1 0 2 7 10 2 4 1 0 4 1 1 7 0 0 8 1 6 7 4 2 6 2 5 1 3 6 0 10 0 5 4 4 2 3   30160
1998 10 4 0 6 4 4 7 3 5 10 4 10 5 4 4 3 6 4 6 5 6 3 1 3 10 8 2 10 0 10 4 5 6 2 2 5 4 4 6 1 2 10 2 10 1 4 4 1 10 8 0 7 2 4 4 7 6 2 2 3 6 4 0 2 3 1 0 2 7 10 3 4 1 0 4 1 1 7 0 0 8 1 6 7 4 2 6 3 5 1 3 6 0 10 0 5 4 4 2 3   30180
2003 10 4 0 6 4 4 7 3 5 10 5 10 5 5 4 3 6 4 6 5 6 3 1 3 10 8 2 10 0 10 4 5 6 2 2 5 4 4 6 1 2 10 2 10 1 4 4 1 10 8 0 7 2 4 5 7 6 2 2 3 6 4 0 2 3 1 0 2 7 10 3 4 1 0 4 1 1 7 0 0 8 1 6 7 4 2 6 3 5 1 3 6 0 10 0 5 4 4 2 3   30200
2004 10 4 0 6 4 4 7 3 5 10 5 10 5 5 4 3 6 4 6 5 6 3 1 3 10 8 2 10 0 10 4 5 6 2 2 5 4 4 6 1 2 10 2 10 1 4 4 1 10 8 0 7 2 4 5 7 6 2 2 3 6 4 0 2 3 1 0 2 7 10 4 4 1 0 4 1 1 7 0 0 8 1 6 7 4 2 6 4 5 1 3 6 0 10 0 5 4 4 2 3   30220
2006 10 4 0 6 4 4 7 3 5 10 5 10 5 5 4 3 6 4 7 5 6 3 2 3 10 8 2 10 0 10 4 5 6 2 2 5 4 4 6 1 2 10 2 10 1 4 4 1 10 8 0 7 2 4 5 7 6 2 2 3 6 4 0 2 3 1 0 2 7 10 4 4 1 0 4 1 1 7 0 0 8 1 6 7 4 2 6 4 5 1 3 6 0 10 0 5 4 4 2 3   30260
2007 10 4 0 6 4 4 7 3 5 10 5 10 5 5 4 3 6 4 7 5 6 3 3 3 10 8 2 10 0 10 4 5 6 2 2 5 4 4 6 1 2 10 2 10 1 4 4 1 10 8 0 7 2 4 5 7 6 2 2 3 6 4 0 2 3 1 0 2 7 10 4 4 1 0 4 1 1 7 0 0 8 1 6 7 4 2 6 4 5 1 3 6 0 10 0 5 4 4 2 3   30260
2010 10 4 0 6 4 4 7 3 5 10 5 10 5 6 4 3 6 4 7 5 6 3 3 3 10 8 2 10 0 10 4 6 6 2 2 5 4 4 6 1 2 10 2 10 1 4 4 1 10 8 0 7 2 4 5 7 6 2 2 3 6 4 0 2 3 1 0 2 7 10 4 4 1 0 4 1 1 7 0 0 8 1 6 7 4 2 6 4 5 1 3 6 0 10 0 5 4 4 2 3   30260
2013 10 4 0 6 4 4 7 3 5 10 5 10 5 6 4 3 6 4 7 5 6 3 3 3 10 8 2 10 0 10 4 6 6 2 2 5 5 4 6 1 2 10 2 10 1 4 4 1 10 8 0 7 2 4 5 7 6 2 2 3 6 4 0 2 3 1 0 2 7 10 4 5 1 0 4 1 1 7 0 0 8 1 6 7 4 2 6 4 5 1 3 6 0 10 0 5 4 4 2 3   30280
2018 10 4 0 6 4 4 7 3 5 10 5 10 5 6 4 3 6 4 7 5 6 3 4 3 10 8 2 10 0 10 4 6 6 2 2 5 5 4 6 1 2 10 2 10 1 4 5 1 10 8 0 7 2 4 5 7 6 2 2 3 6 5 0 2 3 1 0 2 7 10 4 5 1 0 4 1 1 7 0 0 8 1 6 7 4 2 6 4 5 1 3 6 0 10 0 5 4 4 2 3   30360
2019 10 4 0 6 4 4 7 3 5 10 5 10 5 6 4 3 6 4 8 5 6 3 4 3 10 8 2 10 0 10 4 6 6 2 2 5 5 4 6 1 2 10 2 10 1 4 5 1 10 8 0 7 2 4 5 7 6 2 2 3 6 5 0 2 3 1 0 2 7 10 4 5 1 0 4 1 1 7 0 0 8 1 6 7 4 2 6 4 5 1 3 6 0 10 0 5 4 4 2 3   30380
2024 10 4 0 6 4 4 7 3 5 10 5 10 5 7 4 3 6 4 8 5 6 3 4 3 10 8 2 10 0 10 4 6 6 3 2 5 5 4 6 1 2 10 2 10 1 4 5 1 10 8 0 7 2 4 5 7 6 2 2 3 6 5 0 2 3 1 0 3 7 10 4 5 1 0 4 1 1 7 0 0 8 1 6 7 4 2 6 4 5 1 3 6 0 10 0 5 4 4 2 3   30500
2025 10 4 0 6 4 4 7 3 5 10 5 10 5 7 4 3 6 4 8 5 6 3 4 3 10 9 2 10 0 10 4 6 6 3 2 5 5 4 6 1 2 10 2 10 1 4 5 1 10 9 0 7 2 4 5 7 6 2 2 3 6 5 0 2 3 1 0 3 7 10 4 5 1 0 4 1 1 7 0 0 8 1 6 7 4 2 6 4 5 1 3 6 0 10 0 5 4 4 2 3   30540
2030 10 4 0 6 4 4 7 3 5 10 5 10 5 7 4 3 6 4 8 5 6 3 4 3 10 9 2 10 0 10 4 6 6 3 2 5 5 4 6 1 2 10 2 10 1 4 5 1 10 9 0 7 2 4 5 7 6 2 2 3 6 5 0 2 3 1 0 4 7 10 4 5 1 0 4 1 1 7 0 0 8 1 6 7 4 2 6 4 5 1 3 6 0 10 0 5 4 4 2 3   30640
2031 10 4 0 6 4 4 7 3 5 10 5 10 5 7 4 3 6 4 8 5 6 3 4 3 10 9 2 10 0 10 4 6 6 3 2 5 5 4 6 1 2 10 2 10 1 4 5 1 10 9 0 7 2 4 5 7 6 2 2 3 6 5 0 2 3 1 1 4 7 10 4 5 1 0 4 1 1 7 0 0 8 1 6 7 4 2 6 4 5 1 3 6 0 10 0 5 4 4 2 3   30640
2037 10 5 0 6 4 4 7 3 5 10 5 10 5 7 4 3 6 4 8 5 6 3 4 3 10 9 2 10 0 10 4 6 6 3 2 5 5 4 6 1 2 10 2 10 1 4 5 1 10 9 0 7 2 4 5 7 6 2 2 3 6 5 0 2 3 1 1 5 7 10 4 5 1 0 4 1 1 7 0 0 8 1 6 7 4 2 6 4 5 1 3 6 0 10 0 5 4 4 2 3   30740
2038 10 5 0 6 4 4 7 3 5 10 5 10 5 7 4 3 6 4 8 5 6 3 4 3 10 9 2 10 0 10 4 6 6 3 2 5 5 4 6 1 2 10 2 10 1 4 5 1 10 9 0 7 2 4 5 7 6 2 2 3 6 5 0 2 3 1 1 5 7 10 4 5 1 0 4 1 1 7 0 0 8 1 6 8 4 2 6 4 5 1 3 6 0 10 0 5 4 4 2 3   30760
2043 10 5 0 6 4 4 7 3 5 10 5 10 5 7 4 3 6 4 8 5 6 3 4 3 10 9 2 10 0 10 4 6 6 3 2 5 5 4 6 1 2 10 2 10 1 4 6 1 10 9 0 7 2 4 5 7 6 2 2 3 6 6 0 2 3 1 1 6 7 10 4 5 1 0 4 1 1 7 0 0 8 1 6 8 4 2 6 4 5 1 3 6 0 10 0 5 4 4 2 3   30800
2050 10 5 0 6 4 4 7 3 6 10 5 10 5 7 4 3 6 4 8 5 6 3 4 3 10 9 2 10 0 10 4 6 6 3 2 5 5 4 6 1 2 10 2 10 1 4 6 1 10 9 0 7 2 4 5 7 6 2 2 3 6 6 0 2 3 1 1 6 7 10 4 5 1 0 4 1 1 7 0 0 8 1 6 8 4 2 6 4 5 1 3 6 0 10 0 5 4 4 2 3   30940
2051 10 5 0 6 5 4 7 3 6 10 5 10 5 7 4 3 6 4 8 5 6 3 4 3 10 9 2 10 0 10 4 6 6 3 2 5 5 4 6 1 2 10 2 10 1 4 6 1 10 9 0 7 2 4 5 7 6 2 2 3 6 6 0 2 3 1 1 6 7 10 4 5 1 0 4 1 1 7 0 0 8 1 6 8 4 2 6 4 5 1 3 6 0 10 0 5 4 4 2 3   30940
2053 10 5 0 6 5 4 7 3 6 10 5 10 5 7 4 3 6 4 8 5 6 3 4 3 10 9 2 10 0 10 4 7 6 3 2 5 5 4 6 1 2 10 2 10 1 4 6 1 10 9 0 7 2 4 5 7 6 2 2 3 6 6 0 2 3 1 1 6 7 10 4 5 1 0 4 1 1 7 0 0 8 1 6 8 4 2 6 4 5 1 3 6 0 10 0 5 4 4 2 3   30940
2056 10 5 0 6 5 4 7 3 6 10 5 10 5 7 4 3 6 4 8 5 6 3 4 3 10 9 2 10 0 10 4 7 6 3 2 5 5 4 6 1 2 10 2 10 1 4 6 1 10 9 0 7 2 4 5 7 6 2 2 3 6 6 0 2 4 1 1 6 7 10 4 5 1 0 4 1 1 7 0 0 8 1 6 8 4 2 6 4 5 1 4 6 0 10 0 5 4 4 2 3   30960
2057 10 5 0 6 5 4 7 3 7 10 5 10 5 7 4 3 6 4 8 5 6 3 4 3 10 9 2 10 0 10 4 7 6 3 2 5 5 4 6 1 2 10 2 10 1 4 6 1 10 9 0 7 2 4 5 7 6 2 2 3 6 6 0 2 4 1 1 6 7 10 4 5 1 0 4 1 1 7 0 0 8 1 6 8 4 2 6 4 5 1 4 6 0 10 0 5 4 4 2 3   30960
2062 10 5 0 6 5 4 7 3 7 10 5 10 5 7 4 3 6 4 8 5 6 3 4 3 10 9 2 10 0 10 4 7 6 3 2 5 5 4 6 1 2 10 2 10 1 4 6 1 10 9 0 7 2 4 5 7 6 2 2 3 6 6 0 2 4 1 1 6 7 10 4 5 1 0 4 2 1 7 0 0 8 1 6 8 4 2 6 4 5 1 4 6 0 10 0 5 4 4 2 3   31000
2063 10 5 0 6 5 4 7 3 8 10 5 10 5 7 4 3 6 4 8 5 6 3 4 3 10 9 2 10 0 10 4 7 6 3 2 5 5 4 6 1 2 10 2 10 1 4 6 1 10 9 0 7 2 4 5 7 6 2 2 3 6 6 0 2 4 1 1 6 7 10 4 5 1 0 4 2 1 7 0 0 8 1 6 8 4 2 6 4 5 1 4 6 0 10 0 5 4 4 2 3   31000
2068 10 5 0 6 5 4 7 3 8 10 5 10 5 7 4 3 6 4 8 5 6 3 4 3 10 9 2 10 0 10 4 7 6 3 2 5 5 4 6 1 2 10 2 10 1 4 6 1 10 9 0 7 3 4 5 7 6 2 2 3 6 6 0 2 4 1 1 6 7 10 4 5 1 0 4 2 1 7 1 0 8 1 6 8 4 2 6 4 5 1 4 6 0 10 0 5 4 4 2 3   31020
2075 10 5 0 6 6 4 7 3 8 10 5 10 5 7 4 3 6 4 8 5 6 3 4 3 10 9 2 10 0 10 4 7 6 3 2 5 5 4 6 1 2 10 2 10 1 4 6 1 10 9 0 7 3 4 5 7 6 2 2 3 6 6 0 2 4 1 1 6 7 10 4 5 1 0 4 2 1 7 1 0 8 1 6 8 4 2 6 4 5 1 4 6 0 10 0 5 4 4 2 3   31160
2077 10 5 0 6 6 4 7 3 9 10 5 10 5 7 4 3 6 4 8 5 6 3 4 3 10 9 2 10 0 10 4 7 6 3 2 5 5 4 6 1 2 10 2 10 1 4 6 1 10 9 0 7 3 4 5 7 6 2 2 3 6 6 0 2 4 1 1 6 7 10 4 5 1 0 4 2 1 7 1 0 8 1 6 8 4 2 6 4 5 1 4 6 0 10 0 5 4 4 2 3   31180
2096 10 5 0 6 6 4 7 3 9 10 5 10 5 7 4 3 6 4 8 5 6 3 4 3 10 9 2 10 0 10 4 7 6 3 2 5 5 4 6 1 2 10 2 10 1 4 6 1 10 9 0 7 3 4 5 7 6 2 2 3 6 6 0 2 4 1 1 6 7 10 4 5 1 0 4 2 1 7 1 0 8 1 6 9 4 2 6 4 5 1 4 6 0 10 0 5 4 4 2 3   31480
2097 10 5 0 6 6 4 7 3 9 10 5 10 5 7 4 3 6 4 8 5 7 3 4 3 10 9 2 10 0 10 4 7 6 3 2 5 5 4 6 1 2 10 2 10 2 4 6 1 10 9 0 7 3 4 5 7 6 2 2 3 6 6 0 2 4 2 1 6 7 10 4 5 1 0 4 2 1 7 1 0 8 1 6 9 4 2 6 4 5 1 4 6 0 10 0 5 4 4 2 3   31500
2109 10 5 0 6 6 4 7 3 9 10 5 10 5 7 4 3 6 4 8 5 7 3 4 3 10 9 2 10 0 10 4 7 6 3 2 5 5 4 6 1 2 10 2 10 2 4 6 1 10 9 0 7 3 4 5 7 6 3 2 3 6 6 0 2 4 2 1 6 7 10 4 5 1 0 4 2 1 7 1 0 8 1 6 9 4 2 6 4 5 1 4 6 0 10 0 5 4 4 2 3   31720
2110 10 5 0 6 6 4 7 3 9 10 5 10 5 7 4 3 6 4 8 5 7 3 4 3 10 9 2 10 0 10 4 7 7 3 2 5 5 4 6 1 2 10 2 10 2 4 6 1 10 9 0 7 3 4 5 7 6 3 2 3 6 6 0 2 4 2 1 6 7 10 4 5 1 0 4 2 1 7 1 0 8 1 6 9 4 2 6 4 5 1 4 6 0 10 0 5 4 4 2 3   31720
2114 10 5 0 6 6 4 7 3 9 10 5 10 5 7 4 3 6 4 8 5 7 3 4 3 10 9 2 10 0 10 4 7 7 3 2 5 5 4 6 1 2 10 2 10 2 4 6 1 10 9 0 7 3 4 5 7 6 3 2 3 6 6 0 2 4 2 1 6 7 10 4 5 1 0 4 2 1 7 1 0 8 1 6 10 4 2 6 4 5 1 4 6 0 10 0 5 4 4 2 3   31800
2116 10 5 0 6 6 4 7 3 9 10 5 10 5 7 4 3 6 4 8 5 7 3 4 3 10 10 2 10 0 10 4 7 7 3 2 5 5 4 6 1 2 10 2 10 2 4 6 1 10 9 0 7 3 4 5 7 6 3 2 3 6 6 0 2 4 2 1 6 7 10 4 5 1 0 4 2 1 7 1 0 8 1 6 10 4 2 6 4 5 1 4 6 0 10 0 5 4 4 2 3   31840
2121 10 5 0 6 6 4 7 3 9 10 5 10 5 7 4 3 7 4 8 5 7 3 4 3 10 10 2 10 0 10 4 7 7 3 2 5 5 4 6 1 2 10 2 10 2 4 6 1 10 9 0 7 3 4 5 7 6 3 2 3 6 6 0 2 4 2 1 6 7 10 4 5 1 0 4 2 1 7 1 0 8 1 6 10 4 2 6 4 5 1 4 6 0 10 0 5 4 4 2 3   31900
2123 10 5 0 6 6 4 7 3 9 10 5 10 5 7 4 3 7 4 8 5 8 3 4 3 10 10 2 10 0 10 4 7 7 3 2 5 5 4 6 1 2 10 2 10 2 4 6 1 10 9 0 7 3 4 5 7 6 3 2 3 6 6 0 2 4 2 1 6 7 10 4 5 1 0 4 2 1 7 1 0 8 1 6 10 4 2 6 4 5 1 4 6 0 10 0 5 4 4 2 3   31960
2126 10 5 0 6 6 4 7 3 9 10 5 10 5 7 4 3 7 4 8 5 8 3 4 3 10 10 2 10 0 10 4 7 7 3 2 5 5 4 6 1 2 10 2 10 2 4 6 1 10 9 1 7 3 4 5 7 6 3 2 3 6 6 0 2 4 2 1 6 7 10 4 5 1 0 4 2 1 7 1 0 8 1 6 10 4 2 6 4 5 1 4 6 0 10 0 5 4 4 2 3   31980
2127 10 5 0 6 6 4 7 3 9 10 5 10 5 7 4 3 7 4 8 5 8 3 4 3 10 10 2 10 0 10 4 7 7 3 2 5 5 4 6 1 2 10 2 10 2 4 6 1 10 9 1 8 3 4 5 7 6 3 2 3 6 6 0 2 4 2 1 6 7 10 4 5 1 0 4 2 1 7 1 0 8 1 6 10 4 2 6 4 5 1 4 6 0 10 0 5 4 4 2 3   32000
2132 10 5 0 6 6 4 7 3 9 10 5 10 5 7 4 4 7 4 8 5 8 3 4 3 10 10 2 10 0 10 4 7 7 3 2 5 5 4 6 1 2 10 2 10 2 4 6 1 10 9 1 8 3 4 5 7 6 3 2 3 6 6 0 2 4 2 1 6 7 10 4 5 1 0 4 2 1 7 1 0 8 1 6 10 4 2 6 4 5 1 4 6 0 10 0 5 4 4 2 3   32080
2134 10 5 0 6 6 4 7 3 9 10 5 10 5 7 4 4 7 4 8 5 8 3 4 3 10 10 2 10 0 10 4 7 7 4 2 5 5 4 6 1 2 10 2 10 2 4 6 1 10 9 1 8 3 4 5 7 6 3 2 3 6 6 0 2 4 2 1 6 7 10 4 5 1 0 4 2 1 7 1 0 8 1 6 10 4 2 6 4 5 1 4 6 0 10 0 5 4 4 2 4   32160
2137 10 5 0 6 6 4 7 3 9 10 5 10 5 7 4 4 7 4 8 5 9 3 4 3 10 10 2 10 0 10 4 7 7 4 2 5 5 4 6 1 2 10 2 10 2 4 6 1 10 9 1 8 3 4 5 7 6 3 2 3 6 6 0 2 4 2 1 6 7 10 4 5 1 0 4 2 1 7 1 0 8 1 6 10 4 2 6 4 5 1 4 6 0 10 0 5 4 4 2 4   32220
2145 10 5 0 6 7 4 7 3 9 10 5 10 5 7 4 4 7 4 8 5 9 3 4 3 10 10 2 10 0 10 4 7 7 4 2 5 5 4 6 1 2 10 2 10 2 4 6 1 10 9 1 8 3 4 5 7 6 3 2 3 6 6 0 2 4 2 1 6 7 10 4 5 1 0 4 2 1 7 1 0 8 1 6 10 4 2 6 4 5 1 4 6 0 10 0 5 4 4 2 4   32300
2146 10 5 0 6 7 4 7 3 9 10 5 10 5 7 4 5 7 4 8 5 9 3 4 3 10 10 2 10 0 10 4 7 7 4 2 5 5 4 6 1 2 10 2 10 2 4 6 1 10 9 2 8 3 4 5 7 6 3 2 3 6 6 0 2 4 2 1 6 7 10 4 5 1 0 4 2 1 7 1 0 8 1 6 10 4 2 6 4 5 1 4 6 0 10 0 5 4 4 2 4   32300
2172 10 5 0 6 7 4 7 3 9 10 5 10 5 7 4 5 7 4 8 5 9 4 4 3 10 10 2 10 0 10 4 7 7 4 2 5 5 4 6 1 2 10 2 10 2 4 6 1 10 9 2 8 3 4 5 7 6 3 2 3 6 6 0 2 4 2 1 6 7 10 4 5 1 0 4 2 1 7 1 0 8 1 6 10 4 2 6 4 5 1 4 6 0 10 0 5 4 4 2 4   32640
2173 10 5 0 6 7 4 7 3 9 10 5 10 5 7 4 5 7 4 8 5 9 4 4 3 10 10 2 10 0 10 4 7 7 4 2 5 5 4 6 1 2 10 2 10 3 4 6 1 10 9 2 8 3 4 5 7 6 3 2 4 6 6 0 2 4 2 1 6 7 10 4 5 1 0 4 2 1 7 1 0 8 1 6 10 4 2 6 4 5 1 4 6 0 10 0 5 4 4 2 4   32640
2179 10 5 0 6 7 4 7 3 9 10 5 10 5 7 4 5 7 4 8 5 9 4 4 3 10 10 2 10 0 10 4 7 7 4 2 5 5 4 6 1 2 10 2 10 3 4 6 1 10 9 2 8 3 4 5 7 6 3 2 5 6 6 0 2 4 2 1 6 7 10 4 5 1 0 4 2 1 7 1 0 8 1 6 10 4 2 6 4 5 1 4 6 0 10 0 5 4 4 2 4   32680
2185 10 5 0 6 7 4 7 3 9 10 5 10 5 7 4 5 7 4 8 5 9 4 4 3 10 10 2 10 0 10 4 7 7 4 2 5 5 4 6 1 2 10 2 10 3 4 6 1 10 9 2 8 3 4 5 7 6 3 2 6 6 6 0 2 4 2 1 6 7 10 4 5 1 0 4 2 1 7 1 0 8 1 6 10 4 2 6 4 5 1 4 6 0 10 0 5 4 4 2 4   32740
2186 10 5 0 6 7 4 7 3 9 10 5 10 5 7 4 5 7 4 8 5 9 5 4 3 10 10 2 10 0 10 4 7 7 4 2 5 5 4 6 1 2 10 2 10 4 4 6 1 10 9 2 8 3 4 5 7 6 3 2 6 6 6 0 2 4 2 1 6 7 10 4 5 1 0 4 2 1 7 1 0 8 1 6 10 4 2 6 4 5 1 4 6 0 10 0 5 4 4 2 4   32780
2188 10 5 0 6 8 4 7 3 9 10 5 10 5 7 4 5 7 4 8 5 9 5 4 3 10 10 2 10 0 10 4 7 7 4 2 5 5 4 6 1 2 10 2 10 4 4 6 1 10 9 2 8 3 4 5 8 6 3 2 6 6 6 0 2 4 2 1 6 7 10 4 5 1 0 4 2 1 7 1 0 8 1 6 10 4 2 6 4 5 1 4 6 0 10 0 5 4 4 2 4   32780
2198 10 5 0 6 8 4 7 3 9 10 5 10 5 7 4 5 7 4 8 5 9 5 4 3 10 10 2 10 0 10 4 7 7 4 2 5 5 4 6 1 2 10 2 10 4 4 6 1 10 9 2 8 3 5 5 8 6 3 2 6 6 6 0 2 4 2 1 6 7 10 4 5 1 0 4 2 1 7 1 0 8 1 6 10 5 2 6 4 5 1 4 6 0 10 0 5 5 5 2 5   32980
2209 10 5 0 6 8 4 7 3 9 10 5 10 5 7 4 5 8 4 8 5 9 5 4 3 10 10 2 10 0 10 4 7 7 4 2 5 5 4 6 1 2 10 2 10 4 4 6 1 10 9 2 8 3 5 5 8 6 3 2 6 6 6 0 2 4 2 1 6 7 10 4 5 1 0 4 2 1 7 1 0 8 1 6 10 5 2 6 4 5 1 4 6 0 10 0 5 5 5 2 5   33220
2216 10 5 0 6 8 4 7 3 9 10 5 10 5 7 4 5 8 4 8 5 9 6 4 3 10 10 2 10 0 10 4 7 7 4 2 5 5 4 6 1 2 10 2 10 4 4 6 1 10 9 2 8 3 5 5 8 6 3 2 6 6 6 0 2 4 2 1 6 7 10 4 5 1 0 4 2 1 7 1 0 8 1 6 10 5 2 6 4 5 1 4 6 0 10 0 5 5 5 2 5   33300
2220 10 6 0 6 8 4 7 3 9 10 5 10 5 7 4 5 8 4 8 5 9 6 4 3 10 10 2 10 0 10 4 7 7 4 2 6 5 4 6 1 2 10 2 10 4 4 6 1 10 9 2 8 3 6 5 8 6 3 2 6 6 6 0 2 4 2 1 6 7 10 4 5 1 0 4 2 1 7 1 0 8 1 6 10 5 2 6 4 5 1 4 6 0 10 0 5 5 5 2 6   33340
2222 10 6 0 6 9 4 7 3 9 10 5 10 5 7 4 5 8 4 8 5 9 6 4 3 10 10 2 10 0 10 4 7 7 4 2 6 5 4 6 1 2 10 2 10 4 4 6 1 10 9 2 8 3 6 5 8 6 3 2 6 6 6 0 2 4 2 1 6 7 10 4 5 1 0 4 2 1 7 1 0 8 1 6 10 5 2 6 4 5 1 4 6 0 10 0 5 5 5 2 6   33360
2229 10 6 0 6 10 4 7 3 9 10 5 10 5 7 4 5 8 4 8 5 9 6 4 3 10 10 2 10 0 10 4 7 7 4 2 6 5 4 6 1 2 10 2 10 4 4 6 1 10 9 2 8 3 6 5 8 6 3 2 6 6 6 0 2 4 2 1 6 7 10 4 5 1 0 4 2 1 7 1 0 8 1 6 10 5 2 6 4 5 1 4 6 0 10 0 5 5 5 2 6   33480
2230 10 6 0 6 10 4 7 3 9 10 5 10 5 7 4 5 8 4 8 5 9 6 4 3 10 10 2 10 0 10 4 7 7 4 2 6 5 4 6 1 2 10 2 10 4 4 6 1 10 9 2 8 3 6 5 8 6 3 2 6 6 6 0 2 4 2 1 6 7 10 4 5 1 0 4 2 1 7 1 0 8 1 6 10 6 2 6 4 5 1 4 6 0 10 0 6 6 6 2 6   33500
2233 10 6 0 6 10 4 7 3 9 10 5 10 5 7 4 5 8 4 8 6 9 6 4 3 10 10 2 10 0 10 4 7 7 4 2 6 5 4 6 1 2 10 2 10 4 4 6 1 10 9 2 8 3 6 5 8 6 3 2 6 6 6 0 2 4 2 1 6 7 10 4 5 1 0 4 2 1 7 1 0 8 1 6 10 6 2 6 4 5 1 4 6 0 10 0 6 6 6 2 6   33520
2240 10 6 0 6 10 4 7 3 9 10 5 10 5 7 4 5 8 4 8 6 9 6 4 3 10 10 2 10 0 10 5 7 7 4 2 6 5 4 6 1 2 10 2 10 4 4 6 1 10 9 2 8 3 6 5 8 6 3 2 6 6 6 0 2 4 2 1 6 7 10 4 5 1 0 4 2 1 7 1 0 8 1 6 10 6 2 6 4 5 1 4 6 0 10 0 6 6 6 2 6   33720
2242 10 6 0 6 10 5 7 3 9 10 5 10 5 7 4 5 8 4 8 6 9 6 4 3 10 10 2 10 0 10 5 7 7 4 2 6 5 4 6 1 2 10 2 10 4 4 6 1 10 9 2 8 3 6 5 8 6 3 2 6 6 6 0 2 4 2 1 6 7 10 4 5 1 0 4 2 1 7 1 0 8 1 6 10 6 2 6 5 5 1 4 6 0 10 0 6 6 6 2 6   33780
2244 10 6 0 6 10 5 7 3 9 10 6 10 5 7 4 5 8 4 8 6 9 6 4 3 10 10 2 10 0 10 5 7 7 4 2 6 5 4 6 1 2 10 2 10 4 4 6 1 10 9 2 8 3 6 5 8 6 3 2 6 6 6 0 2 4 2 1 6 7 10 4 5 1 0 4 2 1 7 1 0 8 1 6 10 6 2 6 5 5 1 4 6 0 10 0 6 6 6 2 6   33800
2248 10 6 0 6 10 5 7 3 9 10 6 10 5 7 4 5 8 4 8 7 9 6 4 3 10 10 2 10 0 10 5 7 7 4 2 6 5 4 6 1 2 10 2 10 4 4 7 1 10 9 2 8 3 6 5 8 6 3 2 6 6 6 0 2 4 2 1 6 7 10 4 5 1 0 4 2 1 7 1 0 8 1 6 10 6 2 6 5 5 1 4 6 0 10 0 6 6 6 2 6   33900
2254 10 6 0 6 10 5 7 3 9 10 6 10 5 7 5 5 8 4 8 7 9 6 4 3 10 10 2 10 0 10 5 7 7 4 2 6 5 4 6 1 2 10 2 10 5 4 7 1 10 9 2 8 3 6 5 8 6 3 2 6 6 6 0 2 4 2 1 6 7 10 4 5 1 0 4 2 1 7 1 0 8 1 6 10 6 2 6 5 5 1 4 6 0 10 0 6 6 6 2 6   33920
2258 10 6 0 6 10 5 7 3 9 10 6 10 5 7 5 5 9 4 8 7 9 6 4 3 10 10 2 10 0 10 5 7 7 4 2 6 5 4 6 1 2 10 2 10 5 4 7 1 10 9 2 8 3 6 5 8 6 3 2 6 6 6 0 2 4 2 1 6 7 10 4 5 1 0 4 2 1 7 1 0 8 1 6 10 6 2 6 5 5 1 4 6 0 10 0 6 6 6 2 6   33960
2269 10 6 0 6 10 5 7 3 9 10 6 10 5 7 5 5 9 4 8 7 9 6 4 3 10 10 2 10 0 10 5 7 7 4 2 6 5 4 6 1 2 10 2 10 5 4 7 1 10 9 2 8 3 6 5 8 6 3 2 6 6 6 0 2 4 2 1 6 7 10 4 5 1 0 4 2 1 7 2 0 8 1 6 10 6 2 6 5 5 1 4 6 0 10 0 6 6 6 2 6   34120
2272 10 7 0 6 10 5 7 3 9 10 6 10 5 7 5 5 9 4 8 7 9 6 4 3 10 10 2 10 0 10 5 7 7 4 2 6 5 4 6 1 2 10 2 10 5 4 7 1 10 9 2 8 3 7 5 8 6 3 2 6 6 6 0 2 4 2 1 7 7 10 4 5 1 0 4 2 1 7 2 0 8 1 6 10 6 2 6 5 5 1 4 6 0 10 0 6 6 6 2 6   34180
2280 10 7 0 6 10 5 7 3 9 10 6 10 5 7 5 5 9 4 8 7 9 6 4 3 10 10 2 10 0 10 5 7 7 4 2 6 5 4 6 1 2 10 2 10 5 4 7 1 10 9 2 8 3 7 6 8 6 3 2 6 6 6 0 2 4 2 1 7 7 10 4 5 1 0 4 2 1 7 2 0 8 1 6 10 6 2 6 5 5 1 4 6 0 10 0 6 6 6 2 6   34280
2288 10 7 0 6 10 5 7 3 9 10 6 10 5 7 5 5 9 4 8 7 9 6 4 3 10 10 2 10 0 10 5 7 7 4 2 6 5 4 6 1 2 10 2 10 5 4 7 2 10 9 2 8 3 7 6 8 6 3 2 6 6 6 0 2 4 2 1 7 7 10 4 5 1 0 4 2 1 7 2 0 8 1 6 10 6 2 6 5 5 1 4 6 0 10 0 6 6 6 2 6   34360
2306 10 7 0 6 10 5 7 3 9 10 6 10 5 7 5 5 9 4 8 7 9 6 4 3 10 10 2 10 0 10 5 7 7 4 2 6 5 4 6 1 2 10 2 10 5 4 7 2 10 9 2 8 3 7 7 8 6 3 2 6 6 6 0 2 4 2 1 7 7 10 4 5 1 0 4 2 1 7 2 0 8 1 6 10 6 2 6 5 5 1 4 6 0 10 0 6 6 6 2 6   34660
2328 10 7 0 6 10 5 7 3 9 10 6 10 5 7 5 5 9 4 8 7 9 6 4 3 10 10 2 10 0 10 5 7 7 4 2 6 5 4 6 1 2 10 2 10 5 4 8 2 10 9 2 8 3 7 8 8 6 3 2 6 6 6 0 2 4 2 1 7 7 10 4 5 1 0 4 2 1 7 2 0 8 1 6 10 6 2 6 5 5 1 4 6 0 10 0 6 6 6 2 6   35040
2335 10 7 0 6 10 5 7 3 9 10 6 10 5 7 5 5 9 4 8 7 9 6 4 3 10 10 2 10 0 10 5 7 8 4 2 6 5 4 6 1 2 10 2 10 5 4 8 2 10 9 2 8 3 7 9 8 6 3 2 6 6 6 0 2 4 2 1 7 7 10 4 5 1 0 4 2 1 7 2 0 8 1 6 10 6 2 6 5 5 1 4 6 0 10 0 6 6 6 3 6   35080
2337 10 7 0 6 10 5 7 3 9 10 6 10 5 7 5 5 9 4 8 7 10 6 4 3 10 10 2 10 0 10 5 7 8 4 2 6 5 4 6 1 2 10 2 10 5 4 8 2 10 9 2 8 3 7 9 8 6 3 2 6 6 6 0 2 4 2 1 7 7 10 4 5 1 0 4 2 1 7 2 0 8 1 6 10 6 2 6 5 5 1 4 6 0 10 0 6 6 6 3 6   35100
2340 10 7 0 6 10 5 7 3 9 10 6 10 5 7 5 5 9 4 8 7 10 6 4 3 10 10 2 10 0 10 5 7 8 4 3 6 5 4 6 1 2 10 2 10 5 4 8 2 10 9 2 8 3 7 9 8 6 3 3 6 6 6 0 2 4 2 1 7 7 10 4 5 1 0 4 2 1 7 2 0 8 1 6 10 6 3 6 5 5 1 4 6 0 10 0 6 6 6 3 6   35180
2342 10 7 0 6 10 5 7 3 10 10 6 10 5 7 5 5 9 4 8 7 10 6 4 3 10 10 2 10 0 10 5 7 8 4 3 6 5 4 6 1 2 10 2 10 5 4 8 2 10 9 2 8 3 7 9 8 6 3 3 6 6 6 0 2 4 2 1 7 7 10 4 5 1 0 4 2 1 7 2 0 8 1 6 10 6 3 6 5 5 1 4 6 0 10 0 6 6 6 3 6   35260
2345 10 7 0 6 10 5 7 3 10 10 6 10 5 7 5 5 9 4 8 7 10 6 4 3 10 10 2 10 0 10 5 7 8 4 3 6 5 4 6 1 2 10 2 10 5 5 8 2 10 9 2 8 3 7 9 8 6 3 3 6 6 6 0 2 4 2 1 7 7 10 5 5 1 0 4 2 1 7 2 0 8 1 6 10 6 3 6 5 5 1 5 6 0 10 0 6 6 6 3 6   35380
2346 10 7 0 6 10 5 7 3 10 10 6 10 5 7 5 5 9 4 8 7 10 6 4 3 10 10 2 10 0 10 5 7 8 4 3 6 5 4 6 1 2 10 2 10 5 6 8 2 10 9 2 8 3 7 9 8 6 3 3 6 6 6 0 2 4 2 1 7 7 10 6 5 1 0 4 2 1 7 2 0 8 1 6 10 6 3 6 5 5 1 5 6 0 10 0 6 6 6 3 6   35420
2348 10 7 0 6 10 5 7 3 10 10 6 10 5 7 5 5 9 4 8 7 10 6 4 3 10 10 2 10 1 10 5 7 8 4 3 6 5 4 6 1 2 10 2 10 5 6 8 2 10 9 2 8 3 7 9 8 6 3 3 6 6 6 0 2 4 2 1 7 7 10 6 5 1 0 4 2 1 7 2 0 8 1 6 10 6 3 6 5 5 1 5 6 0 10 0 6 6 6 3 6   35480
2354 10 7 0 6 10 5 7 3 10 10 6 10 5 7 5 5 9 4 8 7 10 6 4 3 10 10 2 10 2 10 5 7 8 4 3 6 5 4 6 1 2 10 2 10 5 6 8 2 10 9 2 8 3 7 9 8 6 3 3 6 6 6 0 2 4 2 1 7 7 10 6 5 1 0 4 2 1 7 2 0 8 1 6 10 6 3 6 5 5 1 5 6 0 10 0 6 6 6 3 6   35580
2362 10 7 0 6 10 5 7 3 10 10 6 10 5 7 5 5 9 4 8 7 10 6 4 3 10 10 2 10 2 10 5 7 8 4 3 6 5 4 6 1 2 10 2 10 5 6 8 2 10 9 2 8 3 7 9 8 6 3 3 6 6 6 0 2 4 2 1 8 7 10 6 5 1 0 4 2 1 7 2 0 8 1 6 10 6 3 6 5 5 1 5 6 0 10 0 6 6 6 3 6   35700
2363 10 7 0 6 10 5 7 3 10 10 6 10 5 7 5 5 9 4 8 7 10 6 4 3 10 10 2 10 2 10 5 7 8 4 3 6 5 4 6 1 3 10 2 10 5 6 8 2 10 9 2 8 3 7 9 8 6 3 3 6 6 6 0 2 4 2 1 8 7 10 6 5 1 0 4 2 1 7 2 0 8 1 6 10 6 3 6 5 5 1 5 6 0 10 0 6 6 6 3 6   35740
2365 10 7 0 6 10 5 7 3 10 10 7 10 5 7 5 5 9 4 8 7 10 6 4 3 10 10 2 10 2 10 5 7 8 4 3 6 5 4 6 1 3 10 2 10 5 6 8 2 10 9 2 8 3 7 9 8 6 3 3 6 6 6 0 2 4 2 1 8 7 10 6 5 1 0 4 2 1 7 2 0 8 1 6 10 6 3 6 5 5 1 5 6 0 10 0 6 6 6 3 6   35760
2371 10 7 0 6 10 5 7 3 10 10 8 10 5 7 5 5 9 4 8 7 10 6 4 3 10 10 2 10 2 10 5 7 8 4 3 6 5 4 6 1 3 10 2 10 5 6 8 2 10 9 2 8 3 7 9 8 6 3 3 6 6 6 0 2 4 2 1 8 7 10 6 5 1 0 4 2 1 7 2 0 8 1 6 10 6 3 6 5 5 1 5 6 0 10 0 6 6 6 3 6   35860
2384 10 7 0 6 10 5 7 3 10 10 8 10 5 7 5 5 9 4 8 7 10 6 4 3 10 10 2 10 2 10 5 7 8 4 3 6 5 4 6 1 3 10 2 10 5 6 8 2 10 9 2 8 3 7 9 8 6 3 3 6 6 6 0 2 4 2 1 8 7 10 6 5 2 0 4 2 1 7 2 0 8 1 6 10 6 3 6 5 5 1 5 6 0 10 0 6 6 6 3 6   36040
2386 10 7 0 6 10 5 7 3 10 10 8 10 5 7 5 5 9 4 8 7 10 6 4 3 10 10 2 10 2 10 5 7 8 4 3 6 5 4 6 1 3 10 2 10 5 6 8 2 10 9 2 8 3 7 9 8 6 3 3 6 6 6 0 2 5 2 1 8 7 10 6 5 2 0 4 2 1 7 2 0 8 1 6 10 6 3 6 5 5 1 5 6 0 10 0 6 6 6 3 6   36060
2389 10 7 0 6 10 5 7 3 10 10 8 10 5 7 5 5 9 4 8 7 10 6 4 3 10 10 2 10 2 10 5 7 8 4 3 6 5 4 6 2 3 10 2 10 5 6 8 2 10 9 2 8 3 7 9 8 6 3 3 6 6 6 0 2 5 2 1 8 7 10 6 5 2 0 4 2 1 7 2 0 8 1 6 10 6 3 6 5 5 1 5 6 0 10 0 6 6 6 3 6   36080
2398 10 7 0 6 10 5 7 3 10 10 8 10 5 7 5 5 9 4 8 7 10 6 4 3 10 10 2 10 2 10 5 7 8 4 3 6 5 4 6 2 3 10 2 10 5 6 8 2 10 9 2 8 3 7 10 8 6 3 3 6 6 6 0 2 5 2 1 8 7 10 6 5 2 0 4 2 1 7 2 0 8 1 6 10 6 3 6 5 5 1 5 6 0 10 0 6 6 6 3 6   36140
2401 10 7 0 6 10 5 7 3 10 10 8 10 5 7 5 5 9 4 8 7 10 6 4 3 10 10 2 10 2 10 5 7 8 4 3 6 5 4 6 2 3 10 2 10 5 6 8 2 10 9 2 8 3 7 10 8 7 3 3 6 6 6 0 2 5 2 1 8 7 10 6 5 2 0 4 2 1 7 2 0 8 1 6 10 7 3 6 5 5 1 5 6 0 10 0 6 6 6 3 6   36180
2402 10 7 0 6 10 5 7 3 10 10 8 10 5 7 5 5 9 4 8 7 10 6 4 3 10 10 2 10 2 10 5 7 8 4 3 6 5 4 6 2 3 10 2 10 5 6 9 2 10 9 2 8 3 7 10 8 7 3 3 6 6 6 0 2 5 2 1 8 7 10 6 5 2 0 4 2 1 7 2 0 8 1 6 10 7 3 6 5 5 1 5 6 0 10 0 6 6 6 3 6   36180
2404 10 7 0 6 10 5 7 3 10 10 8 10 5 7 5 5 9 4 9 7 10 6 4 3 10 10 2 10 2 10 5 7 8 4 3 6 5 4 6 2 3 10 2 10 5 6 9 2 10 9 2 8 3 7 10 8 7 3 3 6 6 6 0 2 5 2 1 8 7 10 6 5 2 0 4 2 1 7 2 0 8 1 6 10 7 3 6 5 5 1 5 6 0 10 0 6 6 6 3 6   36180
2412 10 7 0 6 10 5 7 3 10 10 8 10 5 7 5 6 9 4 9 7 10 6 4 3 10 10 2 10 2 10 5 7 8 4 3 6 5 4 6 2 3 10 2 10 5 6 9 2 10 9 2 8 3 7 10 8 7 3 3 6 6 6 0 2 5 2 1 8 7 10 6 5 3 0 4 2 1 7 2 0 8 1 6 10 7 3 6 5 5 1 5 6 0 10 0 6 6 6 3 6   36360
2413 10 7 0 6 10 5 7 3 10 10 8 10 5 7 5 6 9 5 9 7 10 6 4 3 10 10 2 10 2 10 5 7 8 4 3 6 5 4 6 2 3 10 2 10 5 6 9 2 10 9 2 8 3 7 10 8 7 3 3 6 6 6 0 2 5 2 1 8 7 10 6 5 3 0 4 2 1 7 2 0 8 1 6 10 7 3 6 5 5 1 5 6 0 10 0 6 6 6 3 6   36380
2416 10 7 1 6 10 5 7 3 10 10 8 10 5 7 5 6 9 5 9 7 10 6 4 3 10 10 2 10 2 10 5 7 8 4 3 6 5 4 6 2 3 10 2 10 5 6 9 2 10 9 2 8 3 7 10 8 7 3 3 6 6 6 0 2 5 2 1 8 7 10 6 5 3 1 4 2 1 7 2 0 8 1 6 10 7 3 6 5 5 1 5 6 1 10 0 6 6 6 3 6   36460
2418 10 7 1 6 10 5 7 3 10 10 8 10 5 7 5 6 9 5 9 7 10 6 4 3 10 10 2 10 2 10 5 7 8 4 3 6 5 4 6 2 3 10 2 10 5 6 9 2 10 9 2 8 3 7 10 8 7 3 3 6 6 6 0 2 5 2 1 8 7 10 6 5 3 1 4 2 1 7 2 1 8 1 6 10 7 3 6 5 5 1 5 6 1 10 0 6 6 6 3 6   36460
2423 10 7 1 6 10 5 7 3 10 10 8 10 5 7 5 7 9 5 9 7 10 6 4 3 10 10 2 10 2 10 5 7 8 4 3 6 5 4 6 2 3 10 2 10 5 6 9 2 10 9 2 8 3 7 10 8 7 3 3 6 6 6 0 2 5 2 1 8 7 10 6 5 3 1 4 2 1 7 2 1 8 1 6 10 7 3 6 5 5 1 5 6 1 10 0 6 6 6 3 6   36540
2424 10 7 1 6 10 5 7 3 10 10 8 10 5 7 5 8 9 5 9 7 10 6 4 3 10 10 2 10 2 10 5 7 8 4 3 6 5 4 6 2 3 10 2 10 5 6 9 2 10 9 2 8 3 7 10 8 7 3 3 6 6 6 0 2 5 2 1 8 7 10 6 5 3 1 4 2 1 7 2 1 8 1 6 10 7 3 6 5 5 1 5 6 1 10 0 6 6 6 3 6   36580
