1 1 0 0 0 0 0 0 0 0 0 0 0 0 0 0 0 0 0 0 0 0 0 0 0 0 0 0 0 0 0 0 0 0 0 0 0 0 0 0 0 0 0 0 0 0 0 0 0 0 0 0 0 0 0 0 0 0 0 0 0 0 0 0 0 0 0 0 0 0 0 0 0 0 0 0 0 0 0 0 0 0 0 0 0 0 0 0 0 0 0 0 0 0 0 0 0 0 0 0 0   0
2 2 0 0 0 0 0 0 0 0 0 0 0 0 0 0 0 0 0 0 0 0 0 0 0 0 0 0 0 0 0 0 0 0 0 0 0 0 0 0 0 0 0 0 0 0 0 0 0 0 0 0 0 0 0 0 0 0 0 0 0 0 0 0 0 0 0 0 0 0 0 0 0 0 0 0 0 0 0 0 0 0 0 0 0 0 0 0 0 0 0 0 0 0 0 0 0 0 0 0 0   0
3 3 0 0 0 0 0 0 0 0 0 0 0 0 0 0 0 0 0 0 0 0 0 0 0 0 0 0 0 0 0 0 0 0 0 0 0 0 0 0 0 0 0 0 0 0 0 0 0 0 0 0 0 0 0 0 0 0 0 0 0 0 0 0 0 0 0 0 0 0 0 0 0 0 0 0 0 0 0 0 0 0 0 0 0 0 0 0 0 0 0 0 0 0 0 0 0 0 0 0 0   0
4 4 0 0 0 0 0 0 0 0 0 0 0 0 0 0 0 0 0 0 0 0 0 0 0 0 0 0 0 0 0 0 0 0 0 0 0 0 0 0 0 0 0 0 0 0 0 0 0 0 0 0 0 0 0 0 0 0 0 0 0 0 0 0 0 0 0 0 0 0 0 0 0 0 0 0 0 0 0 0 0 0 0 0 0 0 0 0 0 0 0 0 0 0 0 0 0 0 0 0 0   0
6 5 0 0 0 0 0 0 0 0 0 0 0 0 0 0 0 0 0 0 0 0 0 0 0 0 0 0 0 0 0 0 0 0 0 0 0 0 0 0 0 0 0 0 0 0 0 0 0 0 0 0 0 0 0 0 0 0 0 0 0 0 0 0 0 0 0 0 0 0 0 0 0 0 0 0 0 0 0 0 0 0 0 0 0 0 0 0 0 0 0 0 0 0 0 0 0 0 0 0 0   0
7 7 0 0 0 0 0 0 0 0 0 0 0 0 0 0 0 0 0 0 0 0 0 0 0 0 0 0 0 0 0 0 0 0 0 0 0 0 0 0 0 0 0 0 0 0 0 0 0 0 0 0 0 0 0 0 0 0 0 0 0 0 0 0 0 0 0 0 0 0 0 0 0 0 0 0 0 0 0 0 0 0 0 0 0 0 0 0 0 0 0 0 0 0 0 0 0 0 0 0 0   0
8 8 0 0 0 0 0 0 0 0 0 0 0 0 0 0 0 0 0 0 0 0 0 0 0 0 0 0 0 0 0 0 0 0 0 0 0 0 0 0 0 0 0 0 0 0 0 0 0 0 0 0 0 0 0 0 0 0 0 0 0 0 0 0 0 0 0 0 0 0 0 0 0 0 0 0 0 0 0 0 0 0 0 0 0 0 0 0 0 0 0 0 0 0 0 0 0 0 0 0 0   0
9 9 0 0 0 0 0 0 0 0 0 0 0 0 0 0 0 0 0 0 0 0 0 0 0 0 0 0 0 0 0 0 0 0 0 0 0 0 0 0 0 0 0 0 0 0 0 0 0 0 0 0 0 0 0 0 0 0 0 0 0 0 0 0 0 0 0 0 0 0 0 0 0 0 0 0 0 0 0 0 0 0 0 0 0 0 0 0 0 0 0 0 0 0 0 0 0 0 0 0 0   0
10 10 0 0 0 0 0 0 0 0 0 0 0 0 0 0 0 0 0 0 0 0 0 0 0 0 0 0 0 0 0 0 0 0 0 0 0 0 0 0 0 0 0 0 0 0 0 0 0 0 0 0 0 0 0 0 0 0 0 0 0 0 0 0 0 0 0 0 0 0 0 0 0 0 0 0 0 0 0 0 0 0 0 0 0 0 0 0 0 0 0 0 0 0 0 0 0 0 0 0 0   0
12 10 0 0 0 0 0 0 0 0 0 0 0 0 0 0 0 0 0 0 0 0 0 0 0 0 0 0 0 0 0 0 0 0 0 0 0 0 0 0 0 0 0 0 0 0 0 1 0 0 0 0 0 0 0 0 0 0 0 0 0 0 0 0 0 0 0 0 0 0 0 0 0 0 0 0 0 0 0 0 0 0 0 0 0 0 0 0 0 0 0 0 0 0 0 0 0 0 0 0 0   0
22 10 0 0 0 0 0 0 0 0 0 0 0 0 0 0 0 0 0 0 0 0 0 0 0 0 0 0 0 0 0 0 0 0 0 0 0 0 0 0 0 0 0 0 0 0 0 2 0 0 0 0 0 0 0 0 0 0 0 0 0 0 0 0 0 0 0 0 0 0 0 0 0 0 0 0 0 0 0 0 0 0 0 0 0 0 0 0 0 0 0 0 0 0 0 0 0 0 0 0 0   0
33 10 0 0 0 0 0 0 0 0 0 0 0 0 0 0 0 0 0 0 0 0 0 0 0 0 0 0 0 0 0 0 0 0 0 0 0 0 0 0 0 0 0 0 0 0 0 3 0 0 0 0 0 0 0 0 0 0 0 0 0 0 0 0 0 0 0 0 0 0 0 0 0 0 0 0 0 0 0 0 0 0 0 0 0 0 0 0 0 0 0 0 0 0 0 0 0 0 0 0 0   0
42 10 0 0 0 0 0 0 0 0 0 0 0 0 0 0 0 0 0 0 0 0 0 0 0 0 0 0 0 0 0 0 0 0 0 0 0 0 0 0 0 0 0 0 0 0 0 3 0 1 0 0 0 0 0 0 0 0 0 0 0 0 0 0 0 0 0 0 0 0 0 0 0 0 0 0 0 0 0 0 0 0 0 0 0 0 0 0 0 0 0 0 0 0 0 0 0 0 0 0 0   0
52 10 0 0 0 0 0 0 0 0 0 0 0 0 0 0 0 0 0 0 0 0 0 0 0 0 0 0 0 0 0 0 0 0 0 0 0 0 0 0 0 0 0 0 0 0 0 3 0 2 0 0 0 0 0 0 0 0 0 0 0 0 0 0 0 0 0 0 0 0 0 0 0 0 0 0 0 0 0 0 0 0 0 0 0 0 0 0 0 0 0 0 0 0 0 0 0 0 0 0 0   80
62 10 0 0 0 0 0 0 0 0 0 0 2 0 0 0 0 0 0 0 0 0 0 0 0 0 0 0 0 0 0 0 0 0 0 0 0 0 0 0 0 0 0 0 0 0 0 3 0 2 0 0 0 0 0 0 0 0 0 0 0 0 0 0 0 0 0 0 0 0 0 0 0 0 0 0 0 0 0 0 0 0 0 0 0 0 0 0 0 0 0 0 0 0 0 0 0 0 0 0 0   160
63 10 0 0 0 0 0 0 0 0 0 0 2 0 0 0 0 0 0 0 0 0 0 0 0 0 0 0 0 0 0 0 0 0 0 0 0 0 0 0 0 0 0 0 0 0 0 3 0 3 0 0 0 0 0 0 0 0 0 0 0 0 0 0 0 0 0 0 0 0 0 0 0 0 0 0 0 0 0 0 0 0 0 0 0 0 0 0 0 0 0 0 0 0 0 0 0 0 0 0 0   160
64 10 0 0 0 0 0 0 0 0 0 0 2 0 0 0 0 0 0 0 0 0 0 0 0 0 0 0 0 0 0 0 0 0 0 0 0 0 0 0 0 0 0 0 0 0 0 3 0 4 0 0 0 0 0 0 0 0 0 0 0 0 0 0 0 0 0 0 0 0 0 0 0 0 0 0 0 0 0 0 0 0 0 0 0 0 0 0 0 0 0 0 0 0 0 0 0 0 0 0 0   180
66 10 0 0 0 0 0 0 0 0 0 0 2 0 0 0 0 0 0 0 0 0 0 0 0 0 0 0 0 0 0 0 0 0 0 0 0 0 0 0 0 0 0 0 0 0 0 3 0 5 0 0 0 0 0 0 0 0 0 0 0 0 0 0 0 0 0 0 0 0 0 0 0 0 0 0 0 0 0 0 0 0 0 0 0 0 0 0 0 0 0 0 0 0 0 0 0 0 0 0 0   180
74 10 0 0 0 0 0 0 0 0 0 0 3 0 0 0 0 0 0 0 0 0 0 0 0 0 0 0 0 0 0 0 0 0 0 0 0 0 0 0 0 0 0 0 0 0 0 3 0 5 0 0 0 0 0 0 0 0 0 0 0 0 0 0 0 0 0 0 0 0 0 0 0 0 0 0 0 0 0 0 0 0 0 0 0 0 0 0 0 0 0 0 0 0 0 0 0 0 0 0 0   280
75 10 0 0 0 0 0 0 0 0 0 0 5 0 0 0 0 0 0 0 0 0 0 0 0 0 0 0 0 0 0 0 0 0 0 0 0 0 0 0 0 0 0 0 0 0 0 3 0 5 0 0 0 0 0 0 0 0 0 0 0 0 0 0 0 0 0 0 0 0 0 0 0 0 0 0 0 0 0 0 0 0 0 0 0 0 0 0 0 0 0 0 0 0 0 0 0 0 0 0 0   380
76 10 0 0 0 0 0 0 0 0 0 0 5 0 0 0 0 0 0 0 0 0 0 0 0 0 0 0 0 0 0 0 0 0 0 0 0 0 0 0 0 0 0 0 0 0 0 3 0 6 0 0 0 0 0 0 0 0 0 0 0 0 0 0 0 0 0 0 0 0 0 0 0 0 0 0 0 0 0 0 0 0 0 0 0 0 0 0 0 0 0 0 0 0 0 0 0 0 0 0 0   380
78 10 0 0 0 0 0 0 0 0 0 0 5 0 0 0 0 0 0 0 0 0 0 0 0 0 0 0 0 0 0 0 0 0 0 0 0 0 0 0 0 0 0 0 0 0 0 3 0 7 0 0 0 0 0 0 0 0 0 0 0 0 0 0 0 0 0 0 0 0 0 0 0 0 0 0 0 0 0 0 0 0 0 0 0 0 0 0 0 0 0 0 0 0 0 0 0 0 0 0 0   380
79 10 0 0 0 0 0 0 0 0 0 0 5 0 0 0 0 0 0 0 0 0 0 0 0 0 0 0 0 0 0 0 0 0 0 0 0 0 0 0 0 0 0 0 0 0 0 3 0 8 0 0 0 0 0 0 0 0 0 0 0 0 0 0 0 0 0 0 0 0 0 0 0 0 0 0 0 0 0 0 0 0 0 0 0 0 0 0 0 0 0 0 0 0 0 0 0 0 0 0 0   400
80 10 0 0 0 0 0 0 0 0 0 0 5 0 0 0 0 0 0 0 0 0 0 0 0 0 0 0 0 0 0 0 0 0 0 0 0 0 0 0 0 0 0 0 0 0 0 3 0 9 0 0 0 0 0 0 0 0 0 0 0 0 0 0 0 0 0 0 0 0 0 0 0 0 0 0 0 0 0 0 0 0 0 0 0 0 0 0 0 0 0 0 0 0 0 0 0 0 0 0 0   440
81 10 0 0 0 0 0 0 0 0 0 0 5 0 0 0 0 0 0 0 0 0 0 0 0 0 0 0 0 0 0 0 0 0 0 0 0 0 0 0 0 0 0 0 0 0 0 3 0 10 0 0 0 0 0 0 0 0 0 0 0 0 0 0 0 0 0 0 0 0 0 0 0 0 0 0 0 0 0 0 0 0 0 0 0 0 0 0 0 0 0 0 0 0 0 0 0 0 0 0 0   440
87 10 0 0 0 0 0 0 0 0 0 0 6 0 0 0 0 0 0 0 0 0 0 0 0 0 0 0 0 0 0 0 0 0 0 0 0 0 0 0 0 0 0 0 0 0 0 3 0 10 0 0 0 0 0 0 0 0 0 0 0 0 0 0 0 0 0 0 0 0 0 0 0 0 0 0 0 0 0 0 0 0 0 0 0 0 0 0 0 0 0 0 0 0 0 0 0 0 0 0 0   620
98 10 0 0 0 0 0 0 0 0 0 0 7 0 0 0 0 0 0 0 0 0 0 0 0 0 0 0 0 0 0 0 0 0 0 0 0 0 0 0 0 0 0 0 0 0 0 3 0 10 0 0 0 0 0 0 0 0 0 0 0 0 0 0 0 0 0 0 0 0 0 0 0 0 0 0 0 0 0 0 0 0 0 0 0 0 0 0 0 0 0 0 0 0 0 0 0 0 0 0 0   940
99 10 0 0 0 0 0 0 0 0 0 0 9 0 0 0 0 0 0 0 0 0 0 0 0 0 0 0 0 0 0 0 0 0 0 0 0 0 0 0 0 0 0 0 0 0 0 3 0 10 0 0 0 0 0 0 0 0 0 0 0 0 0 0 0 0 0 0 0 0 0 0 0 0 0 0 0 0 0 0 0 0 0 0 0 0 0 0 0 0 0 0 0 0 0 0 0 0 0 0 0   940
100 10 0 0 0 0 0 0 0 0 0 0 10 0 0 0 0 0 0 0 0 0 0 0 0 0 0 0 0 0 0 0 0 0 0 0 0 0 0 0 0 0 0 0 0 0 0 3 0 10 0 0 0 0 0 0 0 0 0 0 0 0 0 0 0 0 0 0 0 0 0 0 0 0 0 0 0 0 0 0 0 0 0 0 0 0 0 0 0 0 0 0 0 0 0 0 0 0 0 0 0   960
122 10 0 0 0 0 0 0 0 0 0 0 10 0 0 0 0 0 0 0 0 0 0 0 0 0 0 0 0 0 0 0 0 0 0 0 0 0 0 0 0 0 0 0 0 0 0 3 0 10 1 0 0 0 0 0 0 0 0 0 0 0 0 0 0 0 0 0 0 0 0 0 0 0 0 0 0 0 0 0 0 0 0 0 0 0 0 0 0 0 0 0 0 0 0 0 0 0 0 0 0   1380
143 10 0 0 0 0 0 0 0 0 1 0 10 0 0 0 0 0 0 0 0 0 0 0 0 0 0 0 0 0 0 0 0 0 0 0 0 0 0 0 0 0 0 0 0 0 0 3 0 10 1 0 0 0 0 0 0 0 0 0 0 0 0 0 0 0 0 0 0 0 0 0 0 0 0 0 0 0 0 0 0 0 0 0 0 0 0 0 0 0 0 0 0 0 0 0 0 0 0 0 0   1600
163 10 0 0 0 0 0 0 0 0 2 0 10 0 0 0 0 0 0 0 0 0 0 0 0 0 0 0 0 0 0 0 0 0 0 0 0 0 0 0 0 0 0 0 0 0 0 3 0 10 1 0 0 0 0 0 0 0 0 0 0 0 0 0 0 0 0 0 0 0 0 0 0 0 0 0 0 0 0 0 0 0 0 0 0 0 0 0 0 0 0 0 0 0 0 0 0 0 0 0 0   1740
164 10 0 0 0 0 0 0 0 0 3 0 10 0 0 0 0 0 0 0 0 0 0 0 0 0 0 0 0 0 0 0 0 0 0 0 0 0 0 0 0 0 0 0 0 0 0 3 0 10 1 0 0 0 0 0 0 0 0 0 0 0 0 0 0 0 0 0 0 0 0 0 0 0 0 0 0 0 0 0 0 0 0 0 0 0 0 0 0 0 0 0 0 0 0 0 0 0 0 0 0   1760
165 10 0 0 0 0 0 0 0 0 4 0 10 0 0 0 0 0 0 0 0 0 0 0 0 0 0 0 0 0 0 0 0 0 0 0 0 0 0 0 0 0 0 0 0 0 0 3 0 10 1 0 0 0 0 0 0 0 0 0 0 0 0 0 0 0 0 0 0 0 0 0 0 0 0 0 0 0 0 0 0 0 0 0 0 0 0 0 0 0 0 0 0 0 0 0 0 0 0 0 0   1780
167 10 0 0 0 0 0 0 0 0 5 0 10 0 0 0 0 0 0 0 0 0 0 0 0 0 0 0 0 0 0 0 0 0 0 0 0 0 0 0 0 0 0 0 0 0 0 3 0 10 1 0 0 0 0 0 0 0 0 0 0 0 0 0 0 0 0 0 0 0 0 0 0 0 0 0 0 0 0 0 0 0 0 0 0 0 0 0 0 0 0 0 0 0 0 0 0 0 0 0 0   1800
177 10 0 0 0 0 0 0 0 0 6 0 10 0 0 0 0 0 0 0 0 0 0 0 0 0 0 0 0 0 0 0 0 0 0 0 0 0 0 0 0 0 0 0 0 0 0 3 0 10 1 0 0 0 0 0 0 0 0 0 0 0 0 0 0 0 0 0 0 0 0 0 0 0 0 0 0 0 0 0 0 0 0 0 0 0 0 0 0 0 0 0 0 0 0 0 0 0 0 0 0   2060
179 10 0 0 0 0 0 0 0 0 7 0 10 0 0 0 0 0 0 0 0 0 0 0 0 0 0 0 0 0 0 0 0 0 0 0 0 0 0 0 0 0 0 0 0 0 0 3 0 10 1 0 0 0 0 0 0 0 0 0 0 0 0 0 0 0 0 0 0 0 0 0 0 0 0 0 0 0 0 0 0 0 0 0 0 0 0 0 0 0 0 0 0 0 0 0 0 0 0 0 0   2080
180 10 0 0 0 0 0 0 0 0 9 0 10 0 0 0 0 0 0 0 0 0 0 0 0 0 0 0 0 0 0 0 0 0 0 0 0 0 0 0 0 0 0 0 0 0 0 3 0 10 1 0 0 0 0 0 0 0 0 0 0 0 0 0 0 0 0 0 0 0 0 0 0 0 0 0 0 0 0 0 0 0 0 0 0 0 0 0 0 0 0 0 0 0 0 0 0 0 0 0 0   2160
181 10 0 0 0 0 0 0 0 0 10 0 10 0 0 0 0 0 0 0 0 0 0 0 0 0 0 0 0 0 0 0 0 0 0 0 0 0 0 0 0 0 0 0 0 0 0 3 0 10 1 0 0 0 0 0 0 0 0 0 0 0 0 0 0 0 0 0 0 0 0 0 0 0 0 0 0 0 0 0 0 0 0 0 0 0 0 0 0 0 0 0 0 0 0 0 0 0 0 0 0   2220
242 10 0 0 0 1 0 0 0 0 10 0 10 0 0 0 0 0 0 0 0 0 0 0 0 0 0 0 0 0 0 0 0 0 0 0 0 0 0 0 0 0 0 0 0 0 0 3 0 10 1 0 0 0 0 0 0 0 0 0 0 0 0 0 0 0 0 0 0 0 0 0 0 0 0 0 0 0 0 0 0 0 0 0 0 0 0 0 0 0 0 0 0 0 0 0 0 0 0 0 0   3240
253 10 0 0 0 1 0 0 0 0 10 0 10 0 0 0 0 0 0 0 0 0 0 0 0 1 0 0 0 0 0 0 0 0 0 0 0 0 0 0 0 0 0 0 0 0 0 3 0 10 1 0 0 0 0 0 0 0 0 0 0 0 0 0 0 0 0 0 0 0 0 0 0 0 0 0 0 0 0 0 0 0 0 0 0 0 0 0 0 0 0 0 0 0 0 0 0 0 0 0 0   3300
274 10 0 0 0 2 0 0 0 0 10 0 10 0 0 0 0 0 0 0 0 0 0 0 0 1 0 0 0 0 0 0 0 0 0 0 0 0 0 0 0 0 0 0 0 0 0 3 0 10 1 0 0 0 0 0 0 0 0 0 0 0 0 0 0 0 0 0 0 0 0 0 0 0 0 0 0 0 0 0 0 0 0 0 0 0 0 0 0 0 0 0 0 0 0 0 0 0 0 0 0   3620
284 10 0 0 0 2 0 0 0 0 10 0 10 0 0 0 0 0 0 0 0 0 0 0 0 2 0 0 0 0 0 0 0 0 0 0 0 0 0 0 0 0 0 0 0 0 0 3 0 10 1 0 0 0 0 0 0 0 0 0 0 0 0 0 0 0 0 0 0 0 0 0 0 0 0 0 0 0 0 0 0 0 0 0 0 0 0 0 0 0 0 0 0 0 0 0 0 0 0 0 0   3880
325 10 0 0 0 2 0 0 0 0 10 0 10 0 0 0 0 0 0 0 0 0 0 0 0 3 0 0 0 0 0 0 0 0 0 0 0 0 0 0 0 0 0 0 0 0 0 3 0 10 1 0 0 0 0 0 0 0 0 0 0 0 0 0 0 0 0 0 0 0 0 0 0 0 0 0 0 0 0 0 0 0 0 0 0 0 0 0 0 0 0 0 0 0 0 0 0 0 0 0 0   4480
334 10 0 0 1 2 0 0 0 0 10 0 10 0 0 0 0 0 0 0 0 0 0 0 0 3 0 0 0 0 0 0 0 0 0 0 0 0 0 0 0 0 0 0 0 0 0 3 0 10 1 0 0 0 0 0 0 0 0 0 0 0 0 0 0 0 0 0 0 0 0 0 0 0 0 0 0 0 0 0 0 0 0 0 0 0 0 0 0 0 0 0 0 0 0 0 0 0 0 0 0   4600
336 10 0 0 1 2 0 0 0 0 10 0 10 0 0 0 0 0 0 0 0 0 0 0 0 4 0 0 0 0 0 0 0 0 0 0 0 0 0 0 0 0 0 0 0 0 0 3 0 10 1 0 0 0 0 0 0 0 0 0 0 0 0 0 0 0 0 0 0 0 0 0 0 0 0 0 0 0 0 0 0 0 0 0 0 0 0 0 0 0 0 0 0 0 0 0 0 0 0 0 0   4620
337 10 0 0 1 2 0 0 0 0 10 0 10 0 0 0 0 0 0 0 0 0 0 0 0 5 0 0 0 0 0 0 0 0 0 0 0 0 0 0 0 0 0 0 0 0 0 3 0 10 1 0 0 0 0 0 0 0 0 0 0 0 0 0 0 0 0 0 0 0 0 0 0 0 0 0 0 0 0 0 0 0 0 0 0 0 0 0 0 0 0 0 0 0 0 0 0 0 0 0 0   4640
338 10 0 0 1 2 0 0 0 0 10 0 10 0 0 0 0 0 0 0 0 0 0 0 0 6 0 0 0 0 0 0 0 0 0 0 0 0 0 0 0 0 0 0 0 0 0 3 0 10 1 0 0 0 0 0 0 0 0 0 0 0 0 0 0 0 0 0 0 0 0 0 0 0 0 0 0 0 0 0 0 0 0 0 0 0 0 0 0 0 0 0 0 0 0 0 0 0 0 0 0   4640
343 10 0 0 1 2 0 0 0 1 10 0 10 0 0 1 0 0 0 0 0 0 0 0 0 6 0 0 0 0 0 0 1 0 0 0 0 0 0 0 0 0 0 0 0 0 0 3 0 10 1 0 0 0 0 0 0 0 0 0 0 0 0 0 0 0 0 0 0 0 0 0 0 0 0 0 0 0 0 0 0 0 0 0 0 0 0 0 0 0 0 0 0 0 0 0 0 0 0 0 0   4700
349 10 0 0 1 2 0 0 0 1 10 0 10 0 0 1 0 0 0 0 0 0 0 0 0 7 0 0 0 0 0 0 1 0 0 0 0 0 0 0 0 0 0 0 0 0 0 3 0 10 1 0 0 0 0 0 0 0 0 0 0 0 0 0 0 0 0 0 0 0 0 0 0 0 0 0 0 0 0 0 0 0 0 0 0 0 0 0 0 0 0 0 0 0 0 0 0 0 0 0 0   4760
350 10 0 0 1 2 0 0 0 1 10 0 10 0 0 1 0 0 0 0 0 0 0 0 0 8 0 0 0 0 0 0 1 0 0 0 0 0 0 0 0 0 0 0 0 0 0 3 0 10 1 0 0 0 0 0 0 0 0 0 0 0 0 0 0 0 0 0 0 0 0 0 0 0 0 0 0 0 0 0 0 0 0 0 0 0 0 0 0 0 0 0 0 0 0 0 0 0 0 0 0   4820
352 10 0 0 1 2 0 0 0 1 10 0 10 0 0 1 0 0 0 0 0 0 0 0 0 9 0 0 0 0 0 0 1 0 0 0 0 0 0 0 0 0 0 0 0 0 0 3 0 10 1 0 0 0 0 0 0 0 0 0 0 0 0 0 0 0 0 0 0 0 0 0 0 0 0 0 0 0 0 0 0 0 0 0 0 0 0 0 0 0 0 0 0 0 0 0 0 0 0 0 0   4820
353 10 0 0 1 2 0 0 0 1 10 0 10 0 0 1 0 0 0 0 0 0 0 0 0 10 0 0 0 0 0 0 1 0 0 0 0 0 0 0 0 0 0 0 0 0 0 3 0 10 1 0 0 0 0 0 0 0 0 0 0 0 0 0 0 0 0 0 0 0 0 0 0 0 0 0 0 0 0 0 0 0 0 0 0 0 0 0 0 0 0 0 0 0 0 0 0 0 0 0 0   4840
354 10 0 0 2 2 0 0 0 1 10 0 10 0 0 1 0 0 0 0 0 0 0 0 0 10 0 0 0 0 0 0 1 0 0 0 0 0 0 0 0 0 0 0 0 0 0 3 0 10 1 0 0 0 0 0 0 0 0 0 0 0 0 0 0 0 0 0 0 0 0 0 0 0 0 0 0 0 0 0 0 0 0 0 0 0 0 0 0 0 0 0 0 0 0 0 0 0 0 0 0   4880
376 10 0 0 3 2 0 0 0 1 10 0 10 0 0 1 0 0 0 0 0 0 0 0 0 10 0 0 0 0 0 0 1 0 0 0 0 0 0 0 0 0 0 0 0 0 0 3 0 10 1 0 0 0 0 0 0 0 0 0 0 0 0 0 0 0 0 0 0 0 0 0 0 0 0 0 0 0 0 0 0 0 0 0 0 0 0 0 0 0 0 0 0 0 0 0 0 0 0 0 0   5280
377 10 0 0 4 2 0 0 0 1 10 0 10 0 0 1 0 0 0 0 0 0 0 0 0 10 0 0 0 0 0 0 1 0 0 0 0 0 0 0 0 0 0 0 0 0 0 3 0 10 1 0 0 0 0 0 0 0 0 0 0 0 0 0 0 0 0 0 0 0 0 0 0 0 0 0 0 0 0 0 0 0 0 0 0 0 0 0 0 0 0 0 0 0 0 0 0 0 0 0 0   5300
414 10 0 0 4 2 0 0 0 2 10 0 10 0 0 1 0 0 0 0 0 0 0 0 0 10 0 0 0 0 0 0 1 0 0 0 0 0 0 0 0 0 0 0 0 0 0 3 0 10 1 0 0 0 0 0 0 0 0 0 0 0 0 0 0 0 0 0 0 0 0 0 0 0 0 0 0 0 0 0 0 0 0 0 0 0 0 0 0 0 0 0 0 0 0 0 0 0 0 0 0   5840
436 10 0 0 4 2 0 0 0 2 10 0 10 0 0 1 0 0 0 0 0 0 0 0 0 10 0 0 1 0 0 0 1 0 0 0 0 0 0 0 0 0 0 0 0 0 0 3 0 10 1 0 0 0 0 0 0 0 0 0 0 0 0 0 0 0 0 0 0 0 0 0 0 0 0 0 0 0 0 0 0 0 0 0 0 0 0 0 0 0 0 0 0 0 0 0 0 0 0 0 0   6140
448 10 0 0 4 2 0 0 0 3 10 0 10 0 0 1 0 0 0 0 0 0 0 0 0 10 0 0 1 0 0 0 1 0 0 0 0 0 0 0 0 0 0 0 0 0 0 3 0 10 1 0 0 0 0 0 0 0 0 0 0 0 0 0 0 0 0 0 0 0 0 0 0 0 0 0 0 0 0 0 0 0 0 0 0 0 0 0 0 0 0 0 0 0 0 0 0 0 0 0 0   6300
465 10 0 0 4 2 0 0 0 3 10 0 10 0 0 1 0 0 0 0 0 0 0 0 0 10 0 0 2 0 0 0 1 0 0 0 0 0 0 0 0 0 0 0 0 0 0 3 0 10 1 0 0 0 0 0 0 0 0 0 0 0 0 0 0 0 0 0 0 0 0 0 0 0 0 0 0 0 0 0 0 0 0 0 0 0 0 0 0 0 0 0 0 0 0 0 0 0 0 0 0   6680
491 10 0 0 4 2 0 0 0 3 10 0 10 0 0 1 0 0 0 0 0 0 0 0 0 10 0 0 2 0 0 0 1 1 0 0 0 0 0 0 0 0 0 0 0 0 0 3 0 10 1 0 0 0 0 0 0 0 0 0 0 0 0 0 0 0 0 0 0 0 0 0 0 0 0 0 0 0 0 0 0 0 0 0 0 0 0 0 0 0 0 0 0 0 0 0 0 0 0 0 0   7060
510 10 0 0 4 2 0 0 0 3 10 0 10 0 0 1 0 0 0 0 0 0 0 0 0 10 0 0 2 0 0 0 1 2 0 0 0 0 0 0 0 0 0 0 0 0 0 3 0 10 1 0 0 0 0 0 0 0 0 0 0 0 0 0 0 0 0 0 0 0 0 0 0 0 0 0 0 0 0 0 0 0 0 0 0 0 0 0 0 0 0 0 0 0 0 0 0 0 0 0 0   7460
527 10 0 0 4 2 0 0 0 3 10 0 10 0 0 1 0 0 0 0 0 0 0 0 0 10 0 0 4 0 0 0 1 2 0 0 0 0 0 0 0 0 0 0 0 0 0 3 0 10 1 0 0 0 0 0 0 0 0 0 0 0 0 0 0 0 0 0 0 0 0 0 0 0 0 0 0 0 0 0 0 0 0 0 0 0 0 0 0 0 0 0 0 0 0 0 0 0 0 0 0   7680
531 10 0 0 4 2 0 0 0 3 10 0 10 0 0 1 0 0 0 0 0 0 0 0 0 10 0 0 4 0 0 0 1 3 0 0 0 0 0 0 0 0 0 0 0 0 0 3 0 10 1 0 0 0 0 0 0 0 0 0 0 0 0 0 0 0 0 0 0 0 0 0 0 0 0 0 0 0 0 0 0 0 0 0 0 0 0 0 0 0 0 0 0 0 0 0 0 0 0 0 0   7680
545 10 0 0 4 2 0 0 0 3 10 0 10 0 0 1 0 0 0 0 0 0 0 0 0 10 0 0 4 0 0 0 1 3 0 0 0 0 0 0 0 0 0 0 0 0 1 3 0 10 1 0 0 0 0 0 0 0 0 0 0 0 0 0 0 0 0 0 0 0 0 0 0 0 0 0 0 0 0 0 0 0 0 0 0 0 0 0 0 0 0 0 0 0 0 0 0 0 0 0 0   7860
579 10 0 0 4 2 0 0 0 3 10 0 10 0 0 1 0 0 0 0 0 0 0 0 0 10 0 0 5 0 0 0 1 3 0 0 0 0 0 0 0 0 0 0 0 0 1 3 0 10 1 0 0 0 0 0 0 0 0 0 0 0 0 0 0 0 0 0 0 0 0 0 0 0 0 0 0 0 0 0 0 0 0 0 0 0 0 0 0 0 0 0 0 0 0 0 0 0 0 0 0   8440
601 10 0 0 4 2 0 0 0 3 10 0 10 0 0 1 0 0 0 0 0 0 0 0 0 10 0 0 6 0 0 0 1 3 0 0 0 0 0 0 0 0 0 0 0 0 1 3 0 10 1 0 0 0 0 0 0 0 0 0 0 0 0 0 0 0 0 0 0 0 0 0 0 0 0 0 0 0 0 0 0 0 0 0 0 0 0 0 0 0 0 0 0 0 0 0 0 0 0 0 0   8700
611 10 0 0 4 2 0 0 0 3 10 0 10 0 0 1 0 0 0 0 0 0 0 0 0 10 0 0 7 0 0 0 1 3 0 0 0 0 0 0 0 0 0 0 0 0 1 3 0 10 1 0 0 0 0 0 0 0 0 0 0 0 0 0 0 0 0 0 0 0 0 0 0 0 0 0 0 0 0 0 0 0 0 0 0 0 0 0 0 0 0 0 0 0 0 0 0 0 0 0 0   8960
613 10 0 0 4 2 0 0 0 3 10 0 10 0 0 1 0 0 0 0 0 0 0 0 0 10 0 0 8 0 0 0 1 3 0 0 0 0 0 0 0 0 0 0 0 0 1 3 0 10 1 0 0 0 0 0 0 0 0 0 0 0 0 0 0 0 0 0 0 0 0 0 0 0 0 0 0 0 0 0 0 0 0 0 0 0 0 0 0 0 0 0 0 0 0 0 0 0 0 0 0   8960
614 10 0 0 4 2 0 0 0 3 10 0 10 0 0 1 1 0 0 0 0 0 0 0 0 10 0 0 8 0 0 0 1 3 0 0 0 0 0 0 0 0 0 0 0 0 1 3 0 10 1 0 0 0 0 0 0 0 0 0 0 0 0 0 0 0 0 0 0 0 0 0 0 0 0 0 0 0 0 0 0 0 0 0 0 0 0 0 0 0 0 0 0 0 0 0 0 0 0 0 0   9000
615 10 1 1 4 2 0 0 0 3 10 0 10 0 0 1 1 0 0 0 0 0 0 0 1 10 0 0 8 0 0 0 1 3 0 0 0 0 0 0 0 0 0 0 0 0 1 3 0 10 1 0 0 0 0 0 0 0 0 0 0 0 0 0 0 0 0 0 0 0 0 0 0 0 0 0 0 0 0 0 0 0 0 0 0 0 0 0 0 0 0 0 0 0 0 0 0 0 0 0 0   9020
621 10 1 1 4 2 0 0 0 3 10 0 10 0 0 1 1 0 0 0 0 0 0 0 1 10 0 0 8 0 1 0 1 3 0 0 0 0 0 0 0 0 0 0 0 0 1 3 0 10 1 0 0 0 0 0 0 0 0 0 0 0 0 0 0 0 0 0 0 0 0 0 0 0 0 0 0 0 0 0 0 0 0 0 0 0 0 0 0 0 0 0 0 0 0 0 0 0 0 0 0   9120
623 10 1 1 4 2 0 0 0 3 10 0 10 0 0 1 1 0 0 0 0 0 0 0 1 10 0 0 9 0 1 0 1 3 0 0 0 0 0 0 0 0 0 0 0 0 1 3 0 10 1 0 0 0 0 0 0 0 0 0 0 0 0 0 0 0 0 0 0 0 0 0 0 0 0 0 0 0 0 0 0 0 0 0 0 0 0 0 0 0 0 0 0 0 0 0 0 0 0 0 0   9140
625 10 1 1 4 2 0 0 0 3 10 0 10 0 0 1 1 0 0 0 0 0 0 0 1 10 0 0 10 0 1 0 1 3 0 0 0 0 0 0 0 0 0 0 0 0 1 3 0 10 1 0 0 0 0 0 0 0 0 0 0 0 0 0 0 0 0 0 0 0 0 0 0 0 0 0 0 0 0 0 0 0 0 0 0 0 0 0 0 0 0 0 0 0 0 0 0 0 0 0 0   9140
638 10 1 1 4 2 0 0 0 3 10 0 10 0 0 1 2 0 0 0 0 0 0 0 1 10 0 0 10 0 1 0 1 3 0 0 0 0 0 0 0 0 0 0 0 0 1 3 0 10 1 0 0 0 0 0 0 0 0 0 0 0 0 0 0 0 0 0 0 0 0 0 0 0 0 0 0 0 0 0 0 0 0 0 0 0 0 0 0 0 0 0 0 0 0 0 0 0 0 0 0   9260
669 10 1 1 4 2 0 0 0 3 10 0 10 0 0 1 2 0 0 0 0 0 0 0 1 10 0 0 10 0 1 0 1 4 0 0 0 0 0 0 0 0 0 0 0 0 1 3 0 10 1 0 0 0 0 0 0 0 0 0 0 0 0 0 0 0 0 0 0 0 0 0 0 0 0 0 0 0 0 0 0 0 0 0 0 0 0 0 0 0 0 0 0 0 0 0 0 0 0 0 0   9720
676 10 1 1 4 2 0 0 0 3 10 0 10 0 0 2 2 0 0 0 0 0 0 0 1 10 0 0 10 0 1 0 1 4 0 0 0 0 0 0 0 0 0 0 0 0 1 3 0 10 1 0 0 0 0 0 0 0 0 0 0 0 0 0 0 0 0 0 0 0 0 0 0 0 0 0 0 0 0 0 0 0 0 0 0 0 0 0 0 0 0 0 0 0 0 0 0 0 0 0 0   9880
716 10 1 1 4 2 0 0 0 3 10 0 10 0 0 2 2 0 0 0 0 0 0 0 1 10 0 0 10 0 1 0 1 4 0 0 0 0 0 0 0 0 0 0 0 0 1 3 0 10 1 0 0 0 0 0 0 0 0 0 0 0 1 0 0 0 1 0 0 0 0 0 0 0 0 0 0 0 0 0 0 0 0 0 0 0 0 0 0 0 0 0 0 0 0 0 0 0 0 0 0   10400
724 10 1 1 4 2 0 0 0 4 10 0 10 0 0 2 2 0 0 0 0 0 0 0 1 10 0 0 10 0 1 0 1 4 0 0 0 0 0 0 0 0 0 0 0 0 1 3 0 10 1 0 0 0 0 0 0 0 0 0 0 0 1 0 0 0 1 0 0 0 0 0 0 0 0 0 0 0 0 0 0 0 0 0 0 0 0 0 0 0 0 0 0 0 0 0 0 0 0 0 0   10600
732 10 1 1 4 2 0 1 0 4 10 0 10 0 0 2 2 0 0 0 0 0 0 0 1 10 0 0 10 0 1 0 1 4 0 0 0 0 0 0 0 0 0 0 0 0 1 3 0 10 1 0 0 0 0 0 0 0 0 0 0 0 1 0 0 0 1 0 0 0 0 0 0 0 0 0 0 0 0 0 0 0 0 0 0 0 0 0 0 0 0 0 0 0 0 0 0 0 0 0 0   10740
746 10 1 1 4 2 0 1 0 4 10 0 10 0 0 2 2 0 0 0 0 0 0 0 1 10 0 0 10 0 1 0 1 4 0 0 0 0 0 0 0 0 0 0 0 0 1 3 0 10 1 0 0 0 0 0 0 0 0 0 0 0 1 0 0 0 1 0 0 0 0 0 0 0 0 0 0 0 0 0 0 0 1 0 0 0 0 0 0 0 0 0 0 0 0 0 1 0 0 0 0   11100
757 10 1 1 4 2 0 1 0 4 10 0 10 0 0 2 2 0 0 0 0 0 0 0 1 10 0 0 10 0 1 0 2 4 0 0 0 0 0 0 0 0 0 0 0 0 1 3 0 10 1 0 0 0 0 0 0 0 0 0 0 0 1 0 0 0 1 0 0 0 0 0 0 0 0 0 0 0 0 0 0 0 1 0 0 0 0 0 0 0 0 0 0 0 0 0 1 0 0 0 0   11280
766 10 1 1 4 2 0 1 0 4 10 0 10 0 0 2 2 0 0 0 0 0 0 0 1 10 1 0 10 0 1 0 2 4 0 0 0 0 0 0 0 0 0 0 0 0 1 3 0 10 1 0 0 0 0 0 0 0 0 0 0 0 1 0 0 0 1 0 0 0 0 0 0 0 0 0 0 0 0 0 0 0 1 0 0 0 0 0 0 0 0 0 0 0 0 0 1 0 0 0 0   11420
770 10 1 1 4 2 0 1 0 4 10 0 10 0 0 2 2 0 0 0 0 0 0 0 1 10 1 0 10 0 1 0 2 4 0 1 0 0 0 0 0 0 0 0 0 0 1 3 0 10 1 0 0 0 0 0 0 0 0 0 0 0 1 0 0 0 1 0 0 0 0 0 0 0 0 0 0 0 0 0 0 0 1 0 1 0 0 0 0 0 0 0 0 0 0 0 1 0 0 0 0   11420
777 10 1 1 4 2 0 1 0 4 10 0 10 0 0 2 2 0 0 0 0 0 0 0 1 10 1 0 10 0 1 0 2 4 0 1 0 0 0 1 0 0 0 0 0 0 1 3 0 10 1 0 0 0 0 0 0 0 0 0 0 0 1 0 0 0 1 0 0 0 0 0 0 0 0 0 0 0 0 0 0 0 1 0 1 0 0 0 0 0 0 0 0 0 0 0 1 0 0 0 0   11500
778 10 1 1 4 2 0 1 0 4 10 0 10 0 0 2 2 0 0 0 0 0 0 0 1 10 1 0 10 0 1 0 3 4 0 1 0 0 0 1 0 0 0 0 0 0 1 3 0 10 1 0 0 0 0 0 0 0 0 0 0 0 1 0 0 0 1 0 0 0 0 0 0 0 0 0 0 0 0 0 0 0 1 0 1 0 0 0 0 0 0 0 0 0 0 0 1 0 0 0 0   11520
783 10 1 1 4 2 0 1 0 4 10 0 10 0 0 2 2 0 0 0 0 0 0 0 1 10 1 0 10 0 1 0 3 4 0 1 0 0 0 1 0 0 0 0 0 0 1 3 0 10 1 0 0 0 0 0 0 0 0 0 0 0 1 0 0 0 1 0 0 0 0 0 0 0 0 0 0 0 0 0 0 0 2 0 1 0 0 0 0 0 0 0 0 0 0 0 2 0 0 0 0   11640
794 10 1 1 4 2 0 1 0 4 10 0 10 0 0 2 2 0 0 0 0 0 0 0 1 10 1 0 10 0 1 0 3 4 0 1 0 0 0 1 0 0 0 0 0 0 1 3 0 10 1 0 0 0 0 0 0 0 0 0 0 0 1 0 0 0 1 0 0 0 0 0 0 0 0 0 0 0 0 0 0 0 2 1 1 0 0 0 0 0 0 0 0 0 0 0 2 0 0 0 0   11860
840 10 1 1 4 2 0 1 0 4 10 0 10 0 0 2 2 0 0 0 0 0 0 0 1 10 1 0 10 0 1 0 3 4 0 1 0 0 0 1 0 0 0 0 0 0 1 3 0 10 1 1 0 0 0 0 0 0 0 0 1 0 1 0 0 0 1 0 0 0 0 0 0 0 0 0 0 0 0 0 0 0 2 1 1 0 0 0 0 0 0 0 0 0 0 0 2 0 1 0 0   12520
841 10 1 1 4 2 0 1 0 4 10 0 10 0 0 2 2 0 0 0 0 0 0 0 1 10 1 0 10 0 1 0 3 4 0 1 0 0 0 1 0 0 0 0 0 0 1 3 0 10 1 1 0 0 0 0 0 0 0 0 1 0 1 0 0 0 1 0 0 0 0 0 0 0 0 0 0 0 0 0 0 0 2 1 1 0 0 0 0 0 0 1 0 0 1 0 2 0 1 0 0   12560
847 10 1 1 4 2 0 1 0 4 10 0 10 0 0 2 2 0 0 0 0 0 0 0 1 10 1 0 10 0 1 0 3 4 1 1 0 0 0 1 0 0 0 0 0 0 1 3 0 10 1 1 0 0 0 0 0 0 0 0 2 0 1 0 0 0 1 0 0 0 0 0 0 0 0 0 0 0 0 0 0 0 2 1 1 0 0 0 0 0 0 1 0 0 1 0 2 0 1 0 0   12640
854 10 1 1 4 2 0 1 0 4 10 0 10 0 0 2 2 0 0 0 0 0 0 0 1 10 1 0 10 0 1 0 3 4 1 1 0 0 0 1 0 0 0 0 0 0 1 3 0 10 1 1 0 0 0 0 0 0 0 0 2 0 1 0 0 0 1 0 0 0 0 0 1 0 0 0 0 0 0 0 0 0 2 1 1 0 0 0 0 0 0 1 0 0 1 0 2 0 1 0 0   12800
860 10 1 1 4 2 0 1 0 4 10 0 10 0 0 2 2 0 0 0 0 0 0 0 1 10 1 0 10 0 1 0 3 4 1 1 0 0 0 1 0 0 0 0 0 0 1 3 0 10 1 1 0 0 0 0 0 0 0 0 3 0 1 0 0 0 1 0 0 0 0 0 1 0 0 0 0 0 0 0 0 0 2 1 1 0 0 0 0 0 0 1 0 0 1 0 2 0 1 0 0   12940
872 10 1 1 4 2 0 1 0 4 10 0 10 0 0 2 2 0 0 1 0 0 0 0 1 10 1 0 10 0 1 0 3 4 1 1 0 0 1 1 0 0 0 0 0 0 1 3 0 10 1 1 0 0 0 0 0 0 0 0 3 0 1 0 0 0 1 0 0 0 0 0 1 0 0 0 0 0 0 0 0 0 2 1 1 0 0 0 0 0 0 1 0 0 1 0 2 0 1 0 0   13000
888 10 1 1 4 2 0 1 0 4 10 1 10 0 0 2 2 0 0 1 0 0 0 0 1 10 1 0 10 0 1 1 3 4 1 1 0 1 1 1 0 0 0 0 0 0 1 3 0 10 1 1 0 0 0 0 0 0 0 0 3 0 1 0 0 0 1 0 0 0 0 0 1 0 0 0 0 0 0 0 0 0 2 1 1 0 0 0 0 0 0 1 0 0 1 0 2 0 1 0 0   13240
895 10 1 1 4 2 0 1 0 4 10 1 10 0 0 2 2 0 0 1 0 0 0 0 1 10 1 0 10 0 1 1 3 4 1 1 0 1 1 1 0 0 0 0 0 0 1 3 0 10 1 1 0 1 0 0 0 0 0 0 3 0 1 0 0 0 1 0 0 0 0 0 1 0 0 0 0 0 0 0 0 0 2 1 1 0 0 0 1 0 0 1 1 0 1 0 2 0 1 0 0   13360
918 10 1 1 4 2 0 1 0 4 10 1 10 0 0 2 2 0 0 1 0 0 0 0 1 10 1 0 10 0 1 1 3 4 1 1 0 1 1 1 0 0 0 0 0 0 1 3 0 10 1 1 0 1 0 0 0 0 0 0 3 0 1 0 0 0 1 0 0 0 0 0 1 0 0 0 0 0 1 1 0 0 2 1 1 0 0 0 1 0 0 1 1 0 1 0 2 0 1 0 0   13640
932 10 1 1 4 2 0 2 0 4 10 2 10 0 0 2 2 0 0 1 0 0 0 0 1 10 1 0 10 0 1 1 3 4 1 1 0 1 1 1 0 0 0 0 0 0 1 3 0 10 1 1 0 1 0 0 0 0 0 0 3 0 1 0 0 0 1 0 0 0 0 0 1 0 0 0 0 0 2 2 0 0 2 1 1 0 0 0 1 0 0 1 1 0 1 0 2 0 1 0 0   13880
935 10 1 1 4 2 0 2 0 4 10 2 10 0 0 2 2 0 0 1 0 0 0 0 1 10 1 0 10 0 1 1 3 4 1 1 0 1 1 1 0 0 0 0 0 0 1 3 1 10 1 1 0 1 0 0 0 0 0 0 3 0 1 0 0 0 1 0 0 0 0 0 1 1 0 0 0 0 2 2 0 0 2 1 1 0 0 0 1 0 0 1 1 0 1 0 2 0 1 0 0   13940
941 10 1 1 4 2 0 2 0 4 10 2 10 0 0 2 2 0 0 1 0 0 0 0 1 10 1 0 10 0 1 1 3 4 1 1 0 1 1 1 0 0 0 0 0 0 1 3 1 10 1 1 0 1 0 0 0 0 0 0 3 0 1 0 0 0 1 0 0 0 0 0 1 2 0 0 0 0 2 2 0 0 2 1 1 0 0 0 1 0 0 1 1 0 1 0 2 0 1 0 0   14020
952 10 1 1 4 2 0 2 0 4 10 2 10 0 0 2 2 0 0 1 0 0 0 0 1 10 1 0 10 0 1 1 4 4 1 1 0 1 1 1 0 0 0 0 0 0 1 3 1 10 1 1 0 1 0 0 0 0 0 0 3 0 1 0 0 0 1 0 0 0 0 0 1 2 0 0 0 0 2 2 0 0 2 1 1 0 0 0 1 0 0 1 1 0 1 0 2 0 1 0 0   14300
953 10 1 1 4 2 0 2 0 4 10 2 10 0 0 2 2 0 0 1 0 0 0 0 1 10 1 0 10 0 1 1 4 4 1 1 0 1 1 1 0 0 0 0 0 0 1 3 1 10 1 1 0 1 0 0 0 0 0 0 3 0 1 0 0 0 1 0 0 0 0 0 1 2 0 0 0 0 2 2 0 0 2 1 1 0 0 0 1 0 0 1 1 0 1 0 3 0 1 0 0   14340
955 10 1 1 4 2 0 2 0 4 10 2 10 0 0 2 2 0 0 1 0 0 0 0 1 10 1 0 10 0 1 1 4 4 1 1 0 1 1 1 0 0 0 0 0 0 1 3 1 10 1 1 0 1 0 0 0 0 0 0 3 0 1 0 0 0 1 0 0 0 0 0 1 3 0 0 0 0 2 2 0 0 2 1 1 0 0 0 1 0 0 1 1 0 1 0 3 0 1 0 0   14380
958 10 1 1 4 2 0 2 0 4 10 2 10 0 0 2 2 0 0 1 0 0 0 0 1 10 1 0 10 0 1 1 4 4 1 1 0 1 1 1 0 0 0 0 0 0 1 3 1 10 1 1 0 1 0 0 0 0 0 0 3 0 1 0 0 0 1 0 0 0 0 0 1 3 0 0 0 0 3 2 0 0 2 1 1 0 0 0 1 0 0 1 1 0 1 0 3 0 1 0 0   14420
961 10 1 1 4 2 0 2 0 4 10 2 10 0 0 2 2 0 0 1 0 0 0 0 1 10 1 0 10 0 1 1 4 4 1 1 0 1 1 1 0 0 0 0 0 0 1 3 1 10 1 1 0 1 0 0 0 0 0 0 3 0 1 0 0 0 1 0 0 0 0 0 1 4 0 0 0 0 3 2 0 0 2 1 1 0 0 0 1 0 0 1 1 0 1 0 3 0 1 0 0   14420
965 10 1 1 4 2 0 2 0 4 10 2 10 0 0 2 2 0 0 1 0 0 0 0 1 10 1 0 10 0 1 1 4 4 1 1 0 1 1 1 0 0 0 0 0 0 1 3 1 10 1 1 0 1 0 0 1 0 0 0 3 0 1 0 0 0 1 1 0 0 1 0 1 4 0 0 0 0 3 2 0 0 2 1 1 0 0 0 1 0 0 1 1 0 1 0 3 0 1 0 0   14520
983 10 1 1 4 2 0 2 0 4 10 2 10 0 0 2 2 0 0 1 0 0 0 0 1 10 1 1 10 0 1 1 4 4 1 1 0 1 1 1 0 0 0 0 0 0 1 3 1 10 1 1 0 1 0 0 1 0 0 0 3 1 1 0 1 0 1 1 0 0 1 0 1 4 0 0 0 0 3 2 0 0 2 1 1 0 0 0 1 0 1 1 1 0 1 0 3 0 1 0 0   14680
1030 10 1 1 4 2 0 2 0 4 10 2 10 0 0 2 2 0 0 1 0 0 0 0 1 10 1 1 10 0 1 1 4 4 1 1 0 1 1 1 0 0 0 0 0 0 1 3 1 10 1 1 0 1 0 0 1 0 0 0 3 1 1 0 1 0 1 1 0 0 1 0 1 4 0 0 0 0 3 2 0 0 2 1 1 0 0 0 1 0 1 1 1 0 2 0 3 0 1 0 0   15500
1031 10 1 1 4 2 0 2 1 4 10 2 10 0 0 2 2 0 0 1 0 0 0 0 1 10 1 1 10 0 1 1 4 4 1 1 0 1 1 1 0 0 0 0 0 0 1 3 1 10 1 1 0 1 0 0 1 0 0 0 3 1 1 0 1 0 1 1 0 0 1 0 1 4 0 0 0 0 3 2 0 0 2 1 1 0 0 0 1 0 1 1 1 0 2 0 3 0 1 0 0   15500
1037 10 1 1 4 2 0 2 1 4 10 2 10 0 0 2 2 0 0 1 0 0 0 0 1 10 1 1 10 0 1 1 4 4 1 1 0 1 1 1 0 0 0 0 0 0 1 3 1 10 1 1 0 1 0 0 1 0 0 0 3 1 1 0 1 0 1 1 0 0 1 0 1 4 0 0 0 0 3 2 0 0 2 1 1 0 0 0 1 0 1 1 1 0 3 0 3 0 1 0 0   15580
1042 10 1 1 4 2 0 2 1 4 10 2 10 0 0 2 2 0 0 1 0 0 0 0 1 10 1 1 10 0 1 1 4 4 1 1 0 1 1 1 0 0 0 1 0 0 1 3 1 10 1 1 0 1 0 0 1 0 0 0 3 1 1 0 1 0 1 1 0 0 1 0 1 4 0 0 0 0 3 2 0 0 2 1 1 0 0 0 1 0 1 1 1 0 3 0 3 0 1 0 0   15680
1048 10 1 1 4 2 0 2 1 4 10 2 10 0 0 2 2 0 0 1 0 0 1 0 1 10 1 1 10 0 1 1 4 4 1 1 0 1 1 1 0 1 0 1 0 1 1 3 1 10 1 1 0 1 0 0 1 0 0 0 3 1 1 0 1 0 1 1 0 0 1 0 1 4 0 0 0 0 3 2 0 0 2 1 1 0 0 0 1 0 1 1 1 0 3 0 3 0 1 0 0   15840
1055 10 1 1 4 2 0 2 1 4 10 2 10 0 0 2 2 0 0 1 0 0 2 0 1 10 1 1 10 0 1 1 4 4 1 1 0 1 1 1 0 2 0 2 0 2 1 3 1 10 1 1 0 1 0 0 1 0 0 0 3 1 1 0 1 0 1 1 0 0 1 0 1 4 0 0 0 0 3 2 0 0 2 1 1 0 0 0 1 0 1 1 1 0 3 0 3 0 1 0 0   15880
1071 10 1 1 4 2 0 2 1 4 10 2 10 0 0 2 2 0 0 1 0 0 2 0 1 10 1 1 10 0 1 1 4 4 1 1 0 1 1 2 0 2 0 2 0 2 1 3 1 10 1 1 0 1 0 0 2 1 0 0 3 1 1 0 1 1 1 1 0 0 1 0 1 4 0 0 0 0 3 2 0 0 2 1 1 0 0 0 1 0 1 1 1 0 3 0 3 0 1 0 0   16000
1083 10 1 1 4 2 0 2 1 4 10 2 10 0 0 2 2 0 0 1 0 0 2 0 1 10 1 1 10 0 1 1 4 4 1 1 0 1 1 2 0 2 0 2 0 2 1 3 1 10 1 1 0 1 0 0 3 1 0 0 3 1 1 0 1 1 1 1 0 0 1 0 1 4 0 0 0 0 3 2 0 0 3 1 1 0 0 0 1 0 1 1 1 0 3 0 3 0 1 0 0   16220
1090 10 1 1 4 2 0 2 1 4 10 2 10 0 0 2 2 0 0 1 0 0 2 0 1 10 1 1 10 0 1 1 4 4 1 1 0 1 1 2 0 2 0 2 0 2 1 3 1 10 1 1 0 1 0 0 4 1 0 0 3 1 1 0 1 1 1 1 0 0 1 0 1 4 0 0 0 0 3 2 0 0 3 1 1 0 0 0 1 1 1 1 1 0 4 0 3 0 1 0 0   16400
1091 10 1 1 4 2 0 2 1 4 10 2 10 0 0 2 2 0 0 1 0 0 3 0 1 10 1 1 10 0 1 1 4 4 1 1 0 1 1 2 0 3 0 2 0 2 1 3 1 10 1 1 0 1 0 0 4 1 0 0 3 1 1 0 1 1 1 1 0 0 1 0 1 4 0 0 0 0 3 2 0 0 3 1 1 0 0 0 1 1 1 1 1 0 4 0 3 0 1 0 0   16420
1105 10 1 1 4 2 0 2 1 4 10 2 10 0 0 2 2 0 0 1 0 0 3 0 1 10 1 1 10 0 1 1 4 4 1 1 0 1 1 2 0 4 0 2 0 2 1 3 1 10 1 1 0 1 0 0 4 1 0 0 3 1 1 0 1 1 1 1 0 0 1 0 1 4 0 0 0 0 3 2 0 0 3 1 1 0 0 0 1 1 1 1 1 0 4 0 3 0 1 0 0   16640
1110 10 1 1 4 2 0 2 1 4 10 2 10 0 0 2 2 0 0 1 0 0 3 0 1 10 1 1 10 0 1 1 4 4 1 1 0 1 1 2 1 4 0 2 0 2 1 3 1 10 1 1 0 1 0 0 4 1 1 0 3 1 1 0 1 1 1 1 0 0 1 0 1 4 0 0 1 0 3 2 0 0 3 1 1 0 0 0 1 1 1 1 1 0 4 0 3 0 1 0 0   16720
1113 10 1 1 4 2 0 2 1 4 10 2 10 0 0 2 2 0 0 1 0 0 3 0 1 10 1 1 10 0 1 1 4 4 1 1 0 1 1 2 1 5 0 2 0 2 1 3 1 10 1 1 0 1 0 0 4 1 1 0 3 1 1 0 1 1 1 1 0 0 1 0 1 4 0 0 1 0 3 2 0 0 3 1 1 0 0 0 1 1 1 1 1 0 4 0 3 0 1 0 0   16740
1115 10 1 1 4 2 0 2 1 4 10 2 10 0 0 2 2 0 0 1 0 0 3 0 1 10 1 1 10 0 1 1 4 4 1 1 0 1 1 2 1 5 0 2 0 2 1 3 1 10 1 1 0 1 0 0 4 1 1 0 4 1 1 0 1 1 1 1 0 0 1 0 1 4 0 0 1 0 3 2 0 0 3 1 1 0 0 0 1 1 1 1 1 0 4 0 3 0 1 0 0   16820
1119 10 1 1 4 2 0 2 1 4 10 2 10 1 0 2 2 0 0 1 0 0 3 0 1 10 1 1 10 0 1 1 4 4 1 1 1 1 1 2 1 5 0 2 0 2 1 3 1 10 1 1 0 1 0 1 4 1 1 0 4 1 1 0 1 1 1 1 0 0 1 0 1 4 0 0 1 0 3 2 0 0 3 1 1 0 0 0 1 1 1 1 1 0 4 0 3 0 1 0 0   16920
1120 10 1 1 4 2 0 2 1 4 10 2 10 1 0 2 2 0 0 1 0 0 3 0 1 10 1 1 10 0 1 1 4 4 1 1 1 1 1 2 1 5 0 2 0 2 1 3 1 10 1 1 0 1 0 1 5 1 1 0 4 1 1 0 1 1 1 1 0 0 1 0 1 4 0 0 1 0 3 2 0 0 3 1 1 0 0 0 1 1 1 1 1 0 5 0 3 0 1 0 0   16960
1126 10 1 1 4 2 0 2 1 4 10 2 10 1 0 2 2 0 0 1 0 0 3 0 1 10 1 1 10 0 1 1 4 4 1 1 1 1 1 2 1 5 0 2 0 2 1 3 1 10 1 1 0 1 0 1 5 1 1 0 4 1 1 0 1 1 1 1 0 0 1 0 1 4 0 0 1 0 4 2 0 0 4 1 1 0 0 0 1 1 1 1 1 0 5 0 3 0 1 0 0   16980
1127 10 1 1 4 2 0 2 1 4 10 2 10 1 1 2 2 0 0 1 0 0 3 0 1 10 1 1 10 0 1 1 4 4 1 1 1 1 1 2 1 5 0 2 0 2 1 3 1 10 1 1 0 1 0 1 5 1 1 0 4 1 1 0 1 1 1 1 0 0 1 0 1 4 0 0 1 0 4 2 0 0 4 1 1 0 0 0 1 1 1 1 1 0 5 0 3 0 1 0 0   17000
1136 10 1 1 4 2 0 2 1 4 10 2 10 2 1 2 2 0 0 1 0 0 3 0 1 10 1 1 10 0 1 1 4 4 1 1 2 1 1 2 1 5 0 2 0 2 1 3 1 10 1 1 0 1 0 2 5 1 1 0 4 1 1 0 1 1 1 1 0 0 1 0 1 4 0 0 1 0 4 2 0 0 4 1 1 0 0 0 1 1 1 1 1 0 5 0 3 0 1 0 0   17120
1139 10 1 1 4 2 0 2 1 4 10 2 10 2 1 2 2 0 0 1 0 0 3 0 1 10 1 1 10 0 1 1 4 4 1 1 2 1 1 2 1 5 0 2 0 2 1 3 1 10 1 1 0 1 0 2 5 1 1 0 4 1 1 0 1 1 1 1 0 0 1 1 1 4 0 0 1 0 4 2 1 0 4 1 1 1 0 0 1 1 1 1 1 0 5 0 3 0 1 0 0   17200
1149 10 1 1 4 2 0 2 1 4 10 2 10 3 1 2 2 0 0 1 0 0 3 0 1 10 1 1 10 0 1 1 4 4 1 1 3 1 1 2 1 5 0 2 0 2 1 3 1 10 1 1 0 1 0 2 5 1 1 0 4 1 1 0 1 1 1 1 0 0 1 1 1 4 0 0 1 0 4 2 1 0 4 1 1 1 0 0 1 1 1 1 1 0 5 0 3 0 1 0 0   17320
1155 10 1 1 4 2 0 2 1 4 10 2 10 3 2 2 2 0 0 1 0 0 3 0 1 10 1 1 10 0 1 1 4 4 1 1 3 1 1 2 1 5 0 2 0 2 1 3 1 10 1 1 0 1 0 2 5 1 1 0 4 1 1 0 1 1 1 1 0 0 1 1 1 4 0 0 1 0 4 2 1 0 4 1 1 1 0 0 1 1 1 1 1 0 5 0 3 0 1 0 0   17400
1164 10 1 1 4 2 0 2 1 4 10 2 10 3 2 2 2 0 0 1 0 0 3 0 1 10 1 1 10 0 1 1 4 4 1 1 3 1 1 2 1 5 0 2 0 2 1 3 1 10 1 1 0 1 0 3 5 1 1 0 4 1 1 0 1 1 1 1 0 0 1 1 1 4 0 0 1 0 4 2 1 0 4 1 1 1 0 0 1 1 1 1 1 0 5 0 3 0 1 0 0   17520
1168 10 1 1 4 2 0 2 1 4 10 2 10 3 2 2 2 0 0 1 0 0 3 0 1 10 1 1 10 0 1 1 4 4 1 1 3 1 1 2 1 5 0 2 0 2 1 3 1 10 1 2 0 1 0 3 5 2 1 0 4 1 1 0 1 2 1 1 0 0 1 1 1 4 0 0 1 0 4 2 1 0 4 1 1 1 0 0 1 2 1 1 1 0 5 0 3 0 1 0 0   17580
1170 10 1 1 4 2 0 2 1 4 10 2 10 3 2 2 2 0 0 1 0 0 3 0 1 10 1 1 10 0 1 1 4 4 1 1 3 1 1 2 1 5 0 2 0 2 1 3 1 10 1 2 0 1 0 3 5 2 1 0 4 1 1 0 1 2 1 1 0 0 1 1 1 4 0 0 1 0 4 2 1 1 4 1 1 1 0 0 1 2 1 1 1 0 5 0 3 0 1 0 0   17620
1186 10 1 1 4 2 0 2 1 4 10 2 10 3 2 2 2 0 0 1 0 0 3 0 1 10 1 1 10 0 1 1 4 4 1 1 3 1 1 2 1 5 0 2 0 2 1 3 1 10 1 3 0 1 0 3 5 2 1 0 4 1 1 0 1 3 1 1 0 0 1 1 1 4 0 0 1 0 4 2 1 1 4 1 1 1 0 0 1 3 1 1 1 0 5 0 3 0 1 0 0   17840
1188 10 1 1 4 2 0 2 1 4 10 2 10 3 2 2 2 0 0 1 0 0 3 0 1 10 1 1 10 0 1 1 4 4 1 1 3 1 1 2 1 5 0 2 1 2 1 3 1 10 1 3 0 1 0 3 5 2 1 0 4 1 1 0 1 3 1 1 0 0 1 1 1 4 0 0 1 0 4 2 1 1 4 1 1 1 0 0 1 3 1 1 1 0 5 0 3 0 1 0 0   17880
1211 10 1 1 4 2 0 2 1 4 10 2 10 3 2 3 2 0 0 1 0 1 3 0 1 10 1 1 10 0 1 1 4 4 1 1 3 1 1 2 1 5 0 2 1 2 1 3 1 10 1 3 0 1 0 3 5 2 1 0 4 1 1 0 1 3 1 1 0 0 1 1 1 4 0 0 1 0 4 2 1 1 4 1 1 1 0 0 1 3 1 1 1 0 5 0 3 0 1 0 0   18300
1215 10 1 1 5 2 0 2 1 4 10 2 10 3 2 3 2 0 0 1 0 1 3 0 1 10 1 1 10 0 1 1 4 5 1 1 3 1 1 2 1 5 0 2 1 2 1 3 1 10 1 3 0 1 0 3 5 2 1 0 4 1 1 0 1 3 1 1 0 0 1 1 1 4 0 0 1 0 5 2 1 1 4 1 1 1 0 0 1 3 1 1 1 0 5 0 3 0 1 0 0   18380
1222 10 1 1 5 2 0 2 1 4 10 2 10 3 2 3 2 0 0 1 0 1 3 0 1 10 1 1 10 0 1 1 4 5 1 1 3 1 1 2 1 5 0 2 1 2 1 3 1 10 1 3 0 1 0 3 5 2 1 0 4 1 1 0 1 3 1 1 0 0 1 1 1 4 0 0 1 0 5 2 2 2 4 1 1 1 0 0 1 3 1 1 1 0 5 0 3 0 1 0 0   18480
1240 10 1 1 5 2 0 2 1 4 10 2 10 3 2 3 2 0 0 1 0 1 3 0 1 10 1 1 10 0 1 1 4 5 1 1 3 1 1 2 1 5 0 2 2 2 1 3 1 10 1 3 0 1 0 3 5 2 1 0 4 1 1 0 1 3 1 1 0 0 1 1 1 4 0 0 1 0 5 2 2 2 4 1 1 1 0 0 1 3 1 1 1 0 5 0 3 0 1 0 0   18720
1247 10 1 1 5 2 0 2 1 4 10 2 10 3 2 3 2 0 0 1 0 1 3 0 1 10 1 1 10 0 1 1 4 5 1 1 3 1 1 2 1 5 0 2 2 2 1 3 1 10 1 3 0 1 0 3 5 2 1 0 4 1 1 0 1 3 1 1 0 0 1 1 1 4 0 0 1 0 5 2 3 2 4 1 1 1 0 0 1 3 1 1 1 0 5 0 3 0 1 0 0   18840
1251 10 1 1 5 2 0 2 1 4 10 2 10 3 2 3 2 0 0 1 0 1 3 0 1 10 1 1 10 0 1 1 4 5 1 1 3 1 1 2 1 5 0 2 3 2 1 3 1 10 1 3 0 1 0 3 5 2 1 0 4 1 1 0 1 3 1 1 0 0 1 1 1 4 0 0 1 0 5 2 3 2 4 1 1 1 0 0 1 3 1 1 1 0 5 0 3 0 1 0 0   18860
1269 10 1 1 5 2 0 2 1 4 10 2 10 3 2 3 2 0 0 1 0 1 3 0 1 10 1 1 10 0 1 1 4 5 1 1 3 1 1 2 1 5 1 2 3 2 1 3 1 10 1 3 0 1 0 3 5 2 1 0 4 1 1 0 1 3 1 1 0 0 1 1 1 4 0 0 1 0 5 2 3 2 4 1 1 1 0 0 1 3 1 1 1 0 5 0 3 0 1 0 0   19300
1270 10 1 1 5 2 0 2 1 4 10 2 10 3 2 3 2 0 0 1 0 1 3 0 1 10 1 1 10 0 1 1 4 5 1 1 3 1 1 2 1 5 2 2 3 2 1 3 1 10 1 3 0 1 0 3 5 2 1 0 4 1 1 0 1 3 1 1 0 0 1 1 1 4 0 0 1 0 5 2 3 2 4 1 1 1 0 0 1 3 1 1 1 0 5 0 3 0 1 0 0   19320
1271 10 1 1 5 2 0 2 1 4 10 2 10 3 2 3 2 0 0 1 0 1 3 0 1 10 1 1 10 0 1 1 4 5 1 1 3 1 1 2 1 5 3 2 3 2 1 3 1 10 1 3 0 1 0 3 5 2 1 0 4 1 1 0 1 3 1 1 0 0 1 1 1 4 0 0 1 0 5 2 3 2 4 1 1 1 0 0 1 3 1 1 1 0 5 0 3 0 1 0 0   19340
1282 10 1 1 5 2 0 2 1 4 10 2 10 3 2 3 2 0 0 1 0 1 3 0 1 10 1 1 10 0 1 1 4 5 1 1 3 1 1 2 1 5 4 2 4 2 1 3 1 10 1 3 0 1 0 3 5 2 1 0 4 1 1 0 1 3 1 1 0 0 1 1 1 4 0 0 1 0 5 2 3 2 4 1 1 1 0 0 1 3 1 1 1 0 5 0 3 0 1 0 0   19580
1283 10 1 1 5 2 0 2 1 4 10 2 10 3 2 3 2 0 0 1 0 1 3 0 1 10 1 1 10 0 1 1 4 5 1 1 3 1 1 2 1 5 5 2 5 2 1 3 1 10 1 3 0 1 0 3 5 2 1 0 4 1 1 0 1 3 1 1 0 0 1 1 1 4 0 0 1 0 5 2 3 2 4 1 1 1 0 0 1 3 1 1 1 0 5 0 3 0 1 0 0   19620
1285 10 1 1 5 2 0 2 1 4 10 2 10 3 2 3 2 0 0 1 0 1 3 0 1 10 1 1 10 0 1 1 4 5 1 1 3 1 1 2 1 5 6 2 6 2 1 3 1 10 1 3 0 1 0 3 5 2 1 0 4 1 1 0 1 3 1 1 0 0 1 1 1 4 0 0 1 0 5 2 3 2 4 1 1 1 0 0 1 3 1 1 1 0 5 0 3 0 1 0 0   19620
1286 10 1 1 5 2 0 2 1 4 10 2 10 3 2 3 2 0 0 1 0 1 3 0 1 10 1 1 10 0 1 1 4 5 1 1 3 1 1 2 1 5 6 2 7 2 1 3 1 10 1 3 0 1 0 3 5 2 1 0 4 1 1 0 1 3 1 1 0 0 1 1 1 4 0 0 1 0 5 2 3 2 4 1 1 1 0 0 1 3 1 1 1 0 5 0 3 0 1 0 0   19660
1287 10 1 1 5 2 0 2 1 4 10 2 10 3 2 3 2 0 0 1 0 1 3 0 1 10 1 1 10 0 1 1 4 5 1 1 3 1 1 2 1 5 6 2 9 2 1 3 1 10 1 3 0 1 0 3 5 2 1 0 4 1 1 0 1 3 1 1 0 0 1 1 1 4 0 0 1 0 5 2 3 2 4 1 1 1 0 0 1 3 1 1 1 0 5 0 3 0 1 0 0   19680
1288 10 1 1 5 2 0 2 1 4 10 2 10 3 2 3 2 0 0 1 0 1 3 0 1 10 1 1 10 0 1 1 4 5 1 1 3 1 1 2 1 5 6 2 10 2 1 3 1 10 1 3 0 1 0 3 5 2 1 0 4 1 1 0 1 3 1 1 0 0 1 1 1 4 0 0 1 0 5 2 3 2 4 1 1 1 0 0 1 3 1 1 1 0 5 0 3 0 1 0 0   19680
1291 10 1 1 5 2 0 2 1 4 10 2 10 3 2 3 2 0 0 1 0 1 3 0 1 10 1 1 10 0 1 1 4 5 1 1 3 1 1 2 1 5 6 2 10 2 1 3 1 10 1 3 0 1 0 4 5 2 1 0 4 1 1 0 1 3 1 1 0 0 1 1 1 4 0 0 1 0 5 2 3 2 4 1 1 1 0 0 1 3 1 1 1 0 5 0 3 0 1 0 0   19700
1295 10 1 1 5 2 0 2 1 4 10 2 10 3 2 3 2 0 0 1 0 1 3 0 1 10 1 1 10 0 1 1 4 5 1 1 3 1 1 2 1 5 7 2 10 2 1 3 1 10 1 3 0 1 0 4 5 2 1 0 4 1 1 0 1 3 1 1 0 0 1 1 1 4 0 0 1 0 5 2 3 2 4 1 1 1 0 0 1 3 1 1 1 0 5 0 3 0 1 0 0   19740
1297 10 1 1 5 2 0 2 1 4 10 2 10 3 2 3 2 0 0 1 0 1 3 0 1 10 1 1 10 0 1 1 4 5 1 1 3 1 1 2 1 5 8 2 10 2 1 3 1 10 1 3 0 1 0 4 5 2 1 0 4 1 1 0 1 3 1 1 0 0 1 1 1 4 0 0 1 0 5 2 3 2 4 1 1 1 0 0 1 3 1 1 1 0 5 0 3 0 1 0 0   19740
1298 10 1 1 5 2 0 2 1 4 10 2 10 3 2 3 2 0 0 1 0 1 3 0 1 10 1 1 10 0 1 1 4 5 1 1 3 1 1 2 1 5 9 2 10 2 1 3 1 10 1 3 0 1 0 4 5 2 1 0 4 1 1 0 1 3 1 1 0 0 1 1 1 4 0 0 1 0 5 2 3 2 4 1 1 1 0 0 1 3 1 1 1 0 5 0 3 0 1 0 0   19740
1303 10 2 1 5 2 0 2 1 4 10 2 10 3 2 3 2 0 0 1 0 1 3 0 1 10 1 1 10 0 1 1 4 5 1 1 3 1 1 2 1 5 9 2 10 2 1 3 1 10 1 3 0 1 0 4 5 2 1 0 4 1 1 0 1 3 1 1 0 0 1 1 1 4 0 0 1 0 5 2 3 2 4 1 1 1 0 0 1 3 1 1 1 0 5 0 3 0 1 0 0   19800
1309 10 2 1 5 2 0 2 1 4 10 2 10 3 2 3 2 0 0 1 0 1 3 0 1 10 1 1 10 0 1 1 4 5 1 1 3 1 1 2 1 5 10 2 10 2 1 3 1 10 1 3 0 1 0 4 5 2 1 0 4 1 1 0 1 3 1 1 0 0 1 1 1 4 0 0 1 0 5 2 3 2 4 1 1 1 0 0 1 3 1 1 1 0 5 0 3 0 1 0 0   19940
1323 10 3 1 5 2 0 2 1 4 10 2 10 3 2 3 3 0 0 1 0 1 3 0 1 10 1 1 10 0 1 1 4 5 1 1 3 1 1 2 1 5 10 2 10 2 1 3 1 10 1 3 0 1 0 4 5 2 1 0 4 1 1 0 1 3 1 1 0 0 1 1 1 4 0 0 1 0 5 2 3 2 4 1 1 1 0 0 1 3 1 1 1 0 5 0 3 0 1 0 0   20040
1329 10 3 1 5 2 0 2 1 4 10 2 10 3 2 3 3 0 0 1 0 1 3 0 1 10 1 1 10 0 1 1 4 5 1 1 3 1 1 2 1 5 10 2 10 2 1 3 1 10 1 3 0 2 0 4 5 2 1 0 4 2 2 0 1 3 1 1 0 0 1 1 1 4 0 0 1 0 5 2 3 2 4 1 1 2 0 0 1 3 2 1 1 0 5 0 3 0 1 0 0   20100
1336 10 3 1 5 2 0 2 1 4 10 2 10 3 2 3 3 0 0 1 0 1 3 0 1 10 1 1 10 0 1 1 4 5 1 1 3 1 1 2 1 5 10 2 10 2 1 3 1 10 1 3 0 2 0 4 5 2 1 0 4 2 2 0 1 3 1 1 0 0 1 1 1 4 0 0 1 0 5 2 3 2 5 1 1 2 0 0 1 3 2 1 1 0 5 0 3 0 1 0 0   20200
1346 10 3 1 5 2 0 2 1 4 10 2 10 3 2 3 3 0 0 1 0 1 3 0 1 10 1 1 10 0 1 1 4 5 1 1 3 1 1 2 1 5 10 2 10 2 1 3 1 10 1 3 0 2 0 4 5 2 1 1 4 2 2 0 1 3 1 1 0 0 1 1 1 4 0 0 1 0 5 2 3 2 5 1 1 2 0 0 1 3 2 1 1 0 5 0 3 0 1 0 0   20340
1355 10 3 1 5 2 0 2 1 4 10 2 10 3 2 3 3 0 0 1 0 1 3 0 1 10 1 1 10 0 1 1 4 5 1 1 3 1 1 2 1 5 10 2 10 2 1 3 1 10 1 3 0 2 0 4 5 2 1 1 4 2 3 0 1 3 1 1 0 0 1 1 1 4 0 0 1 0 5 2 3 3 5 1 1 2 0 0 1 3 3 1 1 0 5 0 3 0 1 0 0   20500
1361 10 3 1 5 2 0 2 1 4 10 2 10 3 2 3 3 0 0 1 0 1 3 0 1 10 1 1 10 0 1 1 4 5 1 1 3 1 1 2 1 5 10 2 10 2 1 3 1 10 1 3 0 2 0 4 5 2 1 1 4 2 3 0 2 3 1 1 0 0 1 1 1 4 0 0 1 0 5 2 3 3 5 1 1 2 0 0 1 3 3 2 1 0 5 0 3 0 1 0 0   20660
1398 10 3 1 5 2 0 2 1 4 10 2 10 3 2 3 3 0 0 1 0 1 3 0 1 10 1 1 10 0 1 1 4 5 1 1 3 1 1 2 1 5 10 2 10 2 1 3 1 10 1 3 0 2 0 4 5 2 1 1 4 2 3 0 2 3 1 1 0 0 2 1 1 4 0 0 2 0 5 2 3 3 5 1 1 2 0 0 1 3 3 2 1 0 5 0 3 0 1 0 0   21180
1401 10 3 1 5 2 0 2 1 4 10 2 10 3 2 3 3 0 0 1 0 1 3 0 1 10 1 1 10 0 1 1 4 5 1 1 4 1 1 2 1 5 10 2 10 2 1 3 1 10 1 3 0 2 0 4 5 2 1 1 4 2 3 0 2 3 1 1 0 0 2 1 1 4 0 0 2 0 5 2 3 3 5 1 1 2 0 0 1 3 3 2 1 0 5 0 3 0 1 0 0   21260
1422 10 3 1 5 2 0 2 1 4 10 2 10 3 2 3 3 0 0 1 0 1 3 0 1 10 1 1 10 0 1 1 4 5 1 1 4 1 1 2 1 5 10 2 10 2 1 3 1 10 1 3 0 2 0 4 5 2 1 1 4 2 3 0 2 3 1 1 0 0 2 1 1 4 0 0 2 0 6 2 3 3 6 1 1 2 0 0 1 3 3 2 1 0 5 0 3 0 1 0 0   21560
1456 10 3 1 5 2 0 2 1 4 10 2 10 3 2 3 3 0 0 1 0 1 3 0 1 10 1 1 10 0 1 1 4 5 1 1 4 1 1 2 1 5 10 2 10 2 1 3 1 10 1 3 1 2 0 4 5 2 1 1 4 2 3 0 2 3 1 1 0 1 2 1 1 4 0 0 2 0 6 2 3 3 6 1 1 2 0 0 1 3 3 2 1 0 5 0 3 0 1 0 1   22080
1462 10 3 1 5 2 0 2 1 4 10 2 10 3 2 3 3 0 0 1 0 1 3 0 1 10 1 1 10 0 1 1 4 5 1 2 4 1 1 2 1 5 10 2 10 2 1 3 1 10 1 3 2 2 0 4 5 2 1 1 4 2 3 0 2 3 1 1 0 1 2 1 1 4 0 0 2 0 6 2 3 3 6 1 1 2 0 0 1 3 3 2 1 0 5 0 3 0 1 0 2   22180
1471 10 3 1 5 2 0 2 1 4 10 2 10 3 2 3 3 0 0 1 0 1 3 0 1 10 1 1 10 0 1 1 4 5 1 2 4 1 1 2 1 5 10 2 10 2 1 3 1 10 1 3 2 2 0 4 5 2 1 1 4 2 3 0 2 3 1 1 0 1 2 1 1 4 0 0 2 0 6 2 3 4 6 1 1 2 0 0 1 3 3 2 1 0 5 0 3 0 1 0 2   22320
1485 10 3 1 5 2 0 2 1 4 10 2 10 3 2 3 3 0 0 1 0 1 3 0 1 10 1 1 10 0 1 1 4 6 1 2 4 1 1 2 1 5 10 2 10 2 1 3 1 10 1 3 2 2 0 4 5 2 1 1 4 2 3 0 2 3 1 1 0 1 2 1 1 4 0 0 2 0 6 2 3 4 6 1 1 2 0 0 1 3 3 2 1 0 5 0 3 0 1 0 2   22560
1488 10 3 1 5 2 0 2 1 4 10 2 10 3 2 3 3 0 0 1 0 1 3 0 1 10 1 1 10 1 1 1 4 6 1 2 4 1 1 2 1 5 10 2 10 2 1 3 1 10 1 3 2 2 0 4 5 2 1 1 4 2 3 0 2 3 1 1 0 1 2 1 1 4 0 0 2 0 6 2 3 4 6 1 1 2 0 0 1 3 3 2 1 0 5 0 3 0 1 0 2   22580
1506 10 3 1 5 2 0 2 1 4 10 2 10 3 2 3 3 0 0 1 0 1 3 0 1 10 1 1 10 1 1 1 4 6 1 3 4 1 1 2 1 5 10 2 10 2 1 3 1 10 1 3 3 2 0 4 5 2 1 1 4 2 3 0 2 3 1 1 0 1 2 1 1 4 0 0 2 0 6 3 3 4 6 1 1 2 0 0 1 3 3 2 1 0 5 0 3 0 1 0 2   22840
1547 10 3 1 5 2 0 2 1 4 10 2 10 3 2 3 3 0 0 1 0 1 3 0 1 10 1 1 10 1 1 1 4 6 1 3 4 1 1 2 1 5 10 2 10 2 2 3 1 10 1 3 3 2 0 4 5 2 1 1 4 2 3 0 2 3 1 1 0 2 2 1 1 4 0 0 2 0 6 3 3 4 6 1 1 2 0 0 1 3 3 2 1 0 5 0 3 0 1 0 2   23480
1562 10 4 1 5 2 0 2 1 4 10 2 10 3 2 3 3 0 0 1 0 1 3 0 1 10 1 1 10 1 1 1 4 6 1 3 4 1 1 2 1 5 10 2 10 2 2 4 1 10 1 3 3 2 0 4 5 2 1 1 4 2 3 0 2 3 1 1 0 2 2 1 1 4 0 0 2 0 6 3 3 4 6 1 1 2 0 0 1 3 3 2 1 0 5 0 3 0 1 0 2   23760
1567 10 4 1 5 2 0 2 1 4 10 2 10 3 2 3 3 0 0 1 0 1 3 0 1 10 1 1 10 1 1 1 4 7 1 3 4 1 1 2 1 5 10 2 10 2 2 4 1 10 1 3 3 2 0 4 5 2 1 1 4 2 3 0 2 3 1 1 0 2 2 1 1 4 0 0 2 0 6 3 3 4 6 1 1 2 0 0 1 3 3 2 1 0 5 0 3 0 1 0 2   23840
1568 10 4 1 5 2 0 2 1 4 10 2 10 3 2 3 3 1 0 1 0 1 3 0 1 10 1 1 10 1 1 1 4 8 1 3 4 1 1 2 1 5 10 2 10 2 2 4 1 10 1 3 3 2 0 4 5 2 1 1 4 2 3 0 2 3 1 1 0 2 2 1 1 4 0 0 2 0 6 3 3 4 6 1 1 2 0 0 1 3 3 2 1 0 5 0 3 0 1 0 2   23840
1590 10 5 1 5 2 0 2 1 4 10 2 10 3 2 3 3 1 0 1 0 1 3 0 1 10 1 1 10 1 1 1 4 9 1 3 4 1 1 2 1 5 10 2 10 2 2 5 1 10 1 3 3 2 0 4 5 2 1 1 4 2 3 0 2 3 1 1 0 2 2 1 1 4 0 0 2 0 6 3 3 4 6 1 1 2 0 0 1 3 3 2 1 0 5 0 3 0 1 0 2   24180
1591 10 5 1 5 2 0 2 1 4 10 2 10 3 2 3 3 1 0 1 0 1 3 0 1 10 1 1 10 1 1 1 4 10 1 3 4 1 1 2 1 5 10 2 10 2 2 5 1 10 1 3 3 2 0 4 5 2 1 1 4 2 3 0 2 3 1 1 0 2 2 1 1 4 0 0 2 0 6 3 3 4 6 1 1 2 0 0 1 3 3 2 1 0 5 0 3 0 1 0 2   24180
1592 10 5 1 5 2 0 2 1 4 10 2 10 3 2 3 3 1 0 1 0 1 3 0 1 10 1 1 10 1 1 1 4 10 1 3 4 1 1 2 1 6 10 2 10 2 2 5 1 10 1 3 3 2 0 4 5 2 1 1 4 2 3 0 2 3 1 1 0 2 2 1 1 4 0 0 2 0 6 3 3 4 6 1 1 2 0 0 1 3 3 2 1 0 5 0 3 0 1 0 2   24220
1597 10 6 1 5 2 0 2 1 4 10 2 10 3 2 3 3 1 0 1 0 1 3 0 1 10 1 1 10 1 1 1 4 10 1 3 4 1 1 2 1 6 10 2 10 2 2 5 1 10 1 3 3 2 0 4 5 2 1 1 4 2 3 0 2 3 1 1 0 2 2 1 1 4 0 0 2 0 6 3 3 4 6 1 1 2 0 0 1 3 3 2 1 0 5 0 3 0 1 0 2   24220
1614 10 6 1 5 2 0 2 1 4 10 2 10 3 2 3 3 1 0 1 0 1 3 0 1 10 1 1 10 1 1 1 4 10 1 3 4 1 1 2 1 6 10 2 10 2 2 5 1 10 1 3 3 2 0 4 5 2 1 1 4 2 3 1 2 3 1 1 0 2 2 1 1 4 0 0 2 0 6 3 3 4 6 1 1 2 0 0 1 3 3 2 1 0 5 0 3 0 1 1 2   24440
1621 10 6 1 5 2 0 2 1 4 10 2 10 3 2 3 3 1 0 2 0 1 3 0 1 10 1 1 10 1 1 1 4 10 1 3 4 1 1 2 1 6 10 2 10 2 2 5 1 10 1 3 3 2 0 4 5 2 1 1 4 2 3 1 2 3 1 1 0 2 2 1 1 4 0 0 2 0 6 3 3 4 6 1 1 2 0 0 1 3 3 2 1 0 5 0 3 0 1 1 2   24560
1622 10 6 1 5 2 0 2 1 4 10 2 10 3 2 3 3 1 0 2 0 1 3 0 2 10 1 1 10 1 1 1 4 10 1 3 4 1 1 2 1 6 10 2 10 2 2 5 1 10 1 3 3 2 0 4 5 2 1 1 4 2 3 1 2 3 1 1 0 2 2 1 1 4 0 0 2 0 6 3 3 4 6 1 1 2 0 0 1 3 3 2 1 0 5 0 3 0 1 1 2   24580
1628 10 6 1 5 2 0 2 1 4 10 2 10 3 2 3 3 1 0 3 0 1 3 0 2 10 1 1 10 1 1 1 4 10 1 3 4 1 1 2 1 6 10 2 10 2 2 5 1 10 1 3 3 2 0 4 5 2 1 1 4 2 3 1 2 3 1 1 0 2 2 1 1 4 0 0 2 0 6 3 3 4 6 1 1 2 0 0 1 3 3 2 1 0 5 0 3 0 1 1 2   24680
1632 10 6 1 5 2 0 2 1 4 10 2 10 3 2 3 3 1 0 3 0 1 3 0 2 10 1 1 10 1 1 1 4 10 1 3 4 1 1 2 1 6 10 2 10 2 2 5 1 10 1 3 3 2 0 4 5 2 1 1 4 2 3 1 2 3 1 1 0 2 2 1 1 4 0 0 2 0 6 3 3 5 6 1 1 2 0 0 1 3 3 2 1 0 5 0 3 0 1 1 2   24720
1636 10 6 1 5 2 0 2 1 4 10 2 10 3 2 3 3 1 0 3 0 1 3 0 2 10 1 1 10 1 1 1 4 10 1 3 4 1 1 2 1 6 10 2 10 2 2 5 1 10 1 3 3 2 0 4 5 2 1 1 4 2 3 2 2 3 1 1 0 2 2 1 1 4 0 0 2 0 6 3 3 5 6 1 2 2 0 0 1 3 3 2 1 0 5 0 3 0 1 1 2   24800
1637 10 6 1 5 3 0 2 1 4 10 2 10 3 2 3 3 1 0 3 0 1 3 0 2 10 1 1 10 1 1 1 4 10 1 3 4 1 1 2 1 6 10 2 10 2 2 5 1 10 1 3 3 2 0 4 5 2 1 1 4 2 3 2 3 3 1 1 0 2 2 1 1 4 0 0 2 0 6 3 3 5 6 1 2 2 0 0 1 3 3 2 1 0 5 0 3 0 1 1 2   24840
1639 10 7 1 5 3 0 2 1 4 10 2 10 3 2 3 3 1 0 3 0 1 3 0 2 10 1 1 10 1 1 1 4 10 1 3 4 1 1 2 1 7 10 2 10 2 2 5 1 10 1 3 3 2 0 4 5 2 1 1 4 2 3 2 3 3 1 1 0 2 2 1 1 4 0 0 2 0 6 3 3 5 6 1 2 2 0 0 1 3 3 2 1 0 5 0 3 0 1 1 2   24880
1643 10 7 1 5 3 0 2 1 4 10 2 10 3 2 3 3 1 0 4 0 1 3 0 2 10 1 1 10 1 1 1 4 10 1 3 4 1 1 2 1 7 10 2 10 2 2 5 1 10 1 3 3 2 0 4 5 2 1 1 4 2 3 2 3 3 1 1 0 2 2 1 1 4 0 0 2 0 6 3 3 5 6 1 2 2 0 0 1 3 3 2 1 0 5 0 3 0 1 1 2   24920
1651 10 7 1 5 3 0 2 1 4 10 2 10 3 2 3 3 1 0 4 0 1 3 0 2 10 1 1 10 1 1 1 4 10 1 3 4 1 1 2 1 7 10 2 10 2 2 5 1 10 1 3 3 2 0 4 5 2 1 1 4 2 3 2 3 3 1 1 0 2 2 1 1 4 0 0 2 0 6 3 3 5 6 1 2 2 0 0 1 3 3 2 1 0 5 0 3 0 1 1 3   25040
1658 10 7 1 5 3 0 2 1 4 10 2 10 3 2 4 3 1 0 4 0 1 3 0 2 10 1 1 10 1 1 1 4 10 1 3 4 1 1 2 1 7 10 2 10 2 2 5 1 10 1 3 3 2 0 4 5 2 1 1 4 2 3 2 3 3 1 1 0 2 2 1 1 4 0 0 2 0 6 3 3 5 6 1 2 2 0 0 1 3 3 2 1 0 5 0 3 0 1 1 3   25180
1667 10 7 1 5 3 0 2 1 4 10 2 10 3 2 4 3 1 0 4 0 1 3 0 2 10 1 1 10 1 1 1 4 10 1 3 4 1 1 2 1 7 10 2 10 2 2 5 1 10 1 3 3 2 0 4 5 2 1 1 4 2 3 2 3 3 1 1 0 2 3 1 1 4 0 0 2 0 6 3 3 5 6 1 2 2 0 0 1 3 3 2 1 0 5 0 3 0 1 1 3   25280
1670 10 7 1 5 3 0 2 1 4 10 2 10 3 2 4 3 1 0 4 0 1 3 0 2 10 1 1 10 1 1 1 4 10 1 3 4 1 1 2 1 7 10 2 10 2 2 5 1 10 1 3 3 2 0 4 5 2 1 1 4 2 3 2 3 3 1 1 0 2 3 1 1 5 0 0 2 0 6 3 3 5 6 1 2 2 0 0 1 3 3 2 1 0 5 0 3 0 1 1 3   25320
1692 10 7 1 5 3 0 2 1 4 10 2 10 3 2 4 3 1 0 4 0 1 3 0 2 10 1 1 10 1 1 1 4 10 1 3 4 1 1 2 1 7 10 2 10 2 2 5 1 10 1 3 3 2 0 4 5 2 1 1 4 2 3 2 3 3 1 1 0 2 4 1 1 5 0 0 2 0 6 3 3 5 6 1 2 2 0 0 1 3 3 2 1 0 5 0 3 0 1 1 3   25620
1703 10 7 1 5 3 0 2 1 4 10 2 10 3 2 4 3 1 0 4 0 1 3 0 2 10 1 1 10 1 1 1 4 10 1 3 5 1 1 2 1 7 10 2 10 2 2 5 1 10 1 3 3 2 0 4 5 2 1 1 5 2 3 2 3 3 1 1 0 2 4 1 1 5 0 0 2 0 6 3 3 5 6 1 2 2 0 0 1 3 3 2 1 0 5 0 3 0 1 1 3   25820
1717 10 7 1 5 3 0 2 1 4 10 2 10 3 2 4 3 1 0 4 0 1 3 0 2 10 1 1 10 1 1 1 4 10 1 3 5 1 1 2 1 7 10 2 10 2 2 5 1 10 2 3 3 2 0 4 5 2 1 1 5 2 3 2 3 3 1 1 0 2 4 1 1 5 0 0 2 0 6 3 3 5 6 1 2 2 0 0 1 3 3 2 1 0 5 0 3 0 1 1 3   25960
1725 10 7 1 5 3 0 2 1 4 10 2 10 3 2 4 3 1 0 4 0 1 3 0 2 10 1 1 10 1 1 1 4 10 1 3 5 1 1 3 1 7 10 2 10 2 2 5 1 10 3 3 3 2 0 4 5 2 1 1 5 2 3 2 3 3 1 1 0 2 4 1 1 5 0 0 2 0 6 3 3 5 6 1 2 2 0 0 1 3 3 2 1 0 5 0 3 0 1 1 3   26020
1731 10 7 1 5 3 0 2 1 4 10 2 10 3 2 4 3 1 0 4 0 1 3 0 2 10 1 1 10 1 1 1 4 10 1 3 5 1 1 3 1 7 10 2 10 2 2 5 1 10 4 3 3 2 0 4 5 2 1 1 5 2 3 2 3 3 1 1 0 2 4 1 1 5 0 0 2 0 6 3 3 5 6 1 2 2 0 0 1 3 3 2 1 0 5 0 3 0 1 1 3   26180
1740 10 8 1 5 3 0 2 1 4 10 2 10 3 2 4 3 1 0 4 0 1 3 0 2 10 1 1 10 1 1 1 4 10 1 3 5 1 1 3 1 7 10 2 10 2 2 5 1 10 4 3 3 2 0 4 5 2 1 1 5 2 3 2 3 3 1 1 0 2 4 1 1 5 0 0 2 0 6 3 3 5 6 1 2 2 0 0 1 3 3 2 1 0 5 0 3 0 1 1 3   26340
1743 10 8 1 6 3 0 2 1 4 10 2 10 3 2 4 3 1 0 4 0 1 3 0 2 10 1 1 10 1 1 1 4 10 1 3 5 1 1 3 1 7 10 2 10 2 2 5 1 10 4 3 3 2 0 4 5 2 1 1 5 2 3 2 3 3 1 1 0 2 4 1 1 5 0 0 2 0 6 3 3 5 6 1 2 2 0 0 1 3 3 2 1 0 5 0 3 0 1 1 3   26340
1745 10 8 1 6 3 0 2 1 4 10 2 10 3 2 4 3 1 0 4 0 1 3 0 4 10 1 1 10 1 1 1 4 10 1 3 5 1 1 3 1 7 10 2 10 2 2 5 1 10 4 3 3 2 0 4 5 2 1 1 5 2 3 2 3 3 1 1 0 2 4 1 1 5 0 0 2 0 6 3 3 5 6 1 2 2 0 0 1 3 3 2 1 0 5 0 3 0 1 1 3   26400
1747 10 8 1 6 3 0 2 1 4 10 2 10 3 2 4 3 1 0 4 0 1 3 0 4 10 1 1 10 1 1 1 4 10 1 3 5 1 1 3 1 7 10 2 10 2 2 5 1 10 4 3 3 3 0 4 5 2 1 1 5 2 3 2 3 3 1 1 0 2 4 1 1 5 0 0 2 0 6 3 3 5 6 1 2 2 0 0 1 3 3 2 1 0 5 0 3 0 1 1 3   26400
1762 10 8 1 7 3 0 2 1 4 10 2 10 3 2 4 3 1 0 4 0 1 3 0 4 10 1 1 10 1 1 1 4 10 1 3 5 1 1 3 1 7 10 2 10 2 2 5 1 10 4 3 3 3 0 4 5 2 1 1 5 2 3 2 3 3 1 1 0 2 4 1 1 5 0 0 2 0 6 3 3 5 6 1 2 2 0 0 1 3 3 2 1 0 5 0 3 0 1 1 3   26620
1768 10 8 1 7 3 0 2 1 5 10 2 10 3 2 4 3 1 0 4 0 1 3 0 4 10 1 1 10 1 1 1 4 10 1 3 5 1 1 3 1 7 10 2 10 2 2 5 1 10 4 3 3 3 0 4 5 2 1 1 5 2 3 2 3 3 1 1 0 2 4 1 1 5 0 0 2 0 6 3 3 5 6 1 2 2 0 0 1 3 3 2 1 0 5 0 3 0 1 1 3   26720
1774 10 8 1 8 3 0 2 1 5 10 2 10 3 2 4 3 1 0 4 0 1 3 0 4 10 1 1 10 1 1 1 4 10 1 3 5 1 1 3 1 7 10 2 10 2 2 5 1 10 4 3 3 3 0 4 5 2 1 1 5 2 3 2 3 3 1 1 0 2 4 1 1 5 0 0 2 0 6 3 3 5 6 1 2 2 0 0 1 3 3 2 1 0 5 0 3 0 1 1 3   26840
1776 10 8 1 8 3 0 2 1 5 10 2 10 3 2 4 3 1 0 4 0 1 3 0 4 10 1 1 10 1 1 1 4 10 1 3 5 1 1 4 1 7 10 2 10 2 2 5 1 10 4 3 3 3 0 4 5 2 1 1 5 2 3 2 3 3 1 1 0 2 4 1 1 5 0 0 2 0 6 3 3 5 6 1 2 2 0 0 1 3 3 2 1 0 5 0 3 0 1 1 3   26880
1787 10 8 1 9 3 0 2 1 5 10 2 10 3 2 4 3 1 0 4 0 1 3 0 4 10 1 1 10 1 1 1 4 10 1 3 5 1 1 4 1 7 10 2 10 2 2 5 1 10 4 3 3 3 0 4 5 2 1 1 6 2 3 2 3 3 1 1 0 2 4 1 1 5 0 0 2 0 6 3 3 5 6 1 2 2 0 0 1 3 3 2 1 0 5 0 3 0 1 1 3   26980
1794 10 8 1 9 3 0 2 1 5 10 2 10 3 2 4 3 1 0 4 0 1 3 0 4 10 1 1 10 1 1 1 4 10 1 3 5 1 1 4 1 7 10 2 10 2 2 5 1 10 4 3 3 3 0 4 5 2 1 1 7 2 3 2 3 3 1 1 0 2 4 1 1 5 0 0 2 0 6 3 3 5 6 1 2 2 0 0 1 3 3 2 1 0 5 0 3 0 1 1 3   27080
1806 10 8 1 9 3 0 2 1 5 10 2 10 3 2 4 3 1 0 4 0 1 3 0 4 10 1 1 10 1 1 1 4 10 1 3 5 1 1 5 1 7 10 2 10 2 2 5 1 10 4 3 3 3 0 4 5 2 1 1 7 2 3 2 3 3 1 1 0 2 4 1 1 5 0 0 2 0 6 3 3 5 6 1 2 2 0 0 1 3 3 2 1 0 5 0 3 0 1 1 3   27280
1815 10 8 1 9 3 0 2 1 5 10 2 10 3 2 4 3 1 0 4 0 1 3 0 4 10 1 1 10 1 1 1 4 10 1 3 5 1 1 5 1 7 10 2 10 2 2 5 1 10 4 4 3 3 0 4 5 2 1 1 7 2 3 2 3 3 1 1 0 2 4 1 1 5 0 0 2 0 6 4 3 5 6 1 2 2 0 0 1 3 3 2 1 0 5 0 3 0 1 1 3   27420
1818 10 8 1 9 3 0 2 1 5 10 2 10 3 2 4 3 1 0 4 0 1 3 0 4 10 1 1 10 1 1 1 4 10 1 3 5 1 1 6 1 7 10 2 10 2 2 5 1 10 4 4 3 3 0 4 5 2 1 1 7 2 3 2 3 3 1 1 0 2 4 1 1 5 0 0 2 0 6 4 3 5 6 1 2 2 0 0 1 3 3 2 1 0 5 0 3 0 1 1 3   27460
1819 10 8 1 9 3 0 2 1 5 10 2 10 3 2 4 3 1 0 4 0 1 3 0 4 10 1 1 10 1 1 1 4 10 1 3 5 1 1 8 1 7 10 2 10 2 2 5 1 10 4 4 3 3 0 4 5 2 1 1 7 2 3 2 3 3 1 1 0 2 4 1 1 5 0 0 2 0 6 4 3 5 6 1 2 2 0 0 1 3 3 2 1 0 5 0 3 0 1 1 3   27460
1841 10 8 1 9 3 0 2 1 5 10 2 10 3 2 4 3 1 0 4 0 1 3 0 4 10 1 1 10 1 1 1 4 10 1 3 5 1 1 9 1 7 10 2 10 2 2 5 1 10 4 4 3 3 0 4 5 2 1 1 7 2 3 2 3 3 1 1 0 2 4 1 1 5 0 0 2 0 6 4 3 5 6 1 2 2 0 0 1 3 3 2 1 0 5 0 3 0 1 1 3   27880
1865 10 8 1 9 3 0 2 1 5 10 2 10 3 2 4 3 1 0 4 0 1 3 0 4 10 1 1 10 1 1 1 4 10 1 3 5 1 1 9 1 7 10 2 10 2 2 5 1 10 4 4 3 3 0 4 5 2 1 1 7 2 3 2 3 3 1 1 0 2 4 1 1 5 0 0 2 0 6 4 3 5 6 1 2 2 0 0 1 3 3 2 1 0 5 1 3 0 1 1 3   28260
1872 10 8 1 9 3 0 2 1 5 10 2 10 3 2 4 3 2 0 4 0 1 3 0 4 10 1 2 10 1 1 1 4 10 1 3 5 1 1 9 1 7 10 2 10 2 2 5 1 10 4 4 3 3 0 4 5 2 1 1 7 2 3 2 3 3 1 2 0 2 4 1 1 5 0 0 2 0 6 4 3 5 6 1 2 2 0 0 1 3 3 2 1 0 5 2 3 0 1 1 3   28380
1874 10 8 1 9 3 0 2 1 6 10 2 10 3 2 4 3 2 0 4 0 1 3 0 4 10 1 2 10 1 1 1 4 10 1 3 5 1 1 9 1 7 10 2 10 2 2 5 1 10 4 4 3 3 0 4 5 2 1 1 7 2 3 2 3 3 1 2 0 2 4 1 1 5 0 0 2 0 6 4 3 5 6 1 2 2 0 0 1 3 3 2 1 0 5 2 3 0 1 1 3   28440
1875 10 8 1 9 3 0 2 1 6 10 2 10 3 2 4 3 2 0 4 0 1 3 0 4 10 1 2 10 1 1 1 4 10 1 3 5 1 1 9 1 7 10 2 10 2 2 5 1 10 4 4 3 3 0 4 6 2 1 1 7 2 3 2 3 3 1 2 0 2 4 1 1 5 0 0 2 0 6 4 3 5 6 1 2 2 0 0 1 3 3 2 1 0 5 2 3 0 1 1 3   28460
1880 10 8 1 9 3 0 2 1 6 10 2 10 3 2 4 3 3 0 4 0 1 3 0 4 10 1 3 10 1 1 1 4 10 1 3 5 1 1 9 1 7 10 2 10 2 2 5 1 10 4 4 3 3 0 4 6 3 1 1 7 2 3 2 3 3 1 2 0 2 4 1 1 5 0 0 2 0 6 4 3 5 6 1 2 2 0 0 1 3 3 2 1 0 5 3 3 0 1 1 3   28540
1895 10 8 1 9 3 0 2 1 6 10 2 10 3 2 5 3 3 0 4 0 1 3 0 4 10 1 3 10 1 1 1 4 10 1 3 5 1 1 9 1 7 10 2 10 2 2 5 1 10 4 4 3 3 0 4 6 3 1 1 7 2 3 2 3 3 1 2 0 2 4 1 1 5 0 0 2 0 6 4 3 5 6 1 2 2 0 0 1 3 3 2 1 0 5 3 3 0 1 1 3   28700
1898 10 8 1 9 3 0 2 1 6 10 2 10 3 2 5 3 3 0 4 0 1 3 0 4 10 1 3 10 1 1 1 4 10 1 3 5 1 1 9 1 7 10 2 10 2 2 6 1 10 4 4 3 3 0 4 6 3 1 1 7 2 3 2 3 3 1 2 0 2 4 1 1 5 0 0 2 0 6 4 3 5 6 1 2 2 0 0 1 3 3 2 1 0 5 3 3 0 1 1 3   28740
1906 10 8 1 9 3 0 2 1 6 10 2 10 3 2 5 3 3 0 4 0 1 3 0 4 10 1 3 10 1 1 1 4 10 1 3 5 1 1 9 1 7 10 2 10 2 2 6 1 10 5 4 3 3 0 4 6 3 1 1 7 2 3 2 3 3 1 2 0 2 4 1 1 5 0 0 2 0 6 4 3 5 6 1 2 2 0 0 1 3 3 2 1 0 5 3 3 0 1 1 3   28860
1910 10 8 1 9 3 0 2 1 6 10 2 10 3 2 6 3 3 0 4 0 1 3 0 4 10 1 3 10 1 1 1 4 10 1 3 6 1 1 9 1 7 10 2 10 2 2 6 1 10 5 4 3 3 0 4 6 3 1 1 7 2 3 2 3 3 1 2 0 2 4 1 1 5 0 0 2 0 6 4 3 5 6 1 2 2 0 0 1 3 3 2 1 0 5 3 3 0 1 1 3   28920
1917 10 8 1 9 3 0 2 1 6 10 2 10 3 2 6 3 3 0 4 0 1 3 0 4 10 1 3 10 1 1 1 4 10 1 3 6 1 1 9 1 7 10 2 10 2 2 6 1 10 5 4 3 3 0 4 6 3 1 1 7 2 3 2 3 3 1 2 0 2 4 1 1 5 0 0 2 0 6 5 3 5 6 1 2 2 0 0 1 3 3 2 1 0 5 3 3 0 1 1 3   29040
1928 10 8 1 9 3 0 2 1 6 10 2 10 3 2 6 3 3 0 4 0 1 3 0 4 10 1 3 10 1 1 1 5 10 1 3 6 1 1 9 1 7 10 2 10 2 2 6 1 10 5 4 3 3 0 4 6 3 1 1 7 2 3 2 3 3 1 2 0 2 4 1 1 5 0 0 2 0 6 5 3 5 6 1 2 2 0 0 1 3 3 2 1 0 5 3 3 0 1 1 3   29260
1929 10 8 1 9 3 0 2 1 6 10 2 10 3 2 6 3 3 0 4 0 1 3 0 4 10 1 3 10 1 1 1 5 10 1 3 6 1 1 9 1 7 10 2 10 2 2 6 1 10 5 4 3 3 0 4 6 3 1 1 7 2 3 2 3 3 1 2 0 2 5 1 1 5 0 0 2 0 6 5 3 5 6 1 2 2 0 0 1 3 3 2 1 0 5 3 3 0 1 1 3   29300
1931 10 8 1 9 3 0 2 1 6 10 2 10 3 2 6 3 3 0 4 0 1 3 0 4 10 1 3 10 1 1 1 5 10 1 3 6 1 1 9 1 7 10 2 10 2 2 6 1 10 5 4 3 3 0 4 6 3 1 1 7 2 3 2 3 3 1 2 0 2 5 1 1 5 0 0 2 0 6 6 3 5 6 1 2 2 0 0 1 3 3 2 1 0 5 3 3 0 1 1 3   29300
1932 10 8 1 9 3 0 2 1 6 10 2 10 3 2 6 3 3 0 4 0 1 3 0 4 10 1 3 10 1 1 1 5 10 1 3 7 1 1 9 1 7 10 2 10 2 2 6 1 10 5 4 3 3 0 4 6 3 1 1 7 2 3 2 3 3 1 2 0 2 5 1 1 5 0 0 2 0 6 6 3 5 6 1 2 2 0 0 1 3 3 2 1 0 5 3 3 0 1 1 3   29340
1942 10 8 1 9 3 0 2 1 6 10 2 10 3 2 6 3 3 0 4 0 1 3 0 4 10 1 3 10 1 1 1 5 10 1 3 7 1 1 9 1 7 10 2 10 2 2 6 1 10 5 4 3 3 0 4 6 3 1 1 7 2 3 2 3 3 1 2 0 2 5 1 1 5 0 0 2 0 6 6 3 5 6 1 2 2 0 0 1 3 3 2 1 0 5 3 3 0 1 2 3   29460
1944 10 8 1 9 3 0 2 1 6 10 2 10 3 2 6 3 3 0 4 0 1 3 1 4 10 1 3 10 1 1 1 5 10 1 3 7 1 1 9 1 7 10 2 10 2 2 6 1 10 5 4 3 3 0 4 6 3 1 1 7 2 3 2 3 3 1 2 0 2 5 1 1 5 0 0 2 0 6 6 3 5 6 1 2 2 0 0 1 3 3 2 1 0 5 3 3 0 1 2 3   29500
1947 10 8 1 9 3 0 2 1 6 10 2 10 3 2 6 3 3 0 4 0 1 3 1 4 10 1 3 10 1 1 1 5 10 1 3 7 1 1 9 1 7 10 3 10 2 2 6 1 10 5 4 3 3 0 4 6 3 1 1 7 2 3 2 3 3 1 2 0 2 5 1 1 5 0 0 2 0 6 6 3 5 6 1 2 2 0 0 1 3 3 2 1 0 5 3 3 0 1 2 3   29540
1949 10 8 1 9 3 0 2 1 6 10 2 10 3 2 6 3 3 0 4 0 1 3 1 4 10 1 3 10 1 1 1 7 10 1 3 7 1 1 9 1 7 10 3 10 2 2 6 1 10 5 4 3 3 0 4 6 3 1 1 7 2 3 2 3 3 1 2 0 2 5 1 1 5 0 0 2 0 6 6 3 5 6 1 2 2 0 0 1 3 3 2 1 0 5 3 3 0 1 2 3   29540
1950 10 8 1 9 3 0 2 1 6 10 2 10 3 2 6 3 3 0 4 0 1 3 1 4 10 1 3 10 1 1 1 7 10 1 3 7 1 1 9 1 7 10 3 10 2 2 7 1 10 5 4 3 3 0 4 6 3 1 1 7 2 3 2 3 3 1 2 0 2 5 1 1 5 0 0 2 0 6 7 3 5 6 1 2 2 0 0 1 3 3 2 1 0 5 3 3 0 1 2 3   29560
1961 10 8 1 9 3 0 2 1 6 10 2 10 3 2 6 3 3 0 4 0 1 3 1 4 10 1 3 10 1 1 1 8 10 1 3 7 1 1 9 1 7 10 3 10 2 2 7 1 10 5 4 3 3 0 4 6 3 1 1 7 2 3 2 3 3 1 2 0 2 5 1 1 5 0 0 2 0 6 7 3 5 6 1 2 2 0 0 1 3 3 2 1 0 5 3 3 0 1 2 3   29780
1977 10 8 1 9 3 0 2 1 6 10 2 10 3 2 6 3 3 0 4 0 1 3 1 4 10 1 3 10 1 1 1 8 10 1 3 7 1 1 9 1 7 10 3 10 2 2 8 1 10 5 4 3 3 0 4 6 3 1 1 7 2 3 2 3 3 1 2 0 2 5 1 1 5 0 0 2 0 6 8 3 5 6 1 2 2 0 0 1 3 3 2 1 0 5 3 3 0 1 2 3   29980
1984 10 8 1 9 3 0 2 1 6 10 2 10 3 2 6 3 3 0 4 0 1 3 1 4 10 1 3 10 1 1 1 8 10 1 3 7 1 1 9 1 7 10 3 10 2 2 9 1 10 5 4 3 3 0 4 6 3 1 1 7 2 3 2 3 3 1 2 0 2 5 1 1 5 0 0 2 0 6 9 3 5 6 1 2 2 0 0 1 3 3 2 1 0 5 3 3 0 1 2 3   30120
1995 10 8 1 9 3 0 2 1 6 10 2 10 3 2 6 3 3 0 4 0 1 3 2 4 10 1 3 10 1 1 1 8 10 1 3 7 1 1 9 1 7 10 3 10 2 2 9 1 10 5 4 3 3 0 4 6 3 1 1 7 2 3 2 3 3 1 2 0 2 5 1 1 5 0 0 2 0 6 9 3 5 6 1 2 2 0 0 1 3 3 2 1 0 5 3 3 0 1 2 3   30280
2002 10 8 1 9 3 0 2 1 6 10 2 10 3 2 6 3 3 0 4 0 1 3 2 5 10 1 3 10 1 1 1 9 10 1 3 7 1 1 9 1 7 10 3 10 2 2 9 1 10 5 4 3 3 0 4 6 3 1 1 7 2 3 2 3 3 1 2 0 2 5 1 1 5 0 0 2 0 6 9 3 5 6 1 2 2 0 0 1 3 3 2 1 0 5 3 3 0 1 2 3   30380
2007 10 8 1 9 3 0 2 1 6 10 2 10 3 2 6 3 3 0 4 0 1 3 3 5 10 1 3 10 1 1 1 9 10 1 3 7 1 1 9 1 7 10 3 10 2 2 9 1 10 5 4 3 3 0 4 6 3 1 1 7 2 3 2 3 3 1 2 0 2 5 1 1 5 0 0 2 0 6 9 3 5 6 1 2 2 0 0 1 3 3 2 1 0 5 3 3 0 1 2 3   30440
2013 10 8 1 9 3 0 2 1 6 10 2 10 3 2 6 3 3 0 4 0 1 3 3 5 10 1 3 10 1 1 1 10 10 1 3 7 1 1 9 1 7 10 3 10 2 2 9 1 10 5 4 3 3 0 4 6 3 1 1 7 2 3 2 3 3 1 2 0 2 5 1 1 5 0 0 2 0 6 9 3 5 6 1 2 2 0 0 1 3 3 2 1 0 5 3 3 0 1 2 3   30580
2024 10 8 1 9 3 0 2 1 6 10 2 10 3 2 6 3 3 0 4 0 1 3 3 5 10 1 3 10 1 1 1 10 10 1 3 7 1 1 9 1 7 10 3 10 2 2 9 2 10 5 4 3 3 0 4 6 3 1 1 7 2 3 2 3 3 1 2 0 2 5 1 1 5 0 0 2 0 6 9 3 5 6 1 2 2 0 0 1 3 3 2 1 0 5 3 3 0 1 2 3   30700
2027 10 8 1 9 3 0 2 1 6 10 2 10 3 2 6 3 3 0 4 0 1 3 4 5 10 1 3 10 1 1 1 10 10 1 3 7 1 1 9 1 7 10 3 10 2 2 9 2 10 5 4 3 3 0 4 6 3 1 1 7 2 3 2 3 3 1 2 0 2 5 1 1 5 0 0 2 0 6 9 3 5 6 1 2 2 0 0 1 3 3 2 1 0 5 3 3 0 1 2 3   30740
2029 10 8 1 9 3 0 2 1 6 10 2 10 3 2 6 3 3 0 4 0 1 3 5 5 10 1 3 10 1 1 1 10 10 1 3 7 1 1 9 1 7 10 3 10 2 2 9 2 10 5 4 3 3 0 4 6 3 1 1 7 2 3 2 3 3 1 2 0 2 5 1 1 5 0 0 2 0 6 9 3 5 6 1 2 2 0 0 1 3 3 2 1 0 5 3 3 0 1 2 3   30780
2036 10 8 1 9 3 0 2 1 6 10 2 10 3 2 6 3 3 0 4 0 1 3 5 6 10 1 3 10 1 1 1 10 10 1 3 7 1 1 9 1 7 10 3 10 2 2 9 2 10 5 4 3 3 0 4 6 3 1 1 7 2 3 2 3 3 1 2 1 2 5 1 1 5 1 0 2 0 6 9 3 5 6 1 2 2 0 0 1 3 3 2 1 0 5 3 3 0 1 2 3   30920
2048 10 8 1 9 3 1 2 1 6 10 2 10 3 2 6 3 3 1 4 0 1 3 5 6 10 1 3 10 1 1 1 10 10 1 3 7 1 1 9 1 7 10 3 10 2 2 9 2 10 5 4 3 3 0 4 6 3 1 1 7 2 3 2 3 3 1 2 1 2 5 1 1 5 1 0 2 0 6 9 3 5 6 1 2 2 0 0 1 3 3 2 1 0 5 3 3 0 1 2 3   31060
2049 10 8 1 9 3 1 2 1 6 10 2 10 3 2 6 3 3 1 4 0 1 3 5 6 10 1 3 10 1 1 1 10 10 1 3 7 1 1 9 1 7 10 3 10 2 2 9 2 10 5 4 3 3 0 4 6 3 1 1 7 2 3 2 3 3 1 2 1 2 5 1 1 5 1 0 3 0 6 9 3 5 6 1 2 2 0 0 1 3 3 3 1 0 5 3 3 0 1 2 3   31080
2055 10 8 1 9 3 1 2 1 6 10 2 10 3 2 6 3 3 1 4 0 1 3 5 6 10 1 3 10 1 1 1 10 10 1 3 7 1 1 9 1 7 10 3 10 2 2 9 2 10 5 4 3 3 0 4 6 3 1 1 7 2 3 2 3 4 1 2 1 2 5 1 1 5 1 0 4 0 6 9 3 5 6 1 2 2 0 0 1 3 3 4 1 0 5 3 3 0 1 2 3   31140
2056 10 8 1 9 3 1 2 1 7 10 2 10 3 2 6 3 3 1 4 0 1 3 5 6 10 1 3 10 1 1 1 10 10 1 3 7 1 1 9 1 7 10 3 10 2 2 9 2 10 5 4 3 3 0 4 6 3 1 1 7 2 3 2 3 4 1 2 1 2 5 1 1 5 1 0 4 0 6 9 3 5 6 1 2 2 0 0 1 3 3 4 1 0 5 3 3 0 1 2 3   31220
2068 10 8 1 9 3 1 2 1 7 10 2 10 3 2 6 3 3 1 4 0 1 3 5 6 10 1 3 10 1 2 1 10 10 1 3 7 1 1 9 1 7 10 3 10 2 2 9 2 10 5 4 3 3 0 4 6 3 1 1 7 2 3 2 3 4 1 2 1 2 5 1 1 5 2 0 4 0 6 9 3 5 6 1 2 2 0 0 1 3 3 4 1 0 5 3 3 0 1 2 3   31380
2074 10 8 1 9 3 1 2 1 7 10 2 10 3 2 6 3 3 1 4 0 1 3 5 6 10 1 3 10 1 3 1 10 10 1 3 7 1 1 9 1 8 10 3 10 2 2 9 3 10 5 4 3 3 0 4 6 3 1 1 7 2 3 2 3 4 1 2 1 2 5 1 1 5 2 0 4 0 6 9 3 5 6 1 2 2 0 0 1 3 3 4 1 0 5 3 3 0 1 2 3   31500
2077 10 8 1 9 3 1 2 1 7 10 2 10 3 2 6 3 3 1 5 0 1 3 5 6 10 1 3 10 1 3 1 10 10 1 3 7 1 1 9 1 8 10 3 10 2 2 9 3 10 5 4 3 3 0 4 6 3 1 1 7 2 3 2 3 4 1 2 1 2 5 1 1 5 2 0 4 0 6 9 3 5 6 1 2 2 0 0 1 3 3 4 1 0 5 3 3 0 1 2 3   31580
2082 10 8 1 9 3 1 2 1 7 10 2 10 3 2 6 3 3 1 5 0 1 3 5 6 10 1 3 10 1 3 1 10 10 1 3 7 1 1 9 1 9 10 3 10 2 2 9 3 10 5 4 3 3 0 4 6 3 1 1 7 2 3 2 3 4 1 2 1 2 5 1 1 5 2 0 4 0 6 9 3 5 6 1 2 2 0 0 1 3 3 4 1 0 5 3 3 0 1 2 3   31620
2084 10 8 1 9 3 1 2 1 7 10 2 10 4 2 6 3 3 1 5 0 1 3 5 6 10 1 3 10 1 3 1 10 10 1 3 7 1 1 9 1 9 10 3 10 2 2 9 3 10 5 4 3 3 0 4 6 3 1 1 7 2 3 2 3 4 1 2 1 2 5 1 1 5 2 0 4 0 6 9 3 5 6 1 2 2 0 0 1 3 3 4 1 0 5 3 3 0 1 2 3   31660
2090 10 8 1 9 3 1 2 1 7 10 2 10 4 2 6 3 3 1 6 0 1 3 5 6 10 1 3 10 1 3 1 10 10 1 3 7 1 1 9 1 9 10 3 10 2 2 9 3 10 5 4 3 3 0 4 6 3 1 1 7 2 3 2 3 4 1 2 1 2 5 1 1 5 2 0 4 0 6 9 3 5 6 1 2 2 0 0 1 3 3 4 1 0 5 3 3 0 1 2 3   31800
2104 10 8 1 9 3 1 2 1 7 10 2 10 4 2 6 3 3 1 6 0 2 4 5 6 10 1 3 10 1 3 1 10 10 1 3 7 1 1 9 1 9 10 3 10 2 2 9 3 10 5 4 3 3 0 4 6 3 1 1 7 2 3 2 3 4 1 2 1 2 5 1 1 5 2 0 4 0 6 9 3 5 6 1 2 2 0 0 1 3 3 4 1 0 5 3 3 0 1 2 3   32060
2118 10 8 1 9 3 1 2 1 7 10 2 10 4 2 6 3 4 1 6 0 3 4 5 6 10 1 3 10 1 3 1 10 10 1 3 7 1 1 9 1 9 10 3 10 2 2 9 3 10 5 4 3 3 0 4 6 3 1 1 7 2 3 2 3 4 1 2 1 2 5 1 1 5 2 0 4 0 6 9 3 5 6 1 2 2 0 0 1 3 3 4 1 0 5 3 3 0 1 2 3   32220
2119 10 8 1 9 3 1 2 1 7 10 2 10 4 2 6 3 4 1 6 1 3 4 5 6 10 1 3 10 1 3 1 10 10 1 3 7 1 1 9 1 9 10 3 10 2 2 9 3 10 5 4 3 3 0 4 6 3 1 1 7 2 3 2 3 4 1 2 1 2 5 1 1 5 2 0 4 0 6 9 3 5 6 1 2 2 0 0 1 3 3 4 1 0 5 3 3 0 1 2 3   32240
2125 10 8 1 9 3 1 2 1 7 10 2 10 4 2 6 3 4 1 6 1 3 4 5 6 10 1 3 10 1 3 1 10 10 1 3 7 1 1 9 1 9 10 3 10 2 2 9 3 10 5 4 3 3 0 4 6 3 1 1 7 2 3 2 3 4 1 3 1 2 5 1 1 5 2 0 4 0 6 9 3 5 6 1 2 2 0 0 1 3 3 4 1 0 5 3 3 0 1 2 3   32300
2128 10 8 1 9 3 1 2 1 7 10 2 10 4 2 6 3 4 1 7 1 3 4 5 6 10 1 3 10 1 3 1 10 10 1 3 7 1 1 9 1 9 10 3 10 2 2 9 3 10 5 4 3 3 0 4 6 3 1 1 7 2 3 2 3 4 1 3 1 2 5 1 1 5 2 0 4 0 6 9 3 5 6 1 2 2 0 0 1 3 3 4 1 0 5 3 3 0 1 2 3   32300
2149 10 8 1 9 3 1 2 1 7 10 2 10 4 2 6 3 5 1 7 1 3 4 5 6 10 1 3 10 1 3 1 10 10 1 3 7 1 1 9 1 9 10 3 10 2 2 9 3 10 5 4 3 3 0 4 6 3 1 1 7 2 3 2 3 4 1 3 1 2 5 1 1 5 2 0 4 0 6 9 3 5 6 1 2 2 0 0 1 3 3 4 1 0 5 3 3 0 1 2 3   32600
2152 10 8 1 9 3 1 2 1 7 10 2 10 4 2 6 3 5 1 7 1 3 4 5 6 10 1 3 10 1 3 1 10 10 1 3 7 1 1 9 1 9 10 3 10 3 2 9 3 10 5 4 3 3 0 4 6 3 1 1 7 2 3 2 3 4 1 3 1 2 5 1 1 5 2 0 4 0 6 9 3 5 6 1 2 2 0 0 1 3 3 4 1 0 5 3 3 0 1 2 3   32640
2160 10 8 1 9 3 1 2 1 7 10 2 10 4 2 6 3 6 1 7 1 3 4 5 6 10 1 3 10 1 3 1 10 10 1 3 7 1 1 9 1 9 10 3 10 4 2 9 3 10 5 4 4 3 0 4 6 3 1 1 7 2 3 2 3 4 1 3 1 2 5 1 1 5 2 0 4 0 6 9 4 5 6 1 2 2 0 0 1 3 3 4 1 0 5 3 3 0 1 2 3   32740
2166 10 8 1 9 3 1 2 1 7 10 2 10 4 2 6 3 6 1 7 1 3 4 5 6 10 1 3 10 1 3 1 10 10 1 3 7 1 1 9 1 9 10 3 10 5 2 9 3 10 5 4 4 3 0 4 6 3 1 1 7 2 3 2 3 4 1 3 1 2 5 1 1 5 2 0 4 0 6 9 4 5 6 1 2 2 0 0 1 3 3 4 1 0 5 3 3 0 1 2 3   32840
2172 10 8 1 9 3 1 2 1 7 10 2 10 4 2 6 3 7 1 7 1 3 4 5 6 10 1 3 10 1 3 1 10 10 1 3 7 1 1 9 1 9 10 3 10 6 2 9 3 10 5 4 4 3 0 4 6 3 1 1 7 2 3 2 3 4 1 3 1 2 5 1 1 5 2 0 4 0 6 9 4 5 6 1 2 2 0 0 1 3 3 4 1 0 5 3 3 0 1 2 3   32920
2217 10 8 1 9 3 1 2 1 7 10 2 10 4 2 6 3 7 1 7 1 3 4 5 6 10 1 3 10 1 3 1 10 10 1 3 7 1 1 9 1 9 10 3 10 7 2 9 3 10 5 4 4 3 0 4 6 3 1 1 7 2 3 2 3 4 1 3 1 2 5 1 1 5 2 0 4 0 6 9 4 5 6 1 2 2 0 0 1 3 3 4 1 0 5 3 3 0 1 2 3   33780
2239 10 8 1 9 3 1 2 1 7 10 2 10 4 2 6 3 7 1 7 1 3 4 5 6 10 1 3 10 1 3 1 10 10 1 3 7 2 1 9 1 9 10 3 10 7 2 9 3 10 5 4 4 3 0 4 6 3 1 1 7 2 3 2 3 4 1 3 1 2 5 1 1 5 2 0 4 0 6 9 4 5 6 1 2 2 0 0 1 3 3 4 1 0 5 3 3 0 1 2 3   34060
2249 10 8 1 9 3 1 2 1 7 10 2 10 4 2 6 3 7 1 7 1 3 4 5 6 10 1 3 10 1 3 1 10 10 1 3 7 3 1 9 1 9 10 3 10 7 2 9 3 10 5 4 4 3 0 4 6 3 1 1 7 2 3 2 3 4 1 3 1 2 5 1 1 5 2 0 4 0 6 9 4 5 6 1 2 2 0 0 1 3 3 4 1 0 5 3 3 0 1 2 3   34140
2256 10 8 1 9 3 1 2 1 7 10 2 10 4 2 6 3 7 1 7 1 3 4 5 6 10 1 3 10 1 3 2 10 10 1 3 7 3 1 9 1 9 10 3 10 7 2 9 3 10 5 4 4 3 0 4 6 3 1 1 7 2 3 2 3 4 1 3 1 2 5 1 1 5 2 0 4 0 6 9 4 5 6 1 2 2 0 0 1 3 3 4 1 0 5 3 3 0 1 2 3   34320
2276 10 8 1 9 3 1 2 1 7 10 2 10 4 2 6 3 7 1 7 1 3 4 5 6 10 1 3 10 1 3 2 10 10 1 3 7 3 1 9 1 9 10 3 10 7 2 9 3 10 5 4 4 3 0 4 6 3 1 1 7 2 3 2 3 4 1 3 2 2 5 1 1 5 2 0 4 0 6 9 4 5 6 1 2 2 0 0 1 3 3 4 1 0 5 3 3 0 1 2 3   34580
2282 10 8 1 9 3 1 2 1 7 10 2 10 4 2 6 3 7 1 7 1 3 4 5 7 10 1 3 10 1 3 2 10 10 1 3 7 3 1 9 1 9 10 3 10 7 2 9 3 10 5 4 4 3 0 4 6 3 1 1 7 2 3 2 3 4 1 3 2 2 5 1 1 5 2 0 4 0 6 9 4 5 6 1 2 2 0 0 1 3 3 4 1 0 5 3 3 0 1 2 3   34680
2298 10 8 1 9 3 3 2 1 7 10 2 10 4 2 6 3 7 1 7 1 3 4 5 7 10 1 3 10 1 3 2 10 10 1 3 7 3 1 9 1 9 10 3 10 7 2 9 3 10 5 4 4 3 0 4 6 3 1 1 7 2 3 2 3 4 1 3 2 2 5 1 1 5 2 0 4 0 6 9 4 5 6 1 2 2 0 0 1 3 3 4 1 0 5 3 3 0 1 2 3   35020
2303 10 8 1 10 3 3 2 1 7 10 2 10 4 2 6 3 7 1 7 1 3 4 5 7 10 1 3 10 1 3 2 10 10 1 3 7 3 1 9 1 9 10 3 10 7 2 9 3 10 5 4 4 3 0 4 6 3 1 1 7 2 3 2 3 4 1 3 2 2 5 1 1 5 2 0 4 0 6 9 4 5 6 1 2 2 0 0 1 3 3 4 1 0 5 3 3 0 1 2 3   35100
2310 10 8 1 10 3 3 2 1 8 10 2 10 4 2 6 3 7 1 7 1 3 4 5 7 10 1 3 10 1 3 2 10 10 1 3 7 3 1 9 1 9 10 3 10 7 2 9 3 10 5 4 4 3 0 4 6 3 1 1 7 2 3 2 3 4 1 3 2 2 5 1 1 5 2 0 4 0 6 9 4 5 6 1 2 2 0 0 1 3 3 4 1 0 5 3 3 0 1 2 3   35200
2317 10 8 1 10 3 4 2 1 8 10 2 10 4 2 6 3 7 1 7 1 3 4 5 7 10 1 3 10 1 3 2 10 10 1 3 7 3 1 9 1 9 10 3 10 7 2 9 3 10 5 4 4 3 0 4 6 3 1 1 7 2 3 2 3 4 1 3 2 2 5 1 1 5 2 0 4 0 6 9 4 5 6 1 2 2 0 0 1 3 3 4 1 0 5 3 3 0 1 2 3   35280
2351 10 8 1 10 3 4 2 1 8 10 2 10 4 2 6 3 7 1 7 1 3 4 5 7 10 1 3 10 1 3 2 10 10 1 3 7 3 1 9 1 9 10 3 10 7 2 9 4 10 5 4 4 3 0 4 6 3 1 1 7 2 3 2 3 4 1 3 2 2 5 1 1 5 2 0 4 0 6 9 4 5 6 1 2 2 0 0 1 4 3 4 1 0 5 3 3 0 1 2 3   35860
2352 10 8 1 10 3 4 2 1 8 10 2 10 4 2 6 3 7 1 7 1 3 4 5 7 10 1 3 10 1 3 2 10 10 1 3 7 3 1 9 1 10 10 3 10 7 2 9 4 10 5 4 4 3 0 4 6 3 1 1 7 2 3 2 3 4 1 3 2 2 5 1 1 5 2 0 4 0 6 9 4 5 6 1 2 2 0 0 1 4 3 4 1 0 5 3 3 0 1 2 3   35860
2357 10 8 1 10 3 4 2 1 8 10 2 10 4 2 6 3 7 1 7 1 3 4 5 7 10 1 3 10 1 3 3 10 10 1 3 7 3 1 9 1 10 10 3 10 7 2 9 5 10 5 4 4 3 0 4 6 3 1 1 7 2 3 2 3 4 1 3 2 2 5 1 1 5 2 0 4 0 6 9 4 5 6 1 2 2 0 0 1 4 3 4 1 0 5 3 3 0 1 2 3   35960
2358 10 8 1 10 3 5 2 1 8 10 2 10 4 2 6 3 7 1 7 1 3 4 5 7 10 1 3 10 1 3 3 10 10 1 3 7 3 1 9 1 10 10 3 10 7 2 9 5 10 5 4 4 3 0 4 6 3 1 1 7 2 3 2 3 4 1 3 2 2 5 1 1 5 2 0 4 0 6 9 4 5 6 1 2 2 0 0 1 4 3 4 1 0 5 3 3 0 1 2 3   35960
2359 10 8 2 10 3 5 2 1 8 10 2 10 4 2 6 3 7 1 7 1 3 4 5 7 10 1 3 10 1 3 3 10 10 1 3 7 3 1 9 1 10 10 3 10 7 2 9 5 10 5 4 4 3 0 4 6 3 1 1 7 2 3 2 3 4 1 3 2 2 5 1 1 5 2 0 4 0 6 9 4 5 6 1 2 2 0 0 1 4 3 4 1 0 5 3 3 0 1 2 3   35960
2364 10 8 2 10 3 5 2 1 8 10 2 10 4 2 6 3 7 1 7 1 3 4 5 7 10 1 3 10 1 3 3 10 10 1 3 7 3 1 9 1 10 10 3 10 7 2 9 6 10 5 4 4 3 0 4 6 3 1 1 7 2 3 2 3 4 1 3 2 2 5 1 1 6 2 0 4 0 6 9 4 5 6 1 2 2 0 0 1 4 3 4 1 0 5 3 3 0 1 2 3   36020
2378 10 8 2 10 3 5 2 1 8 10 2 10 4 3 6 3 7 1 7 1 3 4 5 7 10 1 3 10 1 3 3 10 10 1 3 7 3 1 9 1 10 10 3 10 7 2 9 6 10 5 4 4 3 0 4 6 3 1 1 7 2 3 2 3 4 1 3 2 2 5 1 1 6 2 0 4 0 6 9 4 5 6 1 2 3 0 0 1 4 3 4 1 0 5 3 3 0 1 2 3   36200
2394 10 8 2 10 3 5 2 1 8 10 2 10 4 3 6 3 7 1 7 1 3 4 5 7 10 1 3 10 1 3 3 10 10 1 3 7 3 1 9 2 10 10 3 10 7 2 9 6 10 5 4 4 3 0 4 6 3 1 1 7 2 3 2 3 4 1 3 2 2 5 1 1 6 2 0 4 0 6 9 4 5 6 1 2 3 0 0 1 4 3 4 1 0 5 3 3 0 1 2 3   36540
2400 10 8 2 10 3 5 2 1 8 10 2 10 4 3 6 4 7 1 7 1 3 4 5 7 10 1 3 10 1 3 3 10 10 1 3 7 3 1 9 2 10 10 3 10 7 2 9 6 10 5 4 4 3 0 4 6 3 1 1 7 2 3 2 3 4 1 3 2 2 5 1 1 6 2 0 4 0 6 9 4 5 6 1 2 3 0 0 1 4 3 4 1 0 5 3 3 0 1 2 3   36640
2401 10 8 2 10 3 5 2 1 8 10 2 10 4 3 6 5 7 1 7 1 3 4 5 7 10 1 3 10 1 3 3 10 10 1 3 7 3 1 9 2 10 10 3 10 7 2 9 6 10 5 4 4 3 0 4 6 3 1 1 7 2 3 2 3 4 1 3 2 2 5 1 1 6 2 0 4 0 6 9 4 5 6 1 2 3 0 0 1 4 3 4 1 0 5 3 3 0 1 2 3   36720
2402 10 8 2 10 3 5 2 1 8 10 2 10 4 3 6 6 7 1 8 1 3 4 5 7 10 1 3 10 1 3 3 10 10 1 3 7 3 1 9 2 10 10 3 10 7 2 9 6 10 5 4 4 3 0 4 6 3 1 1 7 2 3 2 3 4 1 3 2 2 5 1 1 6 2 0 4 0 6 9 4 5 6 1 2 3 0 0 1 4 3 4 1 0 5 3 3 0 1 2 3   36720
2404 10 8 2 10 3 5 2 1 8 10 2 10 4 3 6 8 7 1 8 1 3 4 5 7 10 1 3 10 1 3 3 10 10 1 3 7 3 1 9 2 10 10 3 10 7 2 9 6 10 5 4 4 3 0 4 6 3 1 1 7 2 3 2 3 4 1 3 2 2 5 1 1 6 2 0 4 0 6 9 4 5 6 1 2 3 0 0 1 4 3 4 1 0 5 3 3 0 1 2 3   36760
2405 10 8 2 10 3 5 2 1 8 10 2 10 4 3 6 9 7 1 8 1 3 4 5 7 10 1 3 10 1 3 3 10 10 1 3 7 3 1 9 2 10 10 3 10 7 2 9 6 10 5 4 4 3 0 4 6 3 1 1 7 2 3 3 3 4 1 3 2 2 5 1 1 6 2 0 4 0 6 9 4 5 6 1 2 3 0 0 1 4 3 4 1 0 5 3 3 0 1 2 3   36760
2406 10 8 2 10 3 5 2 1 8 10 2 10 4 3 6 9 7 1 8 1 3 4 5 7 10 1 3 10 1 3 3 10 10 1 3 7 3 1 9 2 10 10 3 10 7 2 9 6 10 5 4 4 3 0 4 6 3 1 1 7 2 3 3 3 4 1 3 2 2 5 1 1 6 2 0 4 0 6 9 4 5 6 1 2 3 0 0 1 4 3 4 1 0 5 3 3 0 1 3 3   36800
2409 10 8 2 10 3 5 2 1 8 10 2 10 4 3 6 9 7 1 8 1 3 4 5 7 10 1 3 10 1 3 3 10 10 1 3 7 3 1 9 2 10 10 3 10 7 2 9 6 10 5 4 4 3 0 4 6 3 1 1 7 2 3 3 3 4 1 3 2 2 5 1 1 6 2 0 4 0 6 9 4 5 6 1 2 3 0 0 1 4 3 4 1 1 5 3 3 0 1 3 3   36820
2410 10 8 2 10 3 5 2 1 8 10 2 10 4 3 6 9 7 1 9 1 3 4 5 7 10 1 3 10 1 3 3 10 10 1 3 7 3 1 9 2 10 10 3 10 7 2 9 6 10 5 4 4 3 0 4 6 3 1 1 7 2 3 3 3 4 1 3 2 2 5 1 1 6 2 0 4 0 6 9 4 5 6 1 2 3 0 0 1 4 3 4 1 1 5 3 3 0 1 3 3   36820
2412 10 8 2 10 3 5 2 1 8 10 2 10 4 3 6 9 7 1 9 1 3 5 5 7 10 1 3 10 1 3 3 10 10 1 3 7 3 1 9 2 10 10 3 10 7 2 9 6 10 5 4 4 3 0 4 6 3 1 1 7 2 3 3 3 4 1 3 2 2 5 1 1 6 2 0 4 0 6 9 4 5 6 1 2 3 0 0 1 4 3 4 1 1 5 3 3 0 1 3 3   36860
2413 10 8 2 10 3 5 3 1 8 10 2 10 4 3 6 9 7 1 9 1 3 5 5 7 10 1 3 10 1 3 3 10 10 1 3 7 3 1 9 3 10 10 3 10 7 2 9 6 10 5 4 4 3 0 4 6 3 1 1 7 2 3 4 3 4 1 4 2 2 5 1 1 6 2 0 4 0 6 9 4 5 6 1 2 3 0 0 1 4 3 4 1 1 5 3 3 0 1 4 3   36880
2416 10 8 2 10 3 5 3 1 8 10 2 10 4 3 6 10 7 1 9 1 3 5 5 7 10 1 3 10 1 3 3 10 10 1 3 7 3 1 9 3 10 10 3 10 7 2 9 6 10 5 4 4 3 0 4 6 3 1 1 7 2 3 4 3 4 1 4 2 2 5 1 1 6 2 0 4 0 6 9 4 5 6 1 2 3 0 0 1 4 3 4 1 1 5 3 3 0 1 4 3   36960
