[1, 1, 0, 0, 0, 0, 0, 0, 0, 0, 0, 0, 0, 0, 0, 0, 0, 0, 0, 0, 0, 0, 0, 0, 0, 0, 0, 0, 0, 0, 0, 0, 0, 0, 0, 0, 0, 0, 0, 0, 0, 0, 0, 0, 0, 0, 0, 0, 0, 0, 0, 0, 0, 0, 0, 0, 0, 0, 0, 0, 0, 0, 0, 0, 0, 0, 0, 0, 0, 0, 0, 0, 0, 0, 0, 0, 0, 0, 0, 0, 0, 0, 0, 0, 0, 0, 0, 0, 0, 0, 0, 0, 0, 0, 0, 0, 0, 0, 0, 0, 0]
[2, 2, 0, 0, 0, 0, 0, 0, 0, 0, 0, 0, 0, 0, 0, 0, 0, 0, 0, 0, 0, 0, 0, 0, 0, 0, 0, 0, 0, 0, 0, 0, 0, 0, 0, 0, 0, 0, 0, 0, 0, 0, 0, 0, 0, 0, 0, 0, 0, 0, 0, 0, 0, 0, 0, 0, 0, 0, 0, 0, 0, 0, 0, 0, 0, 0, 0, 0, 0, 0, 0, 0, 0, 0, 0, 0, 0, 0, 0, 0, 0, 0, 0, 0, 0, 0, 0, 0, 0, 0, 0, 0, 0, 0, 0, 0, 0, 0, 0, 0, 0]
[3, 3, 0, 0, 0, 0, 0, 0, 0, 0, 0, 0, 0, 0, 0, 0, 0, 0, 0, 0, 0, 0, 0, 0, 0, 0, 0, 0, 0, 0, 0, 0, 0, 0, 0, 0, 0, 0, 0, 0, 0, 0, 0, 0, 0, 0, 0, 0, 0, 0, 0, 0, 0, 0, 0, 0, 0, 0, 0, 0, 0, 0, 0, 0, 0, 0, 0, 0, 0, 0, 0, 0, 0, 0, 0, 0, 0, 0, 0, 0, 0, 0, 0, 0, 0, 0, 0, 0, 0, 0, 0, 0, 0, 0, 0, 0, 0, 0, 0, 0, 0]
[4, 4, 0, 0, 0, 0, 0, 0, 0, 0, 0, 0, 0, 0, 0, 0, 0, 0, 0, 0, 0, 0, 0, 0, 0, 0, 0, 0, 0, 0, 0, 0, 0, 0, 0, 0, 0, 0, 0, 0, 0, 0, 0, 0, 0, 0, 0, 0, 0, 0, 0, 0, 0, 0, 0, 0, 0, 0, 0, 0, 0, 0, 0, 0, 0, 0, 0, 0, 0, 0, 0, 0, 0, 0, 0, 0, 0, 0, 0, 0, 0, 0, 0, 0, 0, 0, 0, 0, 0, 0, 0, 0, 0, 0, 0, 0, 0, 0, 0, 0, 0]
[6, 5, 0, 0, 0, 0, 0, 0, 0, 0, 0, 0, 0, 0, 0, 0, 0, 0, 0, 0, 0, 0, 0, 0, 0, 0, 0, 0, 0, 0, 0, 0, 0, 0, 0, 0, 0, 0, 0, 0, 0, 0, 0, 0, 0, 0, 0, 0, 0, 0, 0, 0, 0, 0, 0, 0, 0, 0, 0, 0, 0, 0, 0, 0, 0, 0, 0, 0, 0, 0, 0, 0, 0, 0, 0, 0, 0, 0, 0, 0, 0, 0, 0, 0, 0, 0, 0, 0, 0, 0, 0, 0, 0, 0, 0, 0, 0, 0, 0, 0, 0]
[7, 7, 0, 0, 0, 0, 0, 0, 0, 0, 0, 0, 0, 0, 0, 0, 0, 0, 0, 0, 0, 0, 0, 0, 0, 0, 0, 0, 0, 0, 0, 0, 0, 0, 0, 0, 0, 0, 0, 0, 0, 0, 0, 0, 0, 0, 0, 0, 0, 0, 0, 0, 0, 0, 0, 0, 0, 0, 0, 0, 0, 0, 0, 0, 0, 0, 0, 0, 0, 0, 0, 0, 0, 0, 0, 0, 0, 0, 0, 0, 0, 0, 0, 0, 0, 0, 0, 0, 0, 0, 0, 0, 0, 0, 0, 0, 0, 0, 0, 0, 0]
[8, 8, 0, 0, 0, 0, 0, 0, 0, 0, 0, 0, 0, 0, 0, 0, 0, 0, 0, 0, 0, 0, 0, 0, 0, 0, 0, 0, 0, 0, 0, 0, 0, 0, 0, 0, 0, 0, 0, 0, 0, 0, 0, 0, 0, 0, 0, 0, 0, 0, 0, 0, 0, 0, 0, 0, 0, 0, 0, 0, 0, 0, 0, 0, 0, 0, 0, 0, 0, 0, 0, 0, 0, 0, 0, 0, 0, 0, 0, 0, 0, 0, 0, 0, 0, 0, 0, 0, 0, 0, 0, 0, 0, 0, 0, 0, 0, 0, 0, 0, 0]
[9, 9, 0, 0, 0, 0, 0, 0, 0, 0, 0, 0, 0, 0, 0, 0, 0, 0, 0, 0, 0, 0, 0, 0, 0, 0, 0, 0, 0, 0, 0, 0, 0, 0, 0, 0, 0, 0, 0, 0, 0, 0, 0, 0, 0, 0, 0, 0, 0, 0, 0, 0, 0, 0, 0, 0, 0, 0, 0, 0, 0, 0, 0, 0, 0, 0, 0, 0, 0, 0, 0, 0, 0, 0, 0, 0, 0, 0, 0, 0, 0, 0, 0, 0, 0, 0, 0, 0, 0, 0, 0, 0, 0, 0, 0, 0, 0, 0, 0, 0, 0]
[10, 10, 0, 0, 0, 0, 0, 0, 0, 0, 0, 0, 0, 0, 0, 0, 0, 0, 0, 0, 0, 0, 0, 0, 0, 0, 0, 0, 0, 0, 0, 0, 0, 0, 0, 0, 0, 0, 0, 0, 0, 0, 0, 0, 0, 0, 0, 0, 0, 0, 0, 0, 0, 0, 0, 0, 0, 0, 0, 0, 0, 0, 0, 0, 0, 0, 0, 0, 0, 0, 0, 0, 0, 0, 0, 0, 0, 0, 0, 0, 0, 0, 0, 0, 0, 0, 0, 0, 0, 0, 0, 0, 0, 0, 0, 0, 0, 0, 0, 0, 0]
[12, 10, 0, 0, 0, 0, 0, 0, 0, 0, 0, 0, 0, 0, 0, 0, 0, 0, 0, 0, 0, 0, 0, 0, 0, 0, 0, 0, 0, 0, 0, 0, 0, 0, 0, 0, 0, 0, 0, 0, 0, 0, 0, 0, 0, 0, 0, 1, 0, 0, 0, 0, 0, 0, 0, 0, 0, 0, 0, 0, 0, 0, 0, 0, 0, 0, 0, 0, 0, 0, 0, 0, 0, 0, 0, 0, 0, 0, 0, 0, 0, 0, 0, 0, 0, 0, 0, 0, 0, 0, 0, 0, 0, 0, 0, 0, 0, 0, 0, 0, 0]
[22, 10, 0, 0, 0, 0, 0, 0, 0, 0, 0, 0, 0, 0, 0, 0, 0, 0, 0, 0, 0, 0, 0, 0, 0, 0, 0, 0, 0, 0, 0, 0, 0, 0, 0, 0, 0, 0, 0, 0, 0, 0, 0, 0, 0, 0, 0, 2, 0, 0, 0, 0, 0, 0, 0, 0, 0, 0, 0, 0, 0, 0, 0, 0, 0, 0, 0, 0, 0, 0, 0, 0, 0, 0, 0, 0, 0, 0, 0, 0, 0, 0, 0, 0, 0, 0, 0, 0, 0, 0, 0, 0, 0, 0, 0, 0, 0, 0, 0, 0, 0]
[33, 10, 0, 0, 0, 0, 0, 0, 0, 0, 0, 0, 0, 0, 0, 0, 0, 0, 0, 0, 0, 0, 0, 0, 0, 0, 0, 0, 0, 0, 0, 0, 0, 0, 0, 0, 0, 0, 0, 0, 0, 0, 0, 0, 0, 0, 0, 3, 0, 0, 0, 0, 0, 0, 0, 0, 0, 0, 0, 0, 0, 0, 0, 0, 0, 0, 0, 0, 0, 0, 0, 0, 0, 0, 0, 0, 0, 0, 0, 0, 0, 0, 0, 0, 0, 0, 0, 0, 0, 0, 0, 0, 0, 0, 0, 0, 0, 0, 0, 0, 0]
[42, 10, 0, 0, 0, 0, 0, 0, 0, 0, 0, 0, 0, 0, 0, 0, 0, 0, 0, 0, 0, 0, 0, 0, 0, 0, 0, 0, 0, 0, 0, 0, 0, 0, 0, 0, 0, 0, 0, 0, 0, 0, 0, 0, 0, 0, 0, 3, 0, 1, 0, 0, 0, 0, 0, 0, 0, 0, 0, 0, 0, 0, 0, 0, 0, 0, 0, 0, 0, 0, 0, 0, 0, 0, 0, 0, 0, 0, 0, 0, 0, 0, 0, 0, 0, 0, 0, 0, 0, 0, 0, 0, 0, 0, 0, 0, 0, 0, 0, 0, 0]
[52, 10, 0, 0, 0, 0, 0, 0, 0, 0, 0, 0, 0, 0, 0, 0, 0, 0, 0, 0, 0, 0, 0, 0, 0, 0, 0, 0, 0, 0, 0, 0, 0, 0, 0, 0, 0, 0, 0, 0, 0, 0, 0, 0, 0, 0, 0, 3, 0, 2, 0, 0, 0, 0, 0, 0, 0, 0, 0, 0, 0, 0, 0, 0, 0, 0, 0, 0, 0, 0, 0, 0, 0, 0, 0, 0, 0, 0, 0, 0, 0, 0, 0, 0, 0, 0, 0, 0, 0, 0, 0, 0, 0, 0, 0, 0, 0, 0, 0, 0, 0]
[62, 10, 0, 0, 0, 0, 0, 0, 0, 0, 0, 0, 2, 0, 0, 0, 0, 0, 0, 0, 0, 0, 0, 0, 0, 0, 0, 0, 0, 0, 0, 0, 0, 0, 0, 0, 0, 0, 0, 0, 0, 0, 0, 0, 0, 0, 0, 3, 0, 2, 0, 0, 0, 0, 0, 0, 0, 0, 0, 0, 0, 0, 0, 0, 0, 0, 0, 0, 0, 0, 0, 0, 0, 0, 0, 0, 0, 0, 0, 0, 0, 0, 0, 0, 0, 0, 0, 0, 0, 0, 0, 0, 0, 0, 0, 0, 0, 0, 0, 0, 0]
[63, 10, 0, 0, 0, 0, 0, 0, 0, 0, 0, 0, 2, 0, 0, 0, 0, 0, 0, 0, 0, 0, 0, 0, 0, 0, 0, 0, 0, 0, 0, 0, 0, 0, 0, 0, 0, 0, 0, 0, 0, 0, 0, 0, 0, 0, 0, 3, 0, 3, 0, 0, 0, 0, 0, 0, 0, 0, 0, 0, 0, 0, 0, 0, 0, 0, 0, 0, 0, 0, 0, 0, 0, 0, 0, 0, 0, 0, 0, 0, 0, 0, 0, 0, 0, 0, 0, 0, 0, 0, 0, 0, 0, 0, 0, 0, 0, 0, 0, 0, 0]
[64, 10, 0, 0, 0, 0, 0, 0, 0, 0, 0, 0, 2, 0, 0, 0, 0, 0, 0, 0, 0, 0, 0, 0, 0, 0, 0, 0, 0, 0, 0, 0, 0, 0, 0, 0, 0, 0, 0, 0, 0, 0, 0, 0, 0, 0, 0, 3, 0, 4, 0, 0, 0, 0, 0, 0, 0, 0, 0, 0, 0, 0, 0, 0, 0, 0, 0, 0, 0, 0, 0, 0, 0, 0, 0, 0, 0, 0, 0, 0, 0, 0, 0, 0, 0, 0, 0, 0, 0, 0, 0, 0, 0, 0, 0, 0, 0, 0, 0, 0, 0]
[66, 10, 0, 0, 0, 0, 0, 0, 0, 0, 0, 0, 2, 0, 0, 0, 0, 0, 0, 0, 0, 0, 0, 0, 0, 0, 0, 0, 0, 0, 0, 0, 0, 0, 0, 0, 0, 0, 0, 0, 0, 0, 0, 0, 0, 0, 0, 3, 0, 5, 0, 0, 0, 0, 0, 0, 0, 0, 0, 0, 0, 0, 0, 0, 0, 0, 0, 0, 0, 0, 0, 0, 0, 0, 0, 0, 0, 0, 0, 0, 0, 0, 0, 0, 0, 0, 0, 0, 0, 0, 0, 0, 0, 0, 0, 0, 0, 0, 0, 0, 0]
[74, 10, 0, 0, 0, 0, 0, 0, 0, 0, 0, 0, 3, 0, 0, 0, 0, 0, 0, 0, 0, 0, 0, 0, 0, 0, 0, 0, 0, 0, 0, 0, 0, 0, 0, 0, 0, 0, 0, 0, 0, 0, 0, 0, 0, 0, 0, 3, 0, 5, 0, 0, 0, 0, 0, 0, 0, 0, 0, 0, 0, 0, 0, 0, 0, 0, 0, 0, 0, 0, 0, 0, 0, 0, 0, 0, 0, 0, 0, 0, 0, 0, 0, 0, 0, 0, 0, 0, 0, 0, 0, 0, 0, 0, 0, 0, 0, 0, 0, 0, 0]
[75, 10, 0, 0, 0, 0, 0, 0, 0, 0, 0, 0, 5, 0, 0, 0, 0, 0, 0, 0, 0, 0, 0, 0, 0, 0, 0, 0, 0, 0, 0, 0, 0, 0, 0, 0, 0, 0, 0, 0, 0, 0, 0, 0, 0, 0, 0, 3, 0, 5, 0, 0, 0, 0, 0, 0, 0, 0, 0, 0, 0, 0, 0, 0, 0, 0, 0, 0, 0, 0, 0, 0, 0, 0, 0, 0, 0, 0, 0, 0, 0, 0, 0, 0, 0, 0, 0, 0, 0, 0, 0, 0, 0, 0, 0, 0, 0, 0, 0, 0, 0]
[76, 10, 0, 0, 0, 0, 0, 0, 0, 0, 0, 0, 5, 0, 0, 0, 0, 0, 0, 0, 0, 0, 0, 0, 0, 0, 0, 0, 0, 0, 0, 0, 0, 0, 0, 0, 0, 0, 0, 0, 0, 0, 0, 0, 0, 0, 0, 3, 0, 6, 0, 0, 0, 0, 0, 0, 0, 0, 0, 0, 0, 0, 0, 0, 0, 0, 0, 0, 0, 0, 0, 0, 0, 0, 0, 0, 0, 0, 0, 0, 0, 0, 0, 0, 0, 0, 0, 0, 0, 0, 0, 0, 0, 0, 0, 0, 0, 0, 0, 0, 0]
[78, 10, 0, 0, 0, 0, 0, 0, 0, 0, 0, 0, 5, 0, 0, 0, 0, 0, 0, 0, 0, 0, 0, 0, 0, 0, 0, 0, 0, 0, 0, 0, 0, 0, 0, 0, 0, 0, 0, 0, 0, 0, 0, 0, 0, 0, 0, 3, 0, 7, 0, 0, 0, 0, 0, 0, 0, 0, 0, 0, 0, 0, 0, 0, 0, 0, 0, 0, 0, 0, 0, 0, 0, 0, 0, 0, 0, 0, 0, 0, 0, 0, 0, 0, 0, 0, 0, 0, 0, 0, 0, 0, 0, 0, 0, 0, 0, 0, 0, 0, 0]
[79, 10, 0, 0, 0, 0, 0, 0, 0, 0, 0, 0, 5, 0, 0, 0, 0, 0, 0, 0, 0, 0, 0, 0, 0, 0, 0, 0, 0, 0, 0, 0, 0, 0, 0, 0, 0, 0, 0, 0, 0, 0, 0, 0, 0, 0, 0, 3, 0, 8, 0, 0, 0, 0, 0, 0, 0, 0, 0, 0, 0, 0, 0, 0, 0, 0, 0, 0, 0, 0, 0, 0, 0, 0, 0, 0, 0, 0, 0, 0, 0, 0, 0, 0, 0, 0, 0, 0, 0, 0, 0, 0, 0, 0, 0, 0, 0, 0, 0, 0, 0]
[80, 10, 0, 0, 0, 0, 0, 0, 0, 0, 0, 0, 5, 0, 0, 0, 0, 0, 0, 0, 0, 0, 0, 0, 0, 0, 0, 0, 0, 0, 0, 0, 0, 0, 0, 0, 0, 0, 0, 0, 0, 0, 0, 0, 0, 0, 0, 3, 0, 9, 0, 0, 0, 0, 0, 0, 0, 0, 0, 0, 0, 0, 0, 0, 0, 0, 0, 0, 0, 0, 0, 0, 0, 0, 0, 0, 0, 0, 0, 0, 0, 0, 0, 0, 0, 0, 0, 0, 0, 0, 0, 0, 0, 0, 0, 0, 0, 0, 0, 0, 0]
[81, 10, 0, 0, 0, 0, 0, 0, 0, 0, 0, 0, 5, 0, 0, 0, 0, 0, 0, 0, 0, 0, 0, 0, 0, 0, 0, 0, 0, 0, 0, 0, 0, 0, 0, 0, 0, 0, 0, 0, 0, 0, 0, 0, 0, 0, 0, 3, 0, 10, 0, 0, 0, 0, 0, 0, 0, 0, 0, 0, 0, 0, 0, 0, 0, 0, 0, 0, 0, 0, 0, 0, 0, 0, 0, 0, 0, 0, 0, 0, 0, 0, 0, 0, 0, 0, 0, 0, 0, 0, 0, 0, 0, 0, 0, 0, 0, 0, 0, 0, 0]
[87, 10, 0, 0, 0, 0, 0, 0, 0, 0, 0, 0, 6, 0, 0, 0, 0, 0, 0, 0, 0, 0, 0, 0, 0, 0, 0, 0, 0, 0, 0, 0, 0, 0, 0, 0, 0, 0, 0, 0, 0, 0, 0, 0, 0, 0, 0, 3, 0, 10, 0, 0, 0, 0, 0, 0, 0, 0, 0, 0, 0, 0, 0, 0, 0, 0, 0, 0, 0, 0, 0, 0, 0, 0, 0, 0, 0, 0, 0, 0, 0, 0, 0, 0, 0, 0, 0, 0, 0, 0, 0, 0, 0, 0, 0, 0, 0, 0, 0, 0, 0]
[98, 10, 0, 0, 0, 0, 0, 0, 0, 0, 0, 0, 7, 0, 0, 0, 0, 0, 0, 0, 0, 0, 0, 0, 0, 0, 0, 0, 0, 0, 0, 0, 0, 0, 0, 0, 0, 0, 0, 0, 0, 0, 0, 0, 0, 0, 0, 3, 0, 10, 0, 0, 0, 0, 0, 0, 0, 0, 0, 0, 0, 0, 0, 0, 0, 0, 0, 0, 0, 0, 0, 0, 0, 0, 0, 0, 0, 0, 0, 0, 0, 0, 0, 0, 0, 0, 0, 0, 0, 0, 0, 0, 0, 0, 0, 0, 0, 0, 0, 0, 0]
[99, 10, 0, 0, 0, 0, 0, 0, 0, 0, 0, 0, 9, 0, 0, 0, 0, 0, 0, 0, 0, 0, 0, 0, 0, 0, 0, 0, 0, 0, 0, 0, 0, 0, 0, 0, 0, 0, 0, 0, 0, 0, 0, 0, 0, 0, 0, 3, 0, 10, 0, 0, 0, 0, 0, 0, 0, 0, 0, 0, 0, 0, 0, 0, 0, 0, 0, 0, 0, 0, 0, 0, 0, 0, 0, 0, 0, 0, 0, 0, 0, 0, 0, 0, 0, 0, 0, 0, 0, 0, 0, 0, 0, 0, 0, 0, 0, 0, 0, 0, 0]
[100, 10, 0, 0, 0, 0, 0, 0, 0, 0, 0, 0, 10, 0, 0, 0, 0, 0, 0, 0, 0, 0, 0, 0, 0, 0, 0, 0, 0, 0, 0, 0, 0, 0, 0, 0, 0, 0, 0, 0, 0, 0, 0, 0, 0, 0, 0, 3, 0, 10, 0, 0, 0, 0, 0, 0, 0, 0, 0, 0, 0, 0, 0, 0, 0, 0, 0, 0, 0, 0, 0, 0, 0, 0, 0, 0, 0, 0, 0, 0, 0, 0, 0, 0, 0, 0, 0, 0, 0, 0, 0, 0, 0, 0, 0, 0, 0, 0, 0, 0, 0]
[122, 10, 0, 0, 0, 0, 0, 0, 0, 0, 0, 0, 10, 0, 0, 0, 0, 0, 0, 0, 0, 0, 0, 0, 0, 0, 0, 0, 0, 0, 0, 0, 0, 0, 0, 0, 0, 0, 0, 0, 0, 0, 0, 0, 0, 0, 0, 3, 0, 10, 1, 0, 0, 0, 0, 0, 0, 0, 0, 0, 0, 0, 0, 0, 0, 0, 0, 0, 0, 0, 0, 0, 0, 0, 0, 0, 0, 0, 0, 0, 0, 0, 0, 0, 0, 0, 0, 0, 0, 0, 0, 0, 0, 0, 0, 0, 0, 0, 0, 0, 0]
[143, 10, 0, 0, 0, 0, 0, 0, 0, 0, 1, 0, 10, 0, 0, 0, 0, 0, 0, 0, 0, 0, 0, 0, 0, 0, 0, 0, 0, 0, 0, 0, 0, 0, 0, 0, 0, 0, 0, 0, 0, 0, 0, 0, 0, 0, 0, 3, 0, 10, 1, 0, 0, 0, 0, 0, 0, 0, 0, 0, 0, 0, 0, 0, 0, 0, 0, 0, 0, 0, 0, 0, 0, 0, 0, 0, 0, 0, 0, 0, 0, 0, 0, 0, 0, 0, 0, 0, 0, 0, 0, 0, 0, 0, 0, 0, 0, 0, 0, 0, 0]
[163, 10, 0, 0, 0, 0, 0, 0, 0, 0, 2, 0, 10, 0, 0, 0, 0, 0, 0, 0, 0, 0, 0, 0, 0, 0, 0, 0, 0, 0, 0, 0, 0, 0, 0, 0, 0, 0, 0, 0, 0, 0, 0, 0, 0, 0, 0, 3, 0, 10, 1, 0, 0, 0, 0, 0, 0, 0, 0, 0, 0, 0, 0, 0, 0, 0, 0, 0, 0, 0, 0, 0, 0, 0, 0, 0, 0, 0, 0, 0, 0, 0, 0, 0, 0, 0, 0, 0, 0, 0, 0, 0, 0, 0, 0, 0, 0, 0, 0, 0, 0]
[164, 10, 0, 0, 0, 0, 0, 0, 0, 0, 3, 0, 10, 0, 0, 0, 0, 0, 0, 0, 0, 0, 0, 0, 0, 0, 0, 0, 0, 0, 0, 0, 0, 0, 0, 0, 0, 0, 0, 0, 0, 0, 0, 0, 0, 0, 0, 3, 0, 10, 1, 0, 0, 0, 0, 0, 0, 0, 0, 0, 0, 0, 0, 0, 0, 0, 0, 0, 0, 0, 0, 0, 0, 0, 0, 0, 0, 0, 0, 0, 0, 0, 0, 0, 0, 0, 0, 0, 0, 0, 0, 0, 0, 0, 0, 0, 0, 0, 0, 0, 0]
[165, 10, 0, 0, 0, 0, 0, 0, 0, 0, 4, 0, 10, 0, 0, 0, 0, 0, 0, 0, 0, 0, 0, 0, 0, 0, 0, 0, 0, 0, 0, 0, 0, 0, 0, 0, 0, 0, 0, 0, 0, 0, 0, 0, 0, 0, 0, 3, 0, 10, 1, 0, 0, 0, 0, 0, 0, 0, 0, 0, 0, 0, 0, 0, 0, 0, 0, 0, 0, 0, 0, 0, 0, 0, 0, 0, 0, 0, 0, 0, 0, 0, 0, 0, 0, 0, 0, 0, 0, 0, 0, 0, 0, 0, 0, 0, 0, 0, 0, 0, 0]
[167, 10, 0, 0, 0, 0, 0, 0, 0, 0, 5, 0, 10, 0, 0, 0, 0, 0, 0, 0, 0, 0, 0, 0, 0, 0, 0, 0, 0, 0, 0, 0, 0, 0, 0, 0, 0, 0, 0, 0, 0, 0, 0, 0, 0, 0, 0, 3, 0, 10, 1, 0, 0, 0, 0, 0, 0, 0, 0, 0, 0, 0, 0, 0, 0, 0, 0, 0, 0, 0, 0, 0, 0, 0, 0, 0, 0, 0, 0, 0, 0, 0, 0, 0, 0, 0, 0, 0, 0, 0, 0, 0, 0, 0, 0, 0, 0, 0, 0, 0, 0]
[177, 10, 0, 0, 0, 0, 0, 0, 0, 0, 6, 0, 10, 0, 0, 0, 0, 0, 0, 0, 0, 0, 0, 0, 0, 0, 0, 0, 0, 0, 0, 0, 0, 0, 0, 0, 0, 0, 0, 0, 0, 0, 0, 0, 0, 0, 0, 3, 0, 10, 1, 0, 0, 0, 0, 0, 0, 0, 0, 0, 0, 0, 0, 0, 0, 0, 0, 0, 0, 0, 0, 0, 0, 0, 0, 0, 0, 0, 0, 0, 0, 0, 0, 0, 0, 0, 0, 0, 0, 0, 0, 0, 0, 0, 0, 0, 0, 0, 0, 0, 0]
[179, 10, 0, 0, 0, 0, 0, 0, 0, 0, 7, 0, 10, 0, 0, 0, 0, 0, 0, 0, 0, 0, 0, 0, 0, 0, 0, 0, 0, 0, 0, 0, 0, 0, 0, 0, 0, 0, 0, 0, 0, 0, 0, 0, 0, 0, 0, 3, 0, 10, 1, 0, 0, 0, 0, 0, 0, 0, 0, 0, 0, 0, 0, 0, 0, 0, 0, 0, 0, 0, 0, 0, 0, 0, 0, 0, 0, 0, 0, 0, 0, 0, 0, 0, 0, 0, 0, 0, 0, 0, 0, 0, 0, 0, 0, 0, 0, 0, 0, 0, 0]
[180, 10, 0, 0, 0, 0, 0, 0, 0, 0, 9, 0, 10, 0, 0, 0, 0, 0, 0, 0, 0, 0, 0, 0, 0, 0, 0, 0, 0, 0, 0, 0, 0, 0, 0, 0, 0, 0, 0, 0, 0, 0, 0, 0, 0, 0, 0, 3, 0, 10, 1, 0, 0, 0, 0, 0, 0, 0, 0, 0, 0, 0, 0, 0, 0, 0, 0, 0, 0, 0, 0, 0, 0, 0, 0, 0, 0, 0, 0, 0, 0, 0, 0, 0, 0, 0, 0, 0, 0, 0, 0, 0, 0, 0, 0, 0, 0, 0, 0, 0, 0]
[181, 10, 0, 0, 0, 0, 0, 0, 0, 0, 10, 0, 10, 0, 0, 0, 0, 0, 0, 0, 0, 0, 0, 0, 0, 0, 0, 0, 0, 0, 0, 0, 0, 0, 0, 0, 0, 0, 0, 0, 0, 0, 0, 0, 0, 0, 0, 3, 0, 10, 1, 0, 0, 0, 0, 0, 0, 0, 0, 0, 0, 0, 0, 0, 0, 0, 0, 0, 0, 0, 0, 0, 0, 0, 0, 0, 0, 0, 0, 0, 0, 0, 0, 0, 0, 0, 0, 0, 0, 0, 0, 0, 0, 0, 0, 0, 0, 0, 0, 0, 0]
[242, 10, 0, 0, 0, 1, 0, 0, 0, 0, 10, 0, 10, 0, 0, 0, 0, 0, 0, 0, 0, 0, 0, 0, 0, 0, 0, 0, 0, 0, 0, 0, 0, 0, 0, 0, 0, 0, 0, 0, 0, 0, 0, 0, 0, 0, 0, 3, 0, 10, 1, 0, 0, 0, 0, 0, 0, 0, 0, 0, 0, 0, 0, 0, 0, 0, 0, 0, 0, 0, 0, 0, 0, 0, 0, 0, 0, 0, 0, 0, 0, 0, 0, 0, 0, 0, 0, 0, 0, 0, 0, 0, 0, 0, 0, 0, 0, 0, 0, 0, 0]
[253, 10, 0, 0, 0, 1, 0, 0, 0, 0, 10, 0, 10, 0, 0, 0, 0, 0, 0, 0, 0, 0, 0, 0, 0, 1, 0, 0, 0, 0, 0, 0, 0, 0, 0, 0, 0, 0, 0, 0, 0, 0, 0, 0, 0, 0, 0, 3, 0, 10, 1, 0, 0, 0, 0, 0, 0, 0, 0, 0, 0, 0, 0, 0, 0, 0, 0, 0, 0, 0, 0, 0, 0, 0, 0, 0, 0, 0, 0, 0, 0, 0, 0, 0, 0, 0, 0, 0, 0, 0, 0, 0, 0, 0, 0, 0, 0, 0, 0, 0, 0]
[274, 10, 0, 0, 0, 2, 0, 0, 0, 0, 10, 0, 10, 0, 0, 0, 0, 0, 0, 0, 0, 0, 0, 0, 0, 1, 0, 0, 0, 0, 0, 0, 0, 0, 0, 0, 0, 0, 0, 0, 0, 0, 0, 0, 0, 0, 0, 3, 0, 10, 1, 0, 0, 0, 0, 0, 0, 0, 0, 0, 0, 0, 0, 0, 0, 0, 0, 0, 0, 0, 0, 0, 0, 0, 0, 0, 0, 0, 0, 0, 0, 0, 0, 0, 0, 0, 0, 0, 0, 0, 0, 0, 0, 0, 0, 0, 0, 0, 0, 0, 0]
[284, 10, 0, 0, 0, 2, 0, 0, 0, 0, 10, 0, 10, 0, 0, 0, 0, 0, 0, 0, 0, 0, 0, 0, 0, 2, 0, 0, 0, 0, 0, 0, 0, 0, 0, 0, 0, 0, 0, 0, 0, 0, 0, 0, 0, 0, 0, 3, 0, 10, 1, 0, 0, 0, 0, 0, 0, 0, 0, 0, 0, 0, 0, 0, 0, 0, 0, 0, 0, 0, 0, 0, 0, 0, 0, 0, 0, 0, 0, 0, 0, 0, 0, 0, 0, 0, 0, 0, 0, 0, 0, 0, 0, 0, 0, 0, 0, 0, 0, 0, 0]
[325, 10, 0, 0, 0, 2, 0, 0, 0, 0, 10, 0, 10, 0, 0, 0, 0, 0, 0, 0, 0, 0, 0, 0, 0, 3, 0, 0, 0, 0, 0, 0, 0, 0, 0, 0, 0, 0, 0, 0, 0, 0, 0, 0, 0, 0, 0, 3, 0, 10, 1, 0, 0, 0, 0, 0, 0, 0, 0, 0, 0, 0, 0, 0, 0, 0, 0, 0, 0, 0, 0, 0, 0, 0, 0, 0, 0, 0, 0, 0, 0, 0, 0, 0, 0, 0, 0, 0, 0, 0, 0, 0, 0, 0, 0, 0, 0, 0, 0, 0, 0]
[334, 10, 0, 0, 1, 2, 0, 0, 0, 0, 10, 0, 10, 0, 0, 0, 0, 0, 0, 0, 0, 0, 0, 0, 0, 3, 0, 0, 0, 0, 0, 0, 0, 0, 0, 0, 0, 0, 0, 0, 0, 0, 0, 0, 0, 0, 0, 3, 0, 10, 1, 0, 0, 0, 0, 0, 0, 0, 0, 0, 0, 0, 0, 0, 0, 0, 0, 0, 0, 0, 0, 0, 0, 0, 0, 0, 0, 0, 0, 0, 0, 0, 0, 0, 0, 0, 0, 0, 0, 0, 0, 0, 0, 0, 0, 0, 0, 0, 0, 0, 0]
[336, 10, 0, 0, 1, 2, 0, 0, 0, 0, 10, 0, 10, 0, 0, 0, 0, 0, 0, 0, 0, 0, 0, 0, 0, 4, 0, 0, 0, 0, 0, 0, 0, 0, 0, 0, 0, 0, 0, 0, 0, 0, 0, 0, 0, 0, 0, 3, 0, 10, 1, 0, 0, 0, 0, 0, 0, 0, 0, 0, 0, 0, 0, 0, 0, 0, 0, 0, 0, 0, 0, 0, 0, 0, 0, 0, 0, 0, 0, 0, 0, 0, 0, 0, 0, 0, 0, 0, 0, 0, 0, 0, 0, 0, 0, 0, 0, 0, 0, 0, 0]
[337, 10, 0, 0, 1, 2, 0, 0, 0, 0, 10, 0, 10, 0, 0, 0, 0, 0, 0, 0, 0, 0, 0, 0, 0, 5, 0, 0, 0, 0, 0, 0, 0, 0, 0, 0, 0, 0, 0, 0, 0, 0, 0, 0, 0, 0, 0, 3, 0, 10, 1, 0, 0, 0, 0, 0, 0, 0, 0, 0, 0, 0, 0, 0, 0, 0, 0, 0, 0, 0, 0, 0, 0, 0, 0, 0, 0, 0, 0, 0, 0, 0, 0, 0, 0, 0, 0, 0, 0, 0, 0, 0, 0, 0, 0, 0, 0, 0, 0, 0, 0]
[338, 10, 0, 0, 1, 2, 0, 0, 0, 0, 10, 0, 10, 0, 0, 0, 0, 0, 0, 0, 0, 0, 0, 0, 0, 6, 0, 0, 0, 0, 0, 0, 0, 0, 0, 0, 0, 0, 0, 0, 0, 0, 0, 0, 0, 0, 0, 3, 0, 10, 1, 0, 0, 0, 0, 0, 0, 0, 0, 0, 0, 0, 0, 0, 0, 0, 0, 0, 0, 0, 0, 0, 0, 0, 0, 0, 0, 0, 0, 0, 0, 0, 0, 0, 0, 0, 0, 0, 0, 0, 0, 0, 0, 0, 0, 0, 0, 0, 0, 0, 0]
[343, 10, 0, 0, 1, 2, 0, 0, 0, 1, 10, 0, 10, 0, 0, 1, 0, 0, 0, 0, 0, 0, 0, 0, 0, 6, 0, 0, 0, 0, 0, 0, 1, 0, 0, 0, 0, 0, 0, 0, 0, 0, 0, 0, 0, 0, 0, 3, 0, 10, 1, 0, 0, 0, 0, 0, 0, 0, 0, 0, 0, 0, 0, 0, 0, 0, 0, 0, 0, 0, 0, 0, 0, 0, 0, 0, 0, 0, 0, 0, 0, 0, 0, 0, 0, 0, 0, 0, 0, 0, 0, 0, 0, 0, 0, 0, 0, 0, 0, 0, 0]
[349, 10, 0, 0, 1, 2, 0, 0, 0, 1, 10, 0, 10, 0, 0, 1, 0, 0, 0, 0, 0, 0, 0, 0, 0, 7, 0, 0, 0, 0, 0, 0, 1, 0, 0, 0, 0, 0, 0, 0, 0, 0, 0, 0, 0, 0, 0, 3, 0, 10, 1, 0, 0, 0, 0, 0, 0, 0, 0, 0, 0, 0, 0, 0, 0, 0, 0, 0, 0, 0, 0, 0, 0, 0, 0, 0, 0, 0, 0, 0, 0, 0, 0, 0, 0, 0, 0, 0, 0, 0, 0, 0, 0, 0, 0, 0, 0, 0, 0, 0, 0]
[350, 10, 0, 0, 1, 2, 0, 0, 0, 1, 10, 0, 10, 0, 0, 1, 0, 0, 0, 0, 0, 0, 0, 0, 0, 8, 0, 0, 0, 0, 0, 0, 1, 0, 0, 0, 0, 0, 0, 0, 0, 0, 0, 0, 0, 0, 0, 3, 0, 10, 1, 0, 0, 0, 0, 0, 0, 0, 0, 0, 0, 0, 0, 0, 0, 0, 0, 0, 0, 0, 0, 0, 0, 0, 0, 0, 0, 0, 0, 0, 0, 0, 0, 0, 0, 0, 0, 0, 0, 0, 0, 0, 0, 0, 0, 0, 0, 0, 0, 0, 0]
[352, 10, 0, 0, 1, 2, 0, 0, 0, 1, 10, 0, 10, 0, 0, 1, 0, 0, 0, 0, 0, 0, 0, 0, 0, 9, 0, 0, 0, 0, 0, 0, 1, 0, 0, 0, 0, 0, 0, 0, 0, 0, 0, 0, 0, 0, 0, 3, 0, 10, 1, 0, 0, 0, 0, 0, 0, 0, 0, 0, 0, 0, 0, 0, 0, 0, 0, 0, 0, 0, 0, 0, 0, 0, 0, 0, 0, 0, 0, 0, 0, 0, 0, 0, 0, 0, 0, 0, 0, 0, 0, 0, 0, 0, 0, 0, 0, 0, 0, 0, 0]
[353, 10, 0, 0, 1, 2, 0, 0, 0, 1, 10, 0, 10, 0, 0, 1, 0, 0, 0, 0, 0, 0, 0, 0, 0, 10, 0, 0, 0, 0, 0, 0, 1, 0, 0, 0, 0, 0, 0, 0, 0, 0, 0, 0, 0, 0, 0, 3, 0, 10, 1, 0, 0, 0, 0, 0, 0, 0, 0, 0, 0, 0, 0, 0, 0, 0, 0, 0, 0, 0, 0, 0, 0, 0, 0, 0, 0, 0, 0, 0, 0, 0, 0, 0, 0, 0, 0, 0, 0, 0, 0, 0, 0, 0, 0, 0, 0, 0, 0, 0, 0]
[354, 10, 0, 0, 2, 2, 0, 0, 0, 1, 10, 0, 10, 0, 0, 1, 0, 0, 0, 0, 0, 0, 0, 0, 0, 10, 0, 0, 0, 0, 0, 0, 1, 0, 0, 0, 0, 0, 0, 0, 0, 0, 0, 0, 0, 0, 0, 3, 0, 10, 1, 0, 0, 0, 0, 0, 0, 0, 0, 0, 0, 0, 0, 0, 0, 0, 0, 0, 0, 0, 0, 0, 0, 0, 0, 0, 0, 0, 0, 0, 0, 0, 0, 0, 0, 0, 0, 0, 0, 0, 0, 0, 0, 0, 0, 0, 0, 0, 0, 0, 0]
[376, 10, 0, 0, 3, 2, 0, 0, 0, 1, 10, 0, 10, 0, 0, 1, 0, 0, 0, 0, 0, 0, 0, 0, 0, 10, 0, 0, 0, 0, 0, 0, 1, 0, 0, 0, 0, 0, 0, 0, 0, 0, 0, 0, 0, 0, 0, 3, 0, 10, 1, 0, 0, 0, 0, 0, 0, 0, 0, 0, 0, 0, 0, 0, 0, 0, 0, 0, 0, 0, 0, 0, 0, 0, 0, 0, 0, 0, 0, 0, 0, 0, 0, 0, 0, 0, 0, 0, 0, 0, 0, 0, 0, 0, 0, 0, 0, 0, 0, 0, 0]
[377, 10, 0, 0, 4, 2, 0, 0, 0, 1, 10, 0, 10, 0, 0, 1, 0, 0, 0, 0, 0, 0, 0, 0, 0, 10, 0, 0, 0, 0, 0, 0, 1, 0, 0, 0, 0, 0, 0, 0, 0, 0, 0, 0, 0, 0, 0, 3, 0, 10, 1, 0, 0, 0, 0, 0, 0, 0, 0, 0, 0, 0, 0, 0, 0, 0, 0, 0, 0, 0, 0, 0, 0, 0, 0, 0, 0, 0, 0, 0, 0, 0, 0, 0, 0, 0, 0, 0, 0, 0, 0, 0, 0, 0, 0, 0, 0, 0, 0, 0, 0]
[414, 10, 0, 0, 4, 2, 0, 0, 0, 2, 10, 0, 10, 0, 0, 1, 0, 0, 0, 0, 0, 0, 0, 0, 0, 10, 0, 0, 0, 0, 0, 0, 1, 0, 0, 0, 0, 0, 0, 0, 0, 0, 0, 0, 0, 0, 0, 3, 0, 10, 1, 0, 0, 0, 0, 0, 0, 0, 0, 0, 0, 0, 0, 0, 0, 0, 0, 0, 0, 0, 0, 0, 0, 0, 0, 0, 0, 0, 0, 0, 0, 0, 0, 0, 0, 0, 0, 0, 0, 0, 0, 0, 0, 0, 0, 0, 0, 0, 0, 0, 0]
[436, 10, 0, 0, 4, 2, 0, 0, 0, 2, 10, 0, 10, 0, 0, 1, 0, 0, 0, 0, 0, 0, 0, 0, 0, 10, 0, 0, 1, 0, 0, 0, 1, 0, 0, 0, 0, 0, 0, 0, 0, 0, 0, 0, 0, 0, 0, 3, 0, 10, 1, 0, 0, 0, 0, 0, 0, 0, 0, 0, 0, 0, 0, 0, 0, 0, 0, 0, 0, 0, 0, 0, 0, 0, 0, 0, 0, 0, 0, 0, 0, 0, 0, 0, 0, 0, 0, 0, 0, 0, 0, 0, 0, 0, 0, 0, 0, 0, 0, 0, 0]
[448, 10, 0, 0, 4, 2, 0, 0, 0, 3, 10, 0, 10, 0, 0, 1, 0, 0, 0, 0, 0, 0, 0, 0, 0, 10, 0, 0, 1, 0, 0, 0, 1, 0, 0, 0, 0, 0, 0, 0, 0, 0, 0, 0, 0, 0, 0, 3, 0, 10, 1, 0, 0, 0, 0, 0, 0, 0, 0, 0, 0, 0, 0, 0, 0, 0, 0, 0, 0, 0, 0, 0, 0, 0, 0, 0, 0, 0, 0, 0, 0, 0, 0, 0, 0, 0, 0, 0, 0, 0, 0, 0, 0, 0, 0, 0, 0, 0, 0, 0, 0]
[465, 10, 0, 0, 4, 2, 0, 0, 0, 3, 10, 0, 10, 0, 0, 1, 0, 0, 0, 0, 0, 0, 0, 0, 0, 10, 0, 0, 2, 0, 0, 0, 1, 0, 0, 0, 0, 0, 0, 0, 0, 0, 0, 0, 0, 0, 0, 3, 0, 10, 1, 0, 0, 0, 0, 0, 0, 0, 0, 0, 0, 0, 0, 0, 0, 0, 0, 0, 0, 0, 0, 0, 0, 0, 0, 0, 0, 0, 0, 0, 0, 0, 0, 0, 0, 0, 0, 0, 0, 0, 0, 0, 0, 0, 0, 0, 0, 0, 0, 0, 0]
[491, 10, 0, 0, 4, 2, 0, 0, 0, 3, 10, 0, 10, 0, 0, 1, 0, 0, 0, 0, 0, 0, 0, 0, 0, 10, 0, 0, 2, 0, 0, 0, 1, 1, 0, 0, 0, 0, 0, 0, 0, 0, 0, 0, 0, 0, 0, 3, 0, 10, 1, 0, 0, 0, 0, 0, 0, 0, 0, 0, 0, 0, 0, 0, 0, 0, 0, 0, 0, 0, 0, 0, 0, 0, 0, 0, 0, 0, 0, 0, 0, 0, 0, 0, 0, 0, 0, 0, 0, 0, 0, 0, 0, 0, 0, 0, 0, 0, 0, 0, 0]
[510, 10, 0, 0, 4, 2, 0, 0, 0, 3, 10, 0, 10, 0, 0, 1, 0, 0, 0, 0, 0, 0, 0, 0, 0, 10, 0, 0, 2, 0, 0, 0, 1, 2, 0, 0, 0, 0, 0, 0, 0, 0, 0, 0, 0, 0, 0, 3, 0, 10, 1, 0, 0, 0, 0, 0, 0, 0, 0, 0, 0, 0, 0, 0, 0, 0, 0, 0, 0, 0, 0, 0, 0, 0, 0, 0, 0, 0, 0, 0, 0, 0, 0, 0, 0, 0, 0, 0, 0, 0, 0, 0, 0, 0, 0, 0, 0, 0, 0, 0, 0]
[527, 10, 0, 0, 4, 2, 0, 0, 0, 3, 10, 0, 10, 0, 0, 1, 0, 0, 0, 0, 0, 0, 0, 0, 0, 10, 0, 0, 4, 0, 0, 0, 1, 2, 0, 0, 0, 0, 0, 0, 0, 0, 0, 0, 0, 0, 0, 3, 0, 10, 1, 0, 0, 0, 0, 0, 0, 0, 0, 0, 0, 0, 0, 0, 0, 0, 0, 0, 0, 0, 0, 0, 0, 0, 0, 0, 0, 0, 0, 0, 0, 0, 0, 0, 0, 0, 0, 0, 0, 0, 0, 0, 0, 0, 0, 0, 0, 0, 0, 0, 0]
[531, 10, 0, 0, 4, 2, 0, 0, 0, 3, 10, 0, 10, 0, 0, 1, 0, 0, 0, 0, 0, 0, 0, 0, 0, 10, 0, 0, 4, 0, 0, 0, 1, 3, 0, 0, 0, 0, 0, 0, 0, 0, 0, 0, 0, 0, 0, 3, 0, 10, 1, 0, 0, 0, 0, 0, 0, 0, 0, 0, 0, 0, 0, 0, 0, 0, 0, 0, 0, 0, 0, 0, 0, 0, 0, 0, 0, 0, 0, 0, 0, 0, 0, 0, 0, 0, 0, 0, 0, 0, 0, 0, 0, 0, 0, 0, 0, 0, 0, 0, 0]
[545, 10, 0, 0, 4, 2, 0, 0, 0, 3, 10, 0, 10, 0, 0, 1, 0, 0, 0, 0, 0, 0, 0, 0, 0, 10, 0, 0, 4, 0, 0, 0, 1, 3, 0, 0, 0, 0, 0, 0, 0, 0, 0, 0, 0, 0, 1, 3, 0, 10, 1, 0, 0, 0, 0, 0, 0, 0, 0, 0, 0, 0, 0, 0, 0, 0, 0, 0, 0, 0, 0, 0, 0, 0, 0, 0, 0, 0, 0, 0, 0, 0, 0, 0, 0, 0, 0, 0, 0, 0, 0, 0, 0, 0, 0, 0, 0, 0, 0, 0, 0]
[579, 10, 0, 0, 4, 2, 0, 0, 0, 3, 10, 0, 10, 0, 0, 1, 0, 0, 0, 0, 0, 0, 0, 0, 0, 10, 0, 0, 5, 0, 0, 0, 1, 3, 0, 0, 0, 0, 0, 0, 0, 0, 0, 0, 0, 0, 1, 3, 0, 10, 1, 0, 0, 0, 0, 0, 0, 0, 0, 0, 0, 0, 0, 0, 0, 0, 0, 0, 0, 0, 0, 0, 0, 0, 0, 0, 0, 0, 0, 0, 0, 0, 0, 0, 0, 0, 0, 0, 0, 0, 0, 0, 0, 0, 0, 0, 0, 0, 0, 0, 0]
[601, 10, 0, 0, 4, 2, 0, 0, 0, 3, 10, 0, 10, 0, 0, 1, 0, 0, 0, 0, 0, 0, 0, 0, 0, 10, 0, 0, 6, 0, 0, 0, 1, 3, 0, 0, 0, 0, 0, 0, 0, 0, 0, 0, 0, 0, 1, 3, 0, 10, 1, 0, 0, 0, 0, 0, 0, 0, 0, 0, 0, 0, 0, 0, 0, 0, 0, 0, 0, 0, 0, 0, 0, 0, 0, 0, 0, 0, 0, 0, 0, 0, 0, 0, 0, 0, 0, 0, 0, 0, 0, 0, 0, 0, 0, 0, 0, 0, 0, 0, 0]
[611, 10, 0, 0, 4, 2, 0, 0, 0, 3, 10, 0, 10, 0, 0, 1, 0, 0, 0, 0, 0, 0, 0, 0, 0, 10, 0, 0, 7, 0, 0, 0, 1, 3, 0, 0, 0, 0, 0, 0, 0, 0, 0, 0, 0, 0, 1, 3, 0, 10, 1, 0, 0, 0, 0, 0, 0, 0, 0, 0, 0, 0, 0, 0, 0, 0, 0, 0, 0, 0, 0, 0, 0, 0, 0, 0, 0, 0, 0, 0, 0, 0, 0, 0, 0, 0, 0, 0, 0, 0, 0, 0, 0, 0, 0, 0, 0, 0, 0, 0, 0]
[613, 10, 0, 0, 4, 2, 0, 0, 0, 3, 10, 0, 10, 0, 0, 1, 0, 0, 0, 0, 0, 0, 0, 0, 0, 10, 0, 0, 8, 0, 0, 0, 1, 3, 0, 0, 0, 0, 0, 0, 0, 0, 0, 0, 0, 0, 1, 3, 0, 10, 1, 0, 0, 0, 0, 0, 0, 0, 0, 0, 0, 0, 0, 0, 0, 0, 0, 0, 0, 0, 0, 0, 0, 0, 0, 0, 0, 0, 0, 0, 0, 0, 0, 0, 0, 0, 0, 0, 0, 0, 0, 0, 0, 0, 0, 0, 0, 0, 0, 0, 0]
[614, 10, 0, 0, 4, 2, 0, 0, 0, 3, 10, 0, 10, 0, 0, 1, 1, 0, 0, 0, 0, 0, 0, 0, 0, 10, 0, 0, 8, 0, 0, 0, 1, 3, 0, 0, 0, 0, 0, 0, 0, 0, 0, 0, 0, 0, 1, 3, 0, 10, 1, 0, 0, 0, 0, 0, 0, 0, 0, 0, 0, 0, 0, 0, 0, 0, 0, 0, 0, 0, 0, 0, 0, 0, 0, 0, 0, 0, 0, 0, 0, 0, 0, 0, 0, 0, 0, 0, 0, 0, 0, 0, 0, 0, 0, 0, 0, 0, 0, 0, 0]
[615, 10, 1, 1, 4, 2, 0, 0, 0, 3, 10, 0, 10, 0, 0, 1, 1, 0, 0, 0, 0, 0, 0, 0, 1, 10, 0, 0, 8, 0, 0, 0, 1, 3, 0, 0, 0, 0, 0, 0, 0, 0, 0, 0, 0, 0, 1, 3, 0, 10, 1, 0, 0, 0, 0, 0, 0, 0, 0, 0, 0, 0, 0, 0, 0, 0, 0, 0, 0, 0, 0, 0, 0, 0, 0, 0, 0, 0, 0, 0, 0, 0, 0, 0, 0, 0, 0, 0, 0, 0, 0, 0, 0, 0, 0, 0, 0, 0, 0, 0, 0]
[621, 10, 1, 1, 4, 2, 0, 0, 0, 3, 10, 0, 10, 0, 0, 1, 1, 0, 0, 0, 0, 0, 0, 0, 1, 10, 0, 0, 8, 0, 1, 0, 1, 3, 0, 0, 0, 0, 0, 0, 0, 0, 0, 0, 0, 0, 1, 3, 0, 10, 1, 0, 0, 0, 0, 0, 0, 0, 0, 0, 0, 0, 0, 0, 0, 0, 0, 0, 0, 0, 0, 0, 0, 0, 0, 0, 0, 0, 0, 0, 0, 0, 0, 0, 0, 0, 0, 0, 0, 0, 0, 0, 0, 0, 0, 0, 0, 0, 0, 0, 0]
[623, 10, 1, 1, 4, 2, 0, 0, 0, 3, 10, 0, 10, 0, 0, 1, 1, 0, 0, 0, 0, 0, 0, 0, 1, 10, 0, 0, 9, 0, 1, 0, 1, 3, 0, 0, 0, 0, 0, 0, 0, 0, 0, 0, 0, 0, 1, 3, 0, 10, 1, 0, 0, 0, 0, 0, 0, 0, 0, 0, 0, 0, 0, 0, 0, 0, 0, 0, 0, 0, 0, 0, 0, 0, 0, 0, 0, 0, 0, 0, 0, 0, 0, 0, 0, 0, 0, 0, 0, 0, 0, 0, 0, 0, 0, 0, 0, 0, 0, 0, 0]
[625, 10, 1, 1, 4, 2, 0, 0, 0, 3, 10, 0, 10, 0, 0, 1, 1, 0, 0, 0, 0, 0, 0, 0, 1, 10, 0, 0, 10, 0, 1, 0, 1, 3, 0, 0, 0, 0, 0, 0, 0, 0, 0, 0, 0, 0, 1, 3, 0, 10, 1, 0, 0, 0, 0, 0, 0, 0, 0, 0, 0, 0, 0, 0, 0, 0, 0, 0, 0, 0, 0, 0, 0, 0, 0, 0, 0, 0, 0, 0, 0, 0, 0, 0, 0, 0, 0, 0, 0, 0, 0, 0, 0, 0, 0, 0, 0, 0, 0, 0, 0]
[638, 10, 1, 1, 4, 2, 0, 0, 0, 3, 10, 0, 10, 0, 0, 1, 2, 0, 0, 0, 0, 0, 0, 0, 1, 10, 0, 0, 10, 0, 1, 0, 1, 3, 0, 0, 0, 0, 0, 0, 0, 0, 0, 0, 0, 0, 1, 3, 0, 10, 1, 0, 0, 0, 0, 0, 0, 0, 0, 0, 0, 0, 0, 0, 0, 0, 0, 0, 0, 0, 0, 0, 0, 0, 0, 0, 0, 0, 0, 0, 0, 0, 0, 0, 0, 0, 0, 0, 0, 0, 0, 0, 0, 0, 0, 0, 0, 0, 0, 0, 0]
[669, 10, 1, 1, 4, 2, 0, 0, 0, 3, 10, 0, 10, 0, 0, 1, 2, 0, 0, 0, 0, 0, 0, 0, 1, 10, 0, 0, 10, 0, 1, 0, 1, 4, 0, 0, 0, 0, 0, 0, 0, 0, 0, 0, 0, 0, 1, 3, 0, 10, 1, 0, 0, 0, 0, 0, 0, 0, 0, 0, 0, 0, 0, 0, 0, 0, 0, 0, 0, 0, 0, 0, 0, 0, 0, 0, 0, 0, 0, 0, 0, 0, 0, 0, 0, 0, 0, 0, 0, 0, 0, 0, 0, 0, 0, 0, 0, 0, 0, 0, 0]
[676, 10, 1, 1, 4, 2, 0, 0, 0, 3, 10, 0, 10, 0, 0, 2, 2, 0, 0, 0, 0, 0, 0, 0, 1, 10, 0, 0, 10, 0, 1, 0, 1, 4, 0, 0, 0, 0, 0, 0, 0, 0, 0, 0, 0, 0, 1, 3, 0, 10, 1, 0, 0, 0, 0, 0, 0, 0, 0, 0, 0, 0, 0, 0, 0, 0, 0, 0, 0, 0, 0, 0, 0, 0, 0, 0, 0, 0, 0, 0, 0, 0, 0, 0, 0, 0, 0, 0, 0, 0, 0, 0, 0, 0, 0, 0, 0, 0, 0, 0, 0]
[716, 10, 1, 1, 4, 2, 0, 0, 0, 3, 10, 0, 10, 0, 0, 2, 2, 0, 0, 0, 0, 0, 0, 0, 1, 10, 0, 0, 10, 0, 1, 0, 1, 4, 0, 0, 0, 0, 0, 0, 0, 0, 0, 0, 0, 0, 1, 3, 0, 10, 1, 0, 0, 0, 0, 0, 0, 0, 0, 0, 0, 0, 1, 0, 0, 0, 1, 0, 0, 0, 0, 0, 0, 0, 0, 0, 0, 0, 0, 0, 0, 0, 0, 0, 0, 0, 0, 0, 0, 0, 0, 0, 0, 0, 0, 0, 0, 0, 0, 0, 0]
[724, 10, 1, 1, 4, 2, 0, 0, 0, 4, 10, 0, 10, 0, 0, 2, 2, 0, 0, 0, 0, 0, 0, 0, 1, 10, 0, 0, 10, 0, 1, 0, 1, 4, 0, 0, 0, 0, 0, 0, 0, 0, 0, 0, 0, 0, 1, 3, 0, 10, 1, 0, 0, 0, 0, 0, 0, 0, 0, 0, 0, 0, 1, 0, 0, 0, 1, 0, 0, 0, 0, 0, 0, 0, 0, 0, 0, 0, 0, 0, 0, 0, 0, 0, 0, 0, 0, 0, 0, 0, 0, 0, 0, 0, 0, 0, 0, 0, 0, 0, 0]
[732, 10, 1, 1, 4, 2, 0, 1, 0, 4, 10, 0, 10, 0, 0, 2, 2, 0, 0, 0, 0, 0, 0, 0, 1, 10, 0, 0, 10, 0, 1, 0, 1, 4, 0, 0, 0, 0, 0, 0, 0, 0, 0, 0, 0, 0, 1, 3, 0, 10, 1, 0, 0, 0, 0, 0, 0, 0, 0, 0, 0, 0, 1, 0, 0, 0, 1, 0, 0, 0, 0, 0, 0, 0, 0, 0, 0, 0, 0, 0, 0, 0, 0, 0, 0, 0, 0, 0, 0, 0, 0, 0, 0, 0, 0, 0, 0, 0, 0, 0, 0]
[746, 10, 1, 1, 4, 2, 0, 1, 0, 4, 10, 0, 10, 0, 0, 2, 2, 0, 0, 0, 0, 0, 0, 0, 1, 10, 0, 0, 10, 0, 1, 0, 1, 4, 0, 0, 0, 0, 0, 0, 0, 0, 0, 0, 0, 0, 1, 3, 0, 10, 1, 0, 0, 0, 0, 0, 0, 0, 0, 0, 0, 0, 1, 0, 0, 0, 1, 0, 0, 0, 0, 0, 0, 0, 0, 0, 0, 0, 0, 0, 0, 0, 1, 0, 0, 0, 0, 0, 0, 0, 0, 0, 0, 0, 0, 0, 1, 0, 0, 0, 0]
[757, 10, 1, 1, 4, 2, 0, 1, 0, 4, 10, 0, 10, 0, 0, 2, 2, 0, 0, 0, 0, 0, 0, 0, 1, 10, 0, 0, 10, 0, 1, 0, 2, 4, 0, 0, 0, 0, 0, 0, 0, 0, 0, 0, 0, 0, 1, 3, 0, 10, 1, 0, 0, 0, 0, 0, 0, 0, 0, 0, 0, 0, 1, 0, 0, 0, 1, 0, 0, 0, 0, 0, 0, 0, 0, 0, 0, 0, 0, 0, 0, 0, 1, 0, 0, 0, 0, 0, 0, 0, 0, 0, 0, 0, 0, 0, 1, 0, 0, 0, 0]
[766, 10, 1, 1, 4, 2, 0, 1, 0, 4, 10, 0, 10, 0, 0, 2, 2, 0, 0, 0, 0, 0, 0, 0, 1, 10, 1, 0, 10, 0, 1, 0, 2, 4, 0, 0, 0, 0, 0, 0, 0, 0, 0, 0, 0, 0, 1, 3, 0, 10, 1, 0, 0, 0, 0, 0, 0, 0, 0, 0, 0, 0, 1, 0, 0, 0, 1, 0, 0, 0, 0, 0, 0, 0, 0, 0, 0, 0, 0, 0, 0, 0, 1, 0, 0, 0, 0, 0, 0, 0, 0, 0, 0, 0, 0, 0, 1, 0, 0, 0, 0]
[770, 10, 1, 1, 4, 2, 0, 1, 0, 4, 10, 0, 10, 0, 0, 2, 2, 0, 0, 0, 0, 0, 0, 0, 1, 10, 1, 0, 10, 0, 1, 0, 2, 4, 0, 1, 0, 0, 0, 0, 0, 0, 0, 0, 0, 0, 1, 3, 0, 10, 1, 0, 0, 0, 0, 0, 0, 0, 0, 0, 0, 0, 1, 0, 0, 0, 1, 0, 0, 0, 0, 0, 0, 0, 0, 0, 0, 0, 0, 0, 0, 0, 1, 0, 1, 0, 0, 0, 0, 0, 0, 0, 0, 0, 0, 0, 1, 0, 0, 0, 0]
[777, 10, 1, 1, 4, 2, 0, 1, 0, 4, 10, 0, 10, 0, 0, 2, 2, 0, 0, 0, 0, 0, 0, 0, 1, 10, 1, 0, 10, 0, 1, 0, 2, 4, 0, 1, 0, 0, 0, 1, 0, 0, 0, 0, 0, 0, 1, 3, 0, 10, 1, 0, 0, 0, 0, 0, 0, 0, 0, 0, 0, 0, 1, 0, 0, 0, 1, 0, 0, 0, 0, 0, 0, 0, 0, 0, 0, 0, 0, 0, 0, 0, 1, 0, 1, 0, 0, 0, 0, 0, 0, 0, 0, 0, 0, 0, 1, 0, 0, 0, 0]
[778, 10, 1, 1, 4, 2, 0, 1, 0, 4, 10, 0, 10, 0, 0, 2, 2, 0, 0, 0, 0, 0, 0, 0, 1, 10, 1, 0, 10, 0, 1, 0, 3, 4, 0, 1, 0, 0, 0, 1, 0, 0, 0, 0, 0, 0, 1, 3, 0, 10, 1, 0, 0, 0, 0, 0, 0, 0, 0, 0, 0, 0, 1, 0, 0, 0, 1, 0, 0, 0, 0, 0, 0, 0, 0, 0, 0, 0, 0, 0, 0, 0, 1, 0, 1, 0, 0, 0, 0, 0, 0, 0, 0, 0, 0, 0, 1, 0, 0, 0, 0]
[783, 10, 1, 1, 4, 2, 0, 1, 0, 4, 10, 0, 10, 0, 0, 2, 2, 0, 0, 0, 0, 0, 0, 0, 1, 10, 1, 0, 10, 0, 1, 0, 3, 4, 0, 1, 0, 0, 0, 1, 0, 0, 0, 0, 0, 0, 1, 3, 0, 10, 1, 0, 0, 0, 0, 0, 0, 0, 0, 0, 0, 0, 1, 0, 0, 0, 1, 0, 0, 0, 0, 0, 0, 0, 0, 0, 0, 0, 0, 0, 0, 0, 2, 0, 1, 0, 0, 0, 0, 0, 0, 0, 0, 0, 0, 0, 2, 0, 0, 0, 0]
[794, 10, 1, 1, 4, 2, 0, 1, 0, 4, 10, 0, 10, 0, 0, 2, 2, 0, 0, 0, 0, 0, 0, 0, 1, 10, 1, 0, 10, 0, 1, 0, 3, 4, 0, 1, 0, 0, 0, 1, 0, 0, 0, 0, 0, 0, 1, 3, 0, 10, 1, 0, 0, 0, 0, 0, 0, 0, 0, 0, 0, 0, 1, 0, 0, 0, 1, 0, 0, 0, 0, 0, 0, 0, 0, 0, 0, 0, 0, 0, 0, 0, 2, 1, 1, 0, 0, 0, 0, 0, 0, 0, 0, 0, 0, 0, 2, 0, 0, 0, 0]
[840, 10, 1, 1, 4, 2, 0, 1, 0, 4, 10, 0, 10, 0, 0, 2, 2, 0, 0, 0, 0, 0, 0, 0, 1, 10, 1, 0, 10, 0, 1, 0, 3, 4, 0, 1, 0, 0, 0, 1, 0, 0, 0, 0, 0, 0, 1, 3, 0, 10, 1, 1, 0, 0, 0, 0, 0, 0, 0, 0, 1, 0, 1, 0, 0, 0, 1, 0, 0, 0, 0, 0, 0, 0, 0, 0, 0, 0, 0, 0, 0, 0, 2, 1, 1, 0, 0, 0, 0, 0, 0, 0, 0, 0, 0, 0, 2, 0, 1, 0, 0]
[841, 10, 1, 1, 4, 2, 0, 1, 0, 4, 10, 0, 10, 0, 0, 2, 2, 0, 0, 0, 0, 0, 0, 0, 1, 10, 1, 0, 10, 0, 1, 0, 3, 4, 0, 1, 0, 0, 0, 1, 0, 0, 0, 0, 0, 0, 1, 3, 0, 10, 1, 1, 0, 0, 0, 0, 0, 0, 0, 0, 1, 0, 1, 0, 0, 0, 1, 0, 0, 0, 0, 0, 0, 0, 0, 0, 0, 0, 0, 0, 0, 0, 2, 1, 1, 0, 0, 0, 0, 0, 0, 1, 0, 0, 1, 0, 2, 0, 1, 0, 0]
[847, 10, 1, 1, 4, 2, 0, 1, 0, 4, 10, 0, 10, 0, 0, 2, 2, 0, 0, 0, 0, 0, 0, 0, 1, 10, 1, 0, 10, 0, 1, 0, 3, 4, 1, 1, 0, 0, 0, 1, 0, 0, 0, 0, 0, 0, 1, 3, 0, 10, 1, 1, 0, 0, 0, 0, 0, 0, 0, 0, 2, 0, 1, 0, 0, 0, 1, 0, 0, 0, 0, 0, 0, 0, 0, 0, 0, 0, 0, 0, 0, 0, 2, 1, 1, 0, 0, 0, 0, 0, 0, 1, 0, 0, 1, 0, 2, 0, 1, 0, 0]
[854, 10, 1, 1, 4, 2, 0, 1, 0, 4, 10, 0, 10, 0, 0, 2, 2, 0, 0, 0, 0, 0, 0, 0, 1, 10, 1, 0, 10, 0, 1, 0, 3, 4, 1, 1, 0, 0, 0, 1, 0, 0, 0, 0, 0, 0, 1, 3, 0, 10, 1, 1, 0, 0, 0, 0, 0, 0, 0, 0, 2, 0, 1, 0, 0, 0, 1, 0, 0, 0, 0, 0, 1, 0, 0, 0, 0, 0, 0, 0, 0, 0, 2, 1, 1, 0, 0, 0, 0, 0, 0, 1, 0, 0, 1, 0, 2, 0, 1, 0, 0]
[860, 10, 1, 1, 4, 2, 0, 1, 0, 4, 10, 0, 10, 0, 0, 2, 2, 0, 0, 0, 0, 0, 0, 0, 1, 10, 1, 0, 10, 0, 1, 0, 3, 4, 1, 1, 0, 0, 0, 1, 0, 0, 0, 0, 0, 0, 1, 3, 0, 10, 1, 1, 0, 0, 0, 0, 0, 0, 0, 0, 3, 0, 1, 0, 0, 0, 1, 0, 0, 0, 0, 0, 1, 0, 0, 0, 0, 0, 0, 0, 0, 0, 2, 1, 1, 0, 0, 0, 0, 0, 0, 1, 0, 0, 1, 0, 2, 0, 1, 0, 0]
[872, 10, 1, 1, 4, 2, 0, 1, 0, 4, 10, 0, 10, 0, 0, 2, 2, 0, 0, 1, 0, 0, 0, 0, 1, 10, 1, 0, 10, 0, 1, 0, 3, 4, 1, 1, 0, 0, 1, 1, 0, 0, 0, 0, 0, 0, 1, 3, 0, 10, 1, 1, 0, 0, 0, 0, 0, 0, 0, 0, 3, 0, 1, 0, 0, 0, 1, 0, 0, 0, 0, 0, 1, 0, 0, 0, 0, 0, 0, 0, 0, 0, 2, 1, 1, 0, 0, 0, 0, 0, 0, 1, 0, 0, 1, 0, 2, 0, 1, 0, 0]
[888, 10, 1, 1, 4, 2, 0, 1, 0, 4, 10, 1, 10, 0, 0, 2, 2, 0, 0, 1, 0, 0, 0, 0, 1, 10, 1, 0, 10, 0, 1, 1, 3, 4, 1, 1, 0, 1, 1, 1, 0, 0, 0, 0, 0, 0, 1, 3, 0, 10, 1, 1, 0, 0, 0, 0, 0, 0, 0, 0, 3, 0, 1, 0, 0, 0, 1, 0, 0, 0, 0, 0, 1, 0, 0, 0, 0, 0, 0, 0, 0, 0, 2, 1, 1, 0, 0, 0, 0, 0, 0, 1, 0, 0, 1, 0, 2, 0, 1, 0, 0]
[895, 10, 1, 1, 4, 2, 0, 1, 0, 4, 10, 1, 10, 0, 0, 2, 2, 0, 0, 1, 0, 0, 0, 0, 1, 10, 1, 0, 10, 0, 1, 1, 3, 4, 1, 1, 0, 1, 1, 1, 0, 0, 0, 0, 0, 0, 1, 3, 0, 10, 1, 1, 0, 1, 0, 0, 0, 0, 0, 0, 3, 0, 1, 0, 0, 0, 1, 0, 0, 0, 0, 0, 1, 0, 0, 0, 0, 0, 0, 0, 0, 0, 2, 1, 1, 0, 0, 0, 1, 0, 0, 1, 1, 0, 1, 0, 2, 0, 1, 0, 0]
[918, 10, 1, 1, 4, 2, 0, 1, 0, 4, 10, 1, 10, 0, 0, 2, 2, 0, 0, 1, 0, 0, 0, 0, 1, 10, 1, 0, 10, 0, 1, 1, 3, 4, 1, 1, 0, 1, 1, 1, 0, 0, 0, 0, 0, 0, 1, 3, 0, 10, 1, 1, 0, 1, 0, 0, 0, 0, 0, 0, 3, 0, 1, 0, 0, 0, 1, 0, 0, 0, 0, 0, 1, 0, 0, 0, 0, 0, 1, 1, 0, 0, 2, 1, 1, 0, 0, 0, 1, 0, 0, 1, 1, 0, 1, 0, 2, 0, 1, 0, 0]
[932, 10, 1, 1, 4, 2, 0, 2, 0, 4, 10, 2, 10, 0, 0, 2, 2, 0, 0, 1, 0, 0, 0, 0, 1, 10, 1, 0, 10, 0, 1, 1, 3, 4, 1, 1, 0, 1, 1, 1, 0, 0, 0, 0, 0, 0, 1, 3, 0, 10, 1, 1, 0, 1, 0, 0, 0, 0, 0, 0, 3, 0, 1, 0, 0, 0, 1, 0, 0, 0, 0, 0, 1, 0, 0, 0, 0, 0, 2, 2, 0, 0, 2, 1, 1, 0, 0, 0, 1, 0, 0, 1, 1, 0, 1, 0, 2, 0, 1, 0, 0]
[935, 10, 1, 1, 4, 2, 0, 2, 0, 4, 10, 2, 10, 0, 0, 2, 2, 0, 0, 1, 0, 0, 0, 0, 1, 10, 1, 0, 10, 0, 1, 1, 3, 4, 1, 1, 0, 1, 1, 1, 0, 0, 0, 0, 0, 0, 1, 3, 1, 10, 1, 1, 0, 1, 0, 0, 0, 0, 0, 0, 3, 0, 1, 0, 0, 0, 1, 0, 0, 0, 0, 0, 1, 1, 0, 0, 0, 0, 2, 2, 0, 0, 2, 1, 1, 0, 0, 0, 1, 0, 0, 1, 1, 0, 1, 0, 2, 0, 1, 0, 0]
[941, 10, 1, 1, 4, 2, 0, 2, 0, 4, 10, 2, 10, 0, 0, 2, 2, 0, 0, 1, 0, 0, 0, 0, 1, 10, 1, 0, 10, 0, 1, 1, 3, 4, 1, 1, 0, 1, 1, 1, 0, 0, 0, 0, 0, 0, 1, 3, 1, 10, 1, 1, 0, 1, 0, 0, 0, 0, 0, 0, 3, 0, 1, 0, 0, 0, 1, 0, 0, 0, 0, 0, 1, 2, 0, 0, 0, 0, 2, 2, 0, 0, 2, 1, 1, 0, 0, 0, 1, 0, 0, 1, 1, 0, 1, 0, 2, 0, 1, 0, 0]
[952, 10, 1, 1, 4, 2, 0, 2, 0, 4, 10, 2, 10, 0, 0, 2, 2, 0, 0, 1, 0, 0, 0, 0, 1, 10, 1, 0, 10, 0, 1, 1, 4, 4, 1, 1, 0, 1, 1, 1, 0, 0, 0, 0, 0, 0, 1, 3, 1, 10, 1, 1, 0, 1, 0, 0, 0, 0, 0, 0, 3, 0, 1, 0, 0, 0, 1, 0, 0, 0, 0, 0, 1, 2, 0, 0, 0, 0, 2, 2, 0, 0, 2, 1, 1, 0, 0, 0, 1, 0, 0, 1, 1, 0, 1, 0, 2, 0, 1, 0, 0]
[953, 10, 1, 1, 4, 2, 0, 2, 0, 4, 10, 2, 10, 0, 0, 2, 2, 0, 0, 1, 0, 0, 0, 0, 1, 10, 1, 0, 10, 0, 1, 1, 4, 4, 1, 1, 0, 1, 1, 1, 0, 0, 0, 0, 0, 0, 1, 3, 1, 10, 1, 1, 0, 1, 0, 0, 0, 0, 0, 0, 3, 0, 1, 0, 0, 0, 1, 0, 0, 0, 0, 0, 1, 2, 0, 0, 0, 0, 2, 2, 0, 0, 2, 1, 1, 0, 0, 0, 1, 0, 0, 1, 1, 0, 1, 0, 3, 0, 1, 0, 0]
[955, 10, 1, 1, 4, 2, 0, 2, 0, 4, 10, 2, 10, 0, 0, 2, 2, 0, 0, 1, 0, 0, 0, 0, 1, 10, 1, 0, 10, 0, 1, 1, 4, 4, 1, 1, 0, 1, 1, 1, 0, 0, 0, 0, 0, 0, 1, 3, 1, 10, 1, 1, 0, 1, 0, 0, 0, 0, 0, 0, 3, 0, 1, 0, 0, 0, 1, 0, 0, 0, 0, 0, 1, 3, 0, 0, 0, 0, 2, 2, 0, 0, 2, 1, 1, 0, 0, 0, 1, 0, 0, 1, 1, 0, 1, 0, 3, 0, 1, 0, 0]
[958, 10, 1, 1, 4, 2, 0, 2, 0, 4, 10, 2, 10, 0, 0, 2, 2, 0, 0, 1, 0, 0, 0, 0, 1, 10, 1, 0, 10, 0, 1, 1, 4, 4, 1, 1, 0, 1, 1, 1, 0, 0, 0, 0, 0, 0, 1, 3, 1, 10, 1, 1, 0, 1, 0, 0, 0, 0, 0, 0, 3, 0, 1, 0, 0, 0, 1, 0, 0, 0, 0, 0, 1, 3, 0, 0, 0, 0, 3, 2, 0, 0, 2, 1, 1, 0, 0, 0, 1, 0, 0, 1, 1, 0, 1, 0, 3, 0, 1, 0, 0]
[961, 10, 1, 1, 4, 2, 0, 2, 0, 4, 10, 2, 10, 0, 0, 2, 2, 0, 0, 1, 0, 0, 0, 0, 1, 10, 1, 0, 10, 0, 1, 1, 4, 4, 1, 1, 0, 1, 1, 1, 0, 0, 0, 0, 0, 0, 1, 3, 1, 10, 1, 1, 0, 1, 0, 0, 0, 0, 0, 0, 3, 0, 1, 0, 0, 0, 1, 0, 0, 0, 0, 0, 1, 4, 0, 0, 0, 0, 3, 2, 0, 0, 2, 1, 1, 0, 0, 0, 1, 0, 0, 1, 1, 0, 1, 0, 3, 0, 1, 0, 0]
[965, 10, 1, 1, 4, 2, 0, 2, 0, 4, 10, 2, 10, 0, 0, 2, 2, 0, 0, 1, 0, 0, 0, 0, 1, 10, 1, 0, 10, 0, 1, 1, 4, 4, 1, 1, 0, 1, 1, 1, 0, 0, 0, 0, 0, 0, 1, 3, 1, 10, 1, 1, 0, 1, 0, 0, 1, 0, 0, 0, 3, 0, 1, 0, 0, 0, 1, 1, 0, 0, 1, 0, 1, 4, 0, 0, 0, 0, 3, 2, 0, 0, 2, 1, 1, 0, 0, 0, 1, 0, 0, 1, 1, 0, 1, 0, 3, 0, 1, 0, 0]
[983, 10, 1, 1, 4, 2, 0, 2, 0, 4, 10, 2, 10, 0, 0, 2, 2, 0, 0, 1, 0, 0, 0, 0, 1, 10, 1, 1, 10, 0, 1, 1, 4, 4, 1, 1, 0, 1, 1, 1, 0, 0, 0, 0, 0, 0, 1, 3, 1, 10, 1, 1, 0, 1, 0, 0, 1, 0, 0, 0, 3, 1, 1, 0, 1, 0, 1, 1, 0, 0, 1, 0, 1, 4, 0, 0, 0, 0, 3, 2, 0, 0, 2, 1, 1, 0, 0, 0, 1, 0, 1, 1, 1, 0, 1, 0, 3, 0, 1, 0, 0]
[1030, 10, 1, 1, 4, 2, 0, 2, 0, 4, 10, 2, 10, 0, 0, 2, 2, 0, 0, 1, 0, 0, 0, 0, 1, 10, 1, 1, 10, 0, 1, 1, 4, 4, 1, 1, 0, 1, 1, 1, 0, 0, 0, 0, 0, 0, 1, 3, 1, 10, 1, 1, 0, 1, 0, 0, 1, 0, 0, 0, 3, 1, 1, 0, 1, 0, 1, 1, 0, 0, 1, 0, 1, 4, 0, 0, 0, 0, 3, 2, 0, 0, 2, 1, 1, 0, 0, 0, 1, 0, 1, 1, 1, 0, 2, 0, 3, 0, 1, 0, 0]
[1031, 10, 1, 1, 4, 2, 0, 2, 1, 4, 10, 2, 10, 0, 0, 2, 2, 0, 0, 1, 0, 0, 0, 0, 1, 10, 1, 1, 10, 0, 1, 1, 4, 4, 1, 1, 0, 1, 1, 1, 0, 0, 0, 0, 0, 0, 1, 3, 1, 10, 1, 1, 0, 1, 0, 0, 1, 0, 0, 0, 3, 1, 1, 0, 1, 0, 1, 1, 0, 0, 1, 0, 1, 4, 0, 0, 0, 0, 3, 2, 0, 0, 2, 1, 1, 0, 0, 0, 1, 0, 1, 1, 1, 0, 2, 0, 3, 0, 1, 0, 0]
[1037, 10, 1, 1, 4, 2, 0, 2, 1, 4, 10, 2, 10, 0, 0, 2, 2, 0, 0, 1, 0, 0, 0, 0, 1, 10, 1, 1, 10, 0, 1, 1, 4, 4, 1, 1, 0, 1, 1, 1, 0, 0, 0, 0, 0, 0, 1, 3, 1, 10, 1, 1, 0, 1, 0, 0, 1, 0, 0, 0, 3, 1, 1, 0, 1, 0, 1, 1, 0, 0, 1, 0, 1, 4, 0, 0, 0, 0, 3, 2, 0, 0, 2, 1, 1, 0, 0, 0, 1, 0, 1, 1, 1, 0, 3, 0, 3, 0, 1, 0, 0]
[1042, 10, 1, 1, 4, 2, 0, 2, 1, 4, 10, 2, 10, 0, 0, 2, 2, 0, 0, 1, 0, 0, 0, 0, 1, 10, 1, 1, 10, 0, 1, 1, 4, 4, 1, 1, 0, 1, 1, 1, 0, 0, 0, 1, 0, 0, 1, 3, 1, 10, 1, 1, 0, 1, 0, 0, 1, 0, 0, 0, 3, 1, 1, 0, 1, 0, 1, 1, 0, 0, 1, 0, 1, 4, 0, 0, 0, 0, 3, 2, 0, 0, 2, 1, 1, 0, 0, 0, 1, 0, 1, 1, 1, 0, 3, 0, 3, 0, 1, 0, 0]
[1048, 10, 1, 1, 4, 2, 0, 2, 1, 4, 10, 2, 10, 0, 0, 2, 2, 0, 0, 1, 0, 0, 1, 0, 1, 10, 1, 1, 10, 0, 1, 1, 4, 4, 1, 1, 0, 1, 1, 1, 0, 1, 0, 1, 0, 1, 1, 3, 1, 10, 1, 1, 0, 1, 0, 0, 1, 0, 0, 0, 3, 1, 1, 0, 1, 0, 1, 1, 0, 0, 1, 0, 1, 4, 0, 0, 0, 0, 3, 2, 0, 0, 2, 1, 1, 0, 0, 0, 1, 0, 1, 1, 1, 0, 3, 0, 3, 0, 1, 0, 0]
[1055, 10, 1, 1, 4, 2, 0, 2, 1, 4, 10, 2, 10, 0, 0, 2, 2, 0, 0, 1, 0, 0, 2, 0, 1, 10, 1, 1, 10, 0, 1, 1, 4, 4, 1, 1, 0, 1, 1, 1, 0, 2, 0, 2, 0, 2, 1, 3, 1, 10, 1, 1, 0, 1, 0, 0, 1, 0, 0, 0, 3, 1, 1, 0, 1, 0, 1, 1, 0, 0, 1, 0, 1, 4, 0, 0, 0, 0, 3, 2, 0, 0, 2, 1, 1, 0, 0, 0, 1, 0, 1, 1, 1, 0, 3, 0, 3, 0, 1, 0, 0]
[1071, 10, 1, 1, 4, 2, 0, 2, 1, 4, 10, 2, 10, 0, 0, 2, 2, 0, 0, 1, 0, 0, 2, 0, 1, 10, 1, 1, 10, 0, 1, 1, 4, 4, 1, 1, 0, 1, 1, 2, 0, 2, 0, 2, 0, 2, 1, 3, 1, 10, 1, 1, 0, 1, 0, 0, 2, 1, 0, 0, 3, 1, 1, 0, 1, 1, 1, 1, 0, 0, 1, 0, 1, 4, 0, 0, 0, 0, 3, 2, 0, 0, 2, 1, 1, 0, 0, 0, 1, 0, 1, 1, 1, 0, 3, 0, 3, 0, 1, 0, 0]
[1083, 10, 1, 1, 4, 2, 0, 2, 1, 4, 10, 2, 10, 0, 0, 2, 2, 0, 0, 1, 0, 0, 2, 0, 1, 10, 1, 1, 10, 0, 1, 1, 4, 4, 1, 1, 0, 1, 1, 2, 0, 2, 0, 2, 0, 2, 1, 3, 1, 10, 1, 1, 0, 1, 0, 0, 3, 1, 0, 0, 3, 1, 1, 0, 1, 1, 1, 1, 0, 0, 1, 0, 1, 4, 0, 0, 0, 0, 3, 2, 0, 0, 3, 1, 1, 0, 0, 0, 1, 0, 1, 1, 1, 0, 3, 0, 3, 0, 1, 0, 0]
[1090, 10, 1, 1, 4, 2, 0, 2, 1, 4, 10, 2, 10, 0, 0, 2, 2, 0, 0, 1, 0, 0, 2, 0, 1, 10, 1, 1, 10, 0, 1, 1, 4, 4, 1, 1, 0, 1, 1, 2, 0, 2, 0, 2, 0, 2, 1, 3, 1, 10, 1, 1, 0, 1, 0, 0, 4, 1, 0, 0, 3, 1, 1, 0, 1, 1, 1, 1, 0, 0, 1, 0, 1, 4, 0, 0, 0, 0, 3, 2, 0, 0, 3, 1, 1, 0, 0, 0, 1, 1, 1, 1, 1, 0, 4, 0, 3, 0, 1, 0, 0]
[1091, 10, 1, 1, 4, 2, 0, 2, 1, 4, 10, 2, 10, 0, 0, 2, 2, 0, 0, 1, 0, 0, 3, 0, 1, 10, 1, 1, 10, 0, 1, 1, 4, 4, 1, 1, 0, 1, 1, 2, 0, 3, 0, 2, 0, 2, 1, 3, 1, 10, 1, 1, 0, 1, 0, 0, 4, 1, 0, 0, 3, 1, 1, 0, 1, 1, 1, 1, 0, 0, 1, 0, 1, 4, 0, 0, 0, 0, 3, 2, 0, 0, 3, 1, 1, 0, 0, 0, 1, 1, 1, 1, 1, 0, 4, 0, 3, 0, 1, 0, 0]
[1105, 10, 1, 1, 4, 2, 0, 2, 1, 4, 10, 2, 10, 0, 0, 2, 2, 0, 0, 1, 0, 0, 3, 0, 1, 10, 1, 1, 10, 0, 1, 1, 4, 4, 1, 1, 0, 1, 1, 2, 0, 4, 0, 2, 0, 2, 1, 3, 1, 10, 1, 1, 0, 1, 0, 0, 4, 1, 0, 0, 3, 1, 1, 0, 1, 1, 1, 1, 0, 0, 1, 0, 1, 4, 0, 0, 0, 0, 3, 2, 0, 0, 3, 1, 1, 0, 0, 0, 1, 1, 1, 1, 1, 0, 4, 0, 3, 0, 1, 0, 0]
[1110, 10, 1, 1, 4, 2, 0, 2, 1, 4, 10, 2, 10, 0, 0, 2, 2, 0, 0, 1, 0, 0, 3, 0, 1, 10, 1, 1, 10, 0, 1, 1, 4, 4, 1, 1, 0, 1, 1, 2, 1, 4, 0, 2, 0, 2, 1, 3, 1, 10, 1, 1, 0, 1, 0, 0, 4, 1, 1, 0, 3, 1, 1, 0, 1, 1, 1, 1, 0, 0, 1, 0, 1, 4, 0, 0, 1, 0, 3, 2, 0, 0, 3, 1, 1, 0, 0, 0, 1, 1, 1, 1, 1, 0, 4, 0, 3, 0, 1, 0, 0]
[1113, 10, 1, 1, 4, 2, 0, 2, 1, 4, 10, 2, 10, 0, 0, 2, 2, 0, 0, 1, 0, 0, 3, 0, 1, 10, 1, 1, 10, 0, 1, 1, 4, 4, 1, 1, 0, 1, 1, 2, 1, 5, 0, 2, 0, 2, 1, 3, 1, 10, 1, 1, 0, 1, 0, 0, 4, 1, 1, 0, 3, 1, 1, 0, 1, 1, 1, 1, 0, 0, 1, 0, 1, 4, 0, 0, 1, 0, 3, 2, 0, 0, 3, 1, 1, 0, 0, 0, 1, 1, 1, 1, 1, 0, 4, 0, 3, 0, 1, 0, 0]
[1115, 10, 1, 1, 4, 2, 0, 2, 1, 4, 10, 2, 10, 0, 0, 2, 2, 0, 0, 1, 0, 0, 3, 0, 1, 10, 1, 1, 10, 0, 1, 1, 4, 4, 1, 1, 0, 1, 1, 2, 1, 5, 0, 2, 0, 2, 1, 3, 1, 10, 1, 1, 0, 1, 0, 0, 4, 1, 1, 0, 4, 1, 1, 0, 1, 1, 1, 1, 0, 0, 1, 0, 1, 4, 0, 0, 1, 0, 3, 2, 0, 0, 3, 1, 1, 0, 0, 0, 1, 1, 1, 1, 1, 0, 4, 0, 3, 0, 1, 0, 0]
[1119, 10, 1, 1, 4, 2, 0, 2, 1, 4, 10, 2, 10, 1, 0, 2, 2, 0, 0, 1, 0, 0, 3, 0, 1, 10, 1, 1, 10, 0, 1, 1, 4, 4, 1, 1, 1, 1, 1, 2, 1, 5, 0, 2, 0, 2, 1, 3, 1, 10, 1, 1, 0, 1, 0, 1, 4, 1, 1, 0, 4, 1, 1, 0, 1, 1, 1, 1, 0, 0, 1, 0, 1, 4, 0, 0, 1, 0, 3, 2, 0, 0, 3, 1, 1, 0, 0, 0, 1, 1, 1, 1, 1, 0, 4, 0, 3, 0, 1, 0, 0]
[1120, 10, 1, 1, 4, 2, 0, 2, 1, 4, 10, 2, 10, 1, 0, 2, 2, 0, 0, 1, 0, 0, 3, 0, 1, 10, 1, 1, 10, 0, 1, 1, 4, 4, 1, 1, 1, 1, 1, 2, 1, 5, 0, 2, 0, 2, 1, 3, 1, 10, 1, 1, 0, 1, 0, 1, 5, 1, 1, 0, 4, 1, 1, 0, 1, 1, 1, 1, 0, 0, 1, 0, 1, 4, 0, 0, 1, 0, 3, 2, 0, 0, 3, 1, 1, 0, 0, 0, 1, 1, 1, 1, 1, 0, 5, 0, 3, 0, 1, 0, 0]
[1126, 10, 1, 1, 4, 2, 0, 2, 1, 4, 10, 2, 10, 1, 0, 2, 2, 0, 0, 1, 0, 0, 3, 0, 1, 10, 1, 1, 10, 0, 1, 1, 4, 4, 1, 1, 1, 1, 1, 2, 1, 5, 0, 2, 0, 2, 1, 3, 1, 10, 1, 1, 0, 1, 0, 1, 5, 1, 1, 0, 4, 1, 1, 0, 1, 1, 1, 1, 0, 0, 1, 0, 1, 4, 0, 0, 1, 0, 4, 2, 0, 0, 4, 1, 1, 0, 0, 0, 1, 1, 1, 1, 1, 0, 5, 0, 3, 0, 1, 0, 0]
[1127, 10, 1, 1, 4, 2, 0, 2, 1, 4, 10, 2, 10, 1, 1, 2, 2, 0, 0, 1, 0, 0, 3, 0, 1, 10, 1, 1, 10, 0, 1, 1, 4, 4, 1, 1, 1, 1, 1, 2, 1, 5, 0, 2, 0, 2, 1, 3, 1, 10, 1, 1, 0, 1, 0, 1, 5, 1, 1, 0, 4, 1, 1, 0, 1, 1, 1, 1, 0, 0, 1, 0, 1, 4, 0, 0, 1, 0, 4, 2, 0, 0, 4, 1, 1, 0, 0, 0, 1, 1, 1, 1, 1, 0, 5, 0, 3, 0, 1, 0, 0]
[1136, 10, 1, 1, 4, 2, 0, 2, 1, 4, 10, 2, 10, 2, 1, 2, 2, 0, 0, 1, 0, 0, 3, 0, 1, 10, 1, 1, 10, 0, 1, 1, 4, 4, 1, 1, 2, 1, 1, 2, 1, 5, 0, 2, 0, 2, 1, 3, 1, 10, 1, 1, 0, 1, 0, 2, 5, 1, 1, 0, 4, 1, 1, 0, 1, 1, 1, 1, 0, 0, 1, 0, 1, 4, 0, 0, 1, 0, 4, 2, 0, 0, 4, 1, 1, 0, 0, 0, 1, 1, 1, 1, 1, 0, 5, 0, 3, 0, 1, 0, 0]
[1139, 10, 1, 1, 4, 2, 0, 2, 1, 4, 10, 2, 10, 2, 1, 2, 2, 0, 0, 1, 0, 0, 3, 0, 1, 10, 1, 1, 10, 0, 1, 1, 4, 4, 1, 1, 2, 1, 1, 2, 1, 5, 0, 2, 0, 2, 1, 3, 1, 10, 1, 1, 0, 1, 0, 2, 5, 1, 1, 0, 4, 1, 1, 0, 1, 1, 1, 1, 0, 0, 1, 1, 1, 4, 0, 0, 1, 0, 4, 2, 1, 0, 4, 1, 1, 1, 0, 0, 1, 1, 1, 1, 1, 0, 5, 0, 3, 0, 1, 0, 0]
[1149, 10, 1, 1, 4, 2, 0, 2, 1, 4, 10, 2, 10, 3, 1, 2, 2, 0, 0, 1, 0, 0, 3, 0, 1, 10, 1, 1, 10, 0, 1, 1, 4, 4, 1, 1, 3, 1, 1, 2, 1, 5, 0, 2, 0, 2, 1, 3, 1, 10, 1, 1, 0, 1, 0, 2, 5, 1, 1, 0, 4, 1, 1, 0, 1, 1, 1, 1, 0, 0, 1, 1, 1, 4, 0, 0, 1, 0, 4, 2, 1, 0, 4, 1, 1, 1, 0, 0, 1, 1, 1, 1, 1, 0, 5, 0, 3, 0, 1, 0, 0]
[1155, 10, 1, 1, 4, 2, 0, 2, 1, 4, 10, 2, 10, 3, 2, 2, 2, 0, 0, 1, 0, 0, 3, 0, 1, 10, 1, 1, 10, 0, 1, 1, 4, 4, 1, 1, 3, 1, 1, 2, 1, 5, 0, 2, 0, 2, 1, 3, 1, 10, 1, 1, 0, 1, 0, 2, 5, 1, 1, 0, 4, 1, 1, 0, 1, 1, 1, 1, 0, 0, 1, 1, 1, 4, 0, 0, 1, 0, 4, 2, 1, 0, 4, 1, 1, 1, 0, 0, 1, 1, 1, 1, 1, 0, 5, 0, 3, 0, 1, 0, 0]
[1164, 10, 1, 1, 4, 2, 0, 2, 1, 4, 10, 2, 10, 3, 2, 2, 2, 0, 0, 1, 0, 0, 3, 0, 1, 10, 1, 1, 10, 0, 1, 1, 4, 4, 1, 1, 3, 1, 1, 2, 1, 5, 0, 2, 0, 2, 1, 3, 1, 10, 1, 1, 0, 1, 0, 3, 5, 1, 1, 0, 4, 1, 1, 0, 1, 1, 1, 1, 0, 0, 1, 1, 1, 4, 0, 0, 1, 0, 4, 2, 1, 0, 4, 1, 1, 1, 0, 0, 1, 1, 1, 1, 1, 0, 5, 0, 3, 0, 1, 0, 0]
[1168, 10, 1, 1, 4, 2, 0, 2, 1, 4, 10, 2, 10, 3, 2, 2, 2, 0, 0, 1, 0, 0, 3, 0, 1, 10, 1, 1, 10, 0, 1, 1, 4, 4, 1, 1, 3, 1, 1, 2, 1, 5, 0, 2, 0, 2, 1, 3, 1, 10, 1, 2, 0, 1, 0, 3, 5, 2, 1, 0, 4, 1, 1, 0, 1, 2, 1, 1, 0, 0, 1, 1, 1, 4, 0, 0, 1, 0, 4, 2, 1, 0, 4, 1, 1, 1, 0, 0, 1, 2, 1, 1, 1, 0, 5, 0, 3, 0, 1, 0, 0]
[1170, 10, 1, 1, 4, 2, 0, 2, 1, 4, 10, 2, 10, 3, 2, 2, 2, 0, 0, 1, 0, 0, 3, 0, 1, 10, 1, 1, 10, 0, 1, 1, 4, 4, 1, 1, 3, 1, 1, 2, 1, 5, 0, 2, 0, 2, 1, 3, 1, 10, 1, 2, 0, 1, 0, 3, 5, 2, 1, 0, 4, 1, 1, 0, 1, 2, 1, 1, 0, 0, 1, 1, 1, 4, 0, 0, 1, 0, 4, 2, 1, 1, 4, 1, 1, 1, 0, 0, 1, 2, 1, 1, 1, 0, 5, 0, 3, 0, 1, 0, 0]
[1186, 10, 1, 1, 4, 2, 0, 2, 1, 4, 10, 2, 10, 3, 2, 2, 2, 0, 0, 1, 0, 0, 3, 0, 1, 10, 1, 1, 10, 0, 1, 1, 4, 4, 1, 1, 3, 1, 1, 2, 1, 5, 0, 2, 0, 2, 1, 3, 1, 10, 1, 3, 0, 1, 0, 3, 5, 2, 1, 0, 4, 1, 1, 0, 1, 3, 1, 1, 0, 0, 1, 1, 1, 4, 0, 0, 1, 0, 4, 2, 1, 1, 4, 1, 1, 1, 0, 0, 1, 3, 1, 1, 1, 0, 5, 0, 3, 0, 1, 0, 0]
[1188, 10, 1, 1, 4, 2, 0, 2, 1, 4, 10, 2, 10, 3, 2, 2, 2, 0, 0, 1, 0, 0, 3, 0, 1, 10, 1, 1, 10, 0, 1, 1, 4, 4, 1, 1, 3, 1, 1, 2, 1, 5, 0, 2, 1, 2, 1, 3, 1, 10, 1, 3, 0, 1, 0, 3, 5, 2, 1, 0, 4, 1, 1, 0, 1, 3, 1, 1, 0, 0, 1, 1, 1, 4, 0, 0, 1, 0, 4, 2, 1, 1, 4, 1, 1, 1, 0, 0, 1, 3, 1, 1, 1, 0, 5, 0, 3, 0, 1, 0, 0]
[1211, 10, 1, 1, 4, 2, 0, 2, 1, 4, 10, 2, 10, 3, 2, 3, 2, 0, 0, 1, 0, 1, 3, 0, 1, 10, 1, 1, 10, 0, 1, 1, 4, 4, 1, 1, 3, 1, 1, 2, 1, 5, 0, 2, 1, 2, 1, 3, 1, 10, 1, 3, 0, 1, 0, 3, 5, 2, 1, 0, 4, 1, 1, 0, 1, 3, 1, 1, 0, 0, 1, 1, 1, 4, 0, 0, 1, 0, 4, 2, 1, 1, 4, 1, 1, 1, 0, 0, 1, 3, 1, 1, 1, 0, 5, 0, 3, 0, 1, 0, 0]
[1215, 10, 1, 1, 5, 2, 0, 2, 1, 4, 10, 2, 10, 3, 2, 3, 2, 0, 0, 1, 0, 1, 3, 0, 1, 10, 1, 1, 10, 0, 1, 1, 4, 5, 1, 1, 3, 1, 1, 2, 1, 5, 0, 2, 1, 2, 1, 3, 1, 10, 1, 3, 0, 1, 0, 3, 5, 2, 1, 0, 4, 1, 1, 0, 1, 3, 1, 1, 0, 0, 1, 1, 1, 4, 0, 0, 1, 0, 5, 2, 1, 1, 4, 1, 1, 1, 0, 0, 1, 3, 1, 1, 1, 0, 5, 0, 3, 0, 1, 0, 0]
[1222, 10, 1, 1, 5, 2, 0, 2, 1, 4, 10, 2, 10, 3, 2, 3, 2, 0, 0, 1, 0, 1, 3, 0, 1, 10, 1, 1, 10, 0, 1, 1, 4, 5, 1, 1, 3, 1, 1, 2, 1, 5, 0, 2, 1, 2, 1, 3, 1, 10, 1, 3, 0, 1, 0, 3, 5, 2, 1, 0, 4, 1, 1, 0, 1, 3, 1, 1, 0, 0, 1, 1, 1, 4, 0, 0, 1, 0, 5, 2, 2, 2, 4, 1, 1, 1, 0, 0, 1, 3, 1, 1, 1, 0, 5, 0, 3, 0, 1, 0, 0]
[1240, 10, 1, 1, 5, 2, 0, 2, 1, 4, 10, 2, 10, 3, 2, 3, 2, 0, 0, 1, 0, 1, 3, 0, 1, 10, 1, 1, 10, 0, 1, 1, 4, 5, 1, 1, 3, 1, 1, 2, 1, 5, 0, 2, 2, 2, 1, 3, 1, 10, 1, 3, 0, 1, 0, 3, 5, 2, 1, 0, 4, 1, 1, 0, 1, 3, 1, 1, 0, 0, 1, 1, 1, 4, 0, 0, 1, 0, 5, 2, 2, 2, 4, 1, 1, 1, 0, 0, 1, 3, 1, 1, 1, 0, 5, 0, 3, 0, 1, 0, 0]
[1247, 10, 1, 1, 5, 2, 0, 2, 1, 4, 10, 2, 10, 3, 2, 3, 2, 0, 0, 1, 0, 1, 3, 0, 1, 10, 1, 1, 10, 0, 1, 1, 4, 5, 1, 1, 3, 1, 1, 2, 1, 5, 0, 2, 2, 2, 1, 3, 1, 10, 1, 3, 0, 1, 0, 3, 5, 2, 1, 0, 4, 1, 1, 0, 1, 3, 1, 1, 0, 0, 1, 1, 1, 4, 0, 0, 1, 0, 5, 2, 3, 2, 4, 1, 1, 1, 0, 0, 1, 3, 1, 1, 1, 0, 5, 0, 3, 0, 1, 0, 0]
[1251, 10, 1, 1, 5, 2, 0, 2, 1, 4, 10, 2, 10, 3, 2, 3, 2, 0, 0, 1, 0, 1, 3, 0, 1, 10, 1, 1, 10, 0, 1, 1, 4, 5, 1, 1, 3, 1, 1, 2, 1, 5, 0, 2, 3, 2, 1, 3, 1, 10, 1, 3, 0, 1, 0, 3, 5, 2, 1, 0, 4, 1, 1, 0, 1, 3, 1, 1, 0, 0, 1, 1, 1, 4, 0, 0, 1, 0, 5, 2, 3, 2, 4, 1, 1, 1, 0, 0, 1, 3, 1, 1, 1, 0, 5, 0, 3, 0, 1, 0, 0]
[1269, 10, 1, 1, 5, 2, 0, 2, 1, 4, 10, 2, 10, 3, 2, 3, 2, 0, 0, 1, 0, 1, 3, 0, 1, 10, 1, 1, 10, 0, 1, 1, 4, 5, 1, 1, 3, 1, 1, 2, 1, 5, 1, 2, 3, 2, 1, 3, 1, 10, 1, 3, 0, 1, 0, 3, 5, 2, 1, 0, 4, 1, 1, 0, 1, 3, 1, 1, 0, 0, 1, 1, 1, 4, 0, 0, 1, 0, 5, 2, 3, 2, 4, 1, 1, 1, 0, 0, 1, 3, 1, 1, 1, 0, 5, 0, 3, 0, 1, 0, 0]
[1270, 10, 1, 1, 5, 2, 0, 2, 1, 4, 10, 2, 10, 3, 2, 3, 2, 0, 0, 1, 0, 1, 3, 0, 1, 10, 1, 1, 10, 0, 1, 1, 4, 5, 1, 1, 3, 1, 1, 2, 1, 5, 2, 2, 3, 2, 1, 3, 1, 10, 1, 3, 0, 1, 0, 3, 5, 2, 1, 0, 4, 1, 1, 0, 1, 3, 1, 1, 0, 0, 1, 1, 1, 4, 0, 0, 1, 0, 5, 2, 3, 2, 4, 1, 1, 1, 0, 0, 1, 3, 1, 1, 1, 0, 5, 0, 3, 0, 1, 0, 0]
[1271, 10, 1, 1, 5, 2, 0, 2, 1, 4, 10, 2, 10, 3, 2, 3, 2, 0, 0, 1, 0, 1, 3, 0, 1, 10, 1, 1, 10, 0, 1, 1, 4, 5, 1, 1, 3, 1, 1, 2, 1, 5, 3, 2, 3, 2, 1, 3, 1, 10, 1, 3, 0, 1, 0, 3, 5, 2, 1, 0, 4, 1, 1, 0, 1, 3, 1, 1, 0, 0, 1, 1, 1, 4, 0, 0, 1, 0, 5, 2, 3, 2, 4, 1, 1, 1, 0, 0, 1, 3, 1, 1, 1, 0, 5, 0, 3, 0, 1, 0, 0]
[1282, 10, 1, 1, 5, 2, 0, 2, 1, 4, 10, 2, 10, 3, 2, 3, 2, 0, 0, 1, 0, 1, 3, 0, 1, 10, 1, 1, 10, 0, 1, 1, 4, 5, 1, 1, 3, 1, 1, 2, 1, 5, 4, 2, 4, 2, 1, 3, 1, 10, 1, 3, 0, 1, 0, 3, 5, 2, 1, 0, 4, 1, 1, 0, 1, 3, 1, 1, 0, 0, 1, 1, 1, 4, 0, 0, 1, 0, 5, 2, 3, 2, 4, 1, 1, 1, 0, 0, 1, 3, 1, 1, 1, 0, 5, 0, 3, 0, 1, 0, 0]
[1283, 10, 1, 1, 5, 2, 0, 2, 1, 4, 10, 2, 10, 3, 2, 3, 2, 0, 0, 1, 0, 1, 3, 0, 1, 10, 1, 1, 10, 0, 1, 1, 4, 5, 1, 1, 3, 1, 1, 2, 1, 5, 5, 2, 5, 2, 1, 3, 1, 10, 1, 3, 0, 1, 0, 3, 5, 2, 1, 0, 4, 1, 1, 0, 1, 3, 1, 1, 0, 0, 1, 1, 1, 4, 0, 0, 1, 0, 5, 2, 3, 2, 4, 1, 1, 1, 0, 0, 1, 3, 1, 1, 1, 0, 5, 0, 3, 0, 1, 0, 0]
[1285, 10, 1, 1, 5, 2, 0, 2, 1, 4, 10, 2, 10, 3, 2, 3, 2, 0, 0, 1, 0, 1, 3, 0, 1, 10, 1, 1, 10, 0, 1, 1, 4, 5, 1, 1, 3, 1, 1, 2, 1, 5, 6, 2, 6, 2, 1, 3, 1, 10, 1, 3, 0, 1, 0, 3, 5, 2, 1, 0, 4, 1, 1, 0, 1, 3, 1, 1, 0, 0, 1, 1, 1, 4, 0, 0, 1, 0, 5, 2, 3, 2, 4, 1, 1, 1, 0, 0, 1, 3, 1, 1, 1, 0, 5, 0, 3, 0, 1, 0, 0]
[1286, 10, 1, 1, 5, 2, 0, 2, 1, 4, 10, 2, 10, 3, 2, 3, 2, 0, 0, 1, 0, 1, 3, 0, 1, 10, 1, 1, 10, 0, 1, 1, 4, 5, 1, 1, 3, 1, 1, 2, 1, 5, 6, 2, 7, 2, 1, 3, 1, 10, 1, 3, 0, 1, 0, 3, 5, 2, 1, 0, 4, 1, 1, 0, 1, 3, 1, 1, 0, 0, 1, 1, 1, 4, 0, 0, 1, 0, 5, 2, 3, 2, 4, 1, 1, 1, 0, 0, 1, 3, 1, 1, 1, 0, 5, 0, 3, 0, 1, 0, 0]
[1287, 10, 1, 1, 5, 2, 0, 2, 1, 4, 10, 2, 10, 3, 2, 3, 2, 0, 0, 1, 0, 1, 3, 0, 1, 10, 1, 1, 10, 0, 1, 1, 4, 5, 1, 1, 3, 1, 1, 2, 1, 5, 6, 2, 9, 2, 1, 3, 1, 10, 1, 3, 0, 1, 0, 3, 5, 2, 1, 0, 4, 1, 1, 0, 1, 3, 1, 1, 0, 0, 1, 1, 1, 4, 0, 0, 1, 0, 5, 2, 3, 2, 4, 1, 1, 1, 0, 0, 1, 3, 1, 1, 1, 0, 5, 0, 3, 0, 1, 0, 0]
[1288, 10, 1, 1, 5, 2, 0, 2, 1, 4, 10, 2, 10, 3, 2, 3, 2, 0, 0, 1, 0, 1, 3, 0, 1, 10, 1, 1, 10, 0, 1, 1, 4, 5, 1, 1, 3, 1, 1, 2, 1, 5, 6, 2, 10, 2, 1, 3, 1, 10, 1, 3, 0, 1, 0, 3, 5, 2, 1, 0, 4, 1, 1, 0, 1, 3, 1, 1, 0, 0, 1, 1, 1, 4, 0, 0, 1, 0, 5, 2, 3, 2, 4, 1, 1, 1, 0, 0, 1, 3, 1, 1, 1, 0, 5, 0, 3, 0, 1, 0, 0]
[1291, 10, 1, 1, 5, 2, 0, 2, 1, 4, 10, 2, 10, 3, 2, 3, 2, 0, 0, 1, 0, 1, 3, 0, 1, 10, 1, 1, 10, 0, 1, 1, 4, 5, 1, 1, 3, 1, 1, 2, 1, 5, 6, 2, 10, 2, 1, 3, 1, 10, 1, 3, 0, 1, 0, 4, 5, 2, 1, 0, 4, 1, 1, 0, 1, 3, 1, 1, 0, 0, 1, 1, 1, 4, 0, 0, 1, 0, 5, 2, 3, 2, 4, 1, 1, 1, 0, 0, 1, 3, 1, 1, 1, 0, 5, 0, 3, 0, 1, 0, 0]
[1295, 10, 1, 1, 5, 2, 0, 2, 1, 4, 10, 2, 10, 3, 2, 3, 2, 0, 0, 1, 0, 1, 3, 0, 1, 10, 1, 1, 10, 0, 1, 1, 4, 5, 1, 1, 3, 1, 1, 2, 1, 5, 7, 2, 10, 2, 1, 3, 1, 10, 1, 3, 0, 1, 0, 4, 5, 2, 1, 0, 4, 1, 1, 0, 1, 3, 1, 1, 0, 0, 1, 1, 1, 4, 0, 0, 1, 0, 5, 2, 3, 2, 4, 1, 1, 1, 0, 0, 1, 3, 1, 1, 1, 0, 5, 0, 3, 0, 1, 0, 0]
[1297, 10, 1, 1, 5, 2, 0, 2, 1, 4, 10, 2, 10, 3, 2, 3, 2, 0, 0, 1, 0, 1, 3, 0, 1, 10, 1, 1, 10, 0, 1, 1, 4, 5, 1, 1, 3, 1, 1, 2, 1, 5, 8, 2, 10, 2, 1, 3, 1, 10, 1, 3, 0, 1, 0, 4, 5, 2, 1, 0, 4, 1, 1, 0, 1, 3, 1, 1, 0, 0, 1, 1, 1, 4, 0, 0, 1, 0, 5, 2, 3, 2, 4, 1, 1, 1, 0, 0, 1, 3, 1, 1, 1, 0, 5, 0, 3, 0, 1, 0, 0]
[1298, 10, 1, 1, 5, 2, 0, 2, 1, 4, 10, 2, 10, 3, 2, 3, 2, 0, 0, 1, 0, 1, 3, 0, 1, 10, 1, 1, 10, 0, 1, 1, 4, 5, 1, 1, 3, 1, 1, 2, 1, 5, 9, 2, 10, 2, 1, 3, 1, 10, 1, 3, 0, 1, 0, 4, 5, 2, 1, 0, 4, 1, 1, 0, 1, 3, 1, 1, 0, 0, 1, 1, 1, 4, 0, 0, 1, 0, 5, 2, 3, 2, 4, 1, 1, 1, 0, 0, 1, 3, 1, 1, 1, 0, 5, 0, 3, 0, 1, 0, 0]
[1303, 10, 2, 1, 5, 2, 0, 2, 1, 4, 10, 2, 10, 3, 2, 3, 2, 0, 0, 1, 0, 1, 3, 0, 1, 10, 1, 1, 10, 0, 1, 1, 4, 5, 1, 1, 3, 1, 1, 2, 1, 5, 9, 2, 10, 2, 1, 3, 1, 10, 1, 3, 0, 1, 0, 4, 5, 2, 1, 0, 4, 1, 1, 0, 1, 3, 1, 1, 0, 0, 1, 1, 1, 4, 0, 0, 1, 0, 5, 2, 3, 2, 4, 1, 1, 1, 0, 0, 1, 3, 1, 1, 1, 0, 5, 0, 3, 0, 1, 0, 0]
[1309, 10, 2, 1, 5, 2, 0, 2, 1, 4, 10, 2, 10, 3, 2, 3, 2, 0, 0, 1, 0, 1, 3, 0, 1, 10, 1, 1, 10, 0, 1, 1, 4, 5, 1, 1, 3, 1, 1, 2, 1, 5, 10, 2, 10, 2, 1, 3, 1, 10, 1, 3, 0, 1, 0, 4, 5, 2, 1, 0, 4, 1, 1, 0, 1, 3, 1, 1, 0, 0, 1, 1, 1, 4, 0, 0, 1, 0, 5, 2, 3, 2, 4, 1, 1, 1, 0, 0, 1, 3, 1, 1, 1, 0, 5, 0, 3, 0, 1, 0, 0]
[1323, 10, 3, 1, 5, 2, 0, 2, 1, 4, 10, 2, 10, 3, 2, 3, 3, 0, 0, 1, 0, 1, 3, 0, 1, 10, 1, 1, 10, 0, 1, 1, 4, 5, 1, 1, 3, 1, 1, 2, 1, 5, 10, 2, 10, 2, 1, 3, 1, 10, 1, 3, 0, 1, 0, 4, 5, 2, 1, 0, 4, 1, 1, 0, 1, 3, 1, 1, 0, 0, 1, 1, 1, 4, 0, 0, 1, 0, 5, 2, 3, 2, 4, 1, 1, 1, 0, 0, 1, 3, 1, 1, 1, 0, 5, 0, 3, 0, 1, 0, 0]
[1329, 10, 3, 1, 5, 2, 0, 2, 1, 4, 10, 2, 10, 3, 2, 3, 3, 0, 0, 1, 0, 1, 3, 0, 1, 10, 1, 1, 10, 0, 1, 1, 4, 5, 1, 1, 3, 1, 1, 2, 1, 5, 10, 2, 10, 2, 1, 3, 1, 10, 1, 3, 0, 2, 0, 4, 5, 2, 1, 0, 4, 2, 2, 0, 1, 3, 1, 1, 0, 0, 1, 1, 1, 4, 0, 0, 1, 0, 5, 2, 3, 2, 4, 1, 1, 2, 0, 0, 1, 3, 2, 1, 1, 0, 5, 0, 3, 0, 1, 0, 0]
[1336, 10, 3, 1, 5, 2, 0, 2, 1, 4, 10, 2, 10, 3, 2, 3, 3, 0, 0, 1, 0, 1, 3, 0, 1, 10, 1, 1, 10, 0, 1, 1, 4, 5, 1, 1, 3, 1, 1, 2, 1, 5, 10, 2, 10, 2, 1, 3, 1, 10, 1, 3, 0, 2, 0, 4, 5, 2, 1, 0, 4, 2, 2, 0, 1, 3, 1, 1, 0, 0, 1, 1, 1, 4, 0, 0, 1, 0, 5, 2, 3, 2, 5, 1, 1, 2, 0, 0, 1, 3, 2, 1, 1, 0, 5, 0, 3, 0, 1, 0, 0]
[1346, 10, 3, 1, 5, 2, 0, 2, 1, 4, 10, 2, 10, 3, 2, 3, 3, 0, 0, 1, 0, 1, 3, 0, 1, 10, 1, 1, 10, 0, 1, 1, 4, 5, 1, 1, 3, 1, 1, 2, 1, 5, 10, 2, 10, 2, 1, 3, 1, 10, 1, 3, 0, 2, 0, 4, 5, 2, 1, 1, 4, 2, 2, 0, 1, 3, 1, 1, 0, 0, 1, 1, 1, 4, 0, 0, 1, 0, 5, 2, 3, 2, 5, 1, 1, 2, 0, 0, 1, 3, 2, 1, 1, 0, 5, 0, 3, 0, 1, 0, 0]
[1355, 10, 3, 1, 5, 2, 0, 2, 1, 4, 10, 2, 10, 3, 2, 3, 3, 0, 0, 1, 0, 1, 3, 0, 1, 10, 1, 1, 10, 0, 1, 1, 4, 5, 1, 1, 3, 1, 1, 2, 1, 5, 10, 2, 10, 2, 1, 3, 1, 10, 1, 3, 0, 2, 0, 4, 5, 2, 1, 1, 4, 2, 3, 0, 1, 3, 1, 1, 0, 0, 1, 1, 1, 4, 0, 0, 1, 0, 5, 2, 3, 3, 5, 1, 1, 2, 0, 0, 1, 3, 3, 1, 1, 0, 5, 0, 3, 0, 1, 0, 0]
[1361, 10, 3, 1, 5, 2, 0, 2, 1, 4, 10, 2, 10, 3, 2, 3, 3, 0, 0, 1, 0, 1, 3, 0, 1, 10, 1, 1, 10, 0, 1, 1, 4, 5, 1, 1, 3, 1, 1, 2, 1, 5, 10, 2, 10, 2, 1, 3, 1, 10, 1, 3, 0, 2, 0, 4, 5, 2, 1, 1, 4, 2, 3, 0, 2, 3, 1, 1, 0, 0, 1, 1, 1, 4, 0, 0, 1, 0, 5, 2, 3, 3, 5, 1, 1, 2, 0, 0, 1, 3, 3, 2, 1, 0, 5, 0, 3, 0, 1, 0, 0]
[1398, 10, 3, 1, 5, 2, 0, 2, 1, 4, 10, 2, 10, 3, 2, 3, 3, 0, 0, 1, 0, 1, 3, 0, 1, 10, 1, 1, 10, 0, 1, 1, 4, 5, 1, 1, 3, 1, 1, 2, 1, 5, 10, 2, 10, 2, 1, 3, 1, 10, 1, 3, 0, 2, 0, 4, 5, 2, 1, 1, 4, 2, 3, 0, 2, 3, 1, 1, 0, 0, 2, 1, 1, 4, 0, 0, 2, 0, 5, 2, 3, 3, 5, 1, 1, 2, 0, 0, 1, 3, 3, 2, 1, 0, 5, 0, 3, 0, 1, 0, 0]
[1401, 10, 3, 1, 5, 2, 0, 2, 1, 4, 10, 2, 10, 3, 2, 3, 3, 0, 0, 1, 0, 1, 3, 0, 1, 10, 1, 1, 10, 0, 1, 1, 4, 5, 1, 1, 4, 1, 1, 2, 1, 5, 10, 2, 10, 2, 1, 3, 1, 10, 1, 3, 0, 2, 0, 4, 5, 2, 1, 1, 4, 2, 3, 0, 2, 3, 1, 1, 0, 0, 2, 1, 1, 4, 0, 0, 2, 0, 5, 2, 3, 3, 5, 1, 1, 2, 0, 0, 1, 3, 3, 2, 1, 0, 5, 0, 3, 0, 1, 0, 0]
[1422, 10, 3, 1, 5, 2, 0, 2, 1, 4, 10, 2, 10, 3, 2, 3, 3, 0, 0, 1, 0, 1, 3, 0, 1, 10, 1, 1, 10, 0, 1, 1, 4, 5, 1, 1, 4, 1, 1, 2, 1, 5, 10, 2, 10, 2, 1, 3, 1, 10, 1, 3, 0, 2, 0, 4, 5, 2, 1, 1, 4, 2, 3, 0, 2, 3, 1, 1, 0, 0, 2, 1, 1, 4, 0, 0, 2, 0, 6, 2, 3, 3, 6, 1, 1, 2, 0, 0, 1, 3, 3, 2, 1, 0, 5, 0, 3, 0, 1, 0, 0]
[1456, 10, 3, 1, 5, 2, 0, 2, 1, 4, 10, 2, 10, 3, 2, 3, 3, 0, 0, 1, 0, 1, 3, 0, 1, 10, 1, 1, 10, 0, 1, 1, 4, 5, 1, 1, 4, 1, 1, 2, 1, 5, 10, 2, 10, 2, 1, 3, 1, 10, 1, 3, 1, 2, 0, 4, 5, 2, 1, 1, 4, 2, 3, 0, 2, 3, 1, 1, 0, 1, 2, 1, 1, 4, 0, 0, 2, 0, 6, 2, 3, 3, 6, 1, 1, 2, 0, 0, 1, 3, 3, 2, 1, 0, 5, 0, 3, 0, 1, 0, 1]
[1462, 10, 3, 1, 5, 2, 0, 2, 1, 4, 10, 2, 10, 3, 2, 3, 3, 0, 0, 1, 0, 1, 3, 0, 1, 10, 1, 1, 10, 0, 1, 1, 4, 5, 1, 2, 4, 1, 1, 2, 1, 5, 10, 2, 10, 2, 1, 3, 1, 10, 1, 3, 2, 2, 0, 4, 5, 2, 1, 1, 4, 2, 3, 0, 2, 3, 1, 1, 0, 1, 2, 1, 1, 4, 0, 0, 2, 0, 6, 2, 3, 3, 6, 1, 1, 2, 0, 0, 1, 3, 3, 2, 1, 0, 5, 0, 3, 0, 1, 0, 2]
[1471, 10, 3, 1, 5, 2, 0, 2, 1, 4, 10, 2, 10, 3, 2, 3, 3, 0, 0, 1, 0, 1, 3, 0, 1, 10, 1, 1, 10, 0, 1, 1, 4, 5, 1, 2, 4, 1, 1, 2, 1, 5, 10, 2, 10, 2, 1, 3, 1, 10, 1, 3, 2, 2, 0, 4, 5, 2, 1, 1, 4, 2, 3, 0, 2, 3, 1, 1, 0, 1, 2, 1, 1, 4, 0, 0, 2, 0, 6, 2, 3, 4, 6, 1, 1, 2, 0, 0, 1, 3, 3, 2, 1, 0, 5, 0, 3, 0, 1, 0, 2]
[1485, 10, 3, 1, 5, 2, 0, 2, 1, 4, 10, 2, 10, 3, 2, 3, 3, 0, 0, 1, 0, 1, 3, 0, 1, 10, 1, 1, 10, 0, 1, 1, 4, 6, 1, 2, 4, 1, 1, 2, 1, 5, 10, 2, 10, 2, 1, 3, 1, 10, 1, 3, 2, 2, 0, 4, 5, 2, 1, 1, 4, 2, 3, 0, 2, 3, 1, 1, 0, 1, 2, 1, 1, 4, 0, 0, 2, 0, 6, 2, 3, 4, 6, 1, 1, 2, 0, 0, 1, 3, 3, 2, 1, 0, 5, 0, 3, 0, 1, 0, 2]
[1488, 10, 3, 1, 5, 2, 0, 2, 1, 4, 10, 2, 10, 3, 2, 3, 3, 0, 0, 1, 0, 1, 3, 0, 1, 10, 1, 1, 10, 1, 1, 1, 4, 6, 1, 2, 4, 1, 1, 2, 1, 5, 10, 2, 10, 2, 1, 3, 1, 10, 1, 3, 2, 2, 0, 4, 5, 2, 1, 1, 4, 2, 3, 0, 2, 3, 1, 1, 0, 1, 2, 1, 1, 4, 0, 0, 2, 0, 6, 2, 3, 4, 6, 1, 1, 2, 0, 0, 1, 3, 3, 2, 1, 0, 5, 0, 3, 0, 1, 0, 2]
[1506, 10, 3, 1, 5, 2, 0, 2, 1, 4, 10, 2, 10, 3, 2, 3, 3, 0, 0, 1, 0, 1, 3, 0, 1, 10, 1, 1, 10, 1, 1, 1, 4, 6, 1, 3, 4, 1, 1, 2, 1, 5, 10, 2, 10, 2, 1, 3, 1, 10, 1, 3, 3, 2, 0, 4, 5, 2, 1, 1, 4, 2, 3, 0, 2, 3, 1, 1, 0, 1, 2, 1, 1, 4, 0, 0, 2, 0, 6, 3, 3, 4, 6, 1, 1, 2, 0, 0, 1, 3, 3, 2, 1, 0, 5, 0, 3, 0, 1, 0, 2]
[1547, 10, 3, 1, 5, 2, 0, 2, 1, 4, 10, 2, 10, 3, 2, 3, 3, 0, 0, 1, 0, 1, 3, 0, 1, 10, 1, 1, 10, 1, 1, 1, 4, 6, 1, 3, 4, 1, 1, 2, 1, 5, 10, 2, 10, 2, 2, 3, 1, 10, 1, 3, 3, 2, 0, 4, 5, 2, 1, 1, 4, 2, 3, 0, 2, 3, 1, 1, 0, 2, 2, 1, 1, 4, 0, 0, 2, 0, 6, 3, 3, 4, 6, 1, 1, 2, 0, 0, 1, 3, 3, 2, 1, 0, 5, 0, 3, 0, 1, 0, 2]
[1562, 10, 4, 1, 5, 2, 0, 2, 1, 4, 10, 2, 10, 3, 2, 3, 3, 0, 0, 1, 0, 1, 3, 0, 1, 10, 1, 1, 10, 1, 1, 1, 4, 6, 1, 3, 4, 1, 1, 2, 1, 5, 10, 2, 10, 2, 2, 4, 1, 10, 1, 3, 3, 2, 0, 4, 5, 2, 1, 1, 4, 2, 3, 0, 2, 3, 1, 1, 0, 2, 2, 1, 1, 4, 0, 0, 2, 0, 6, 3, 3, 4, 6, 1, 1, 2, 0, 0, 1, 3, 3, 2, 1, 0, 5, 0, 3, 0, 1, 0, 2]
[1567, 10, 4, 1, 5, 2, 0, 2, 1, 4, 10, 2, 10, 3, 2, 3, 3, 0, 0, 1, 0, 1, 3, 0, 1, 10, 1, 1, 10, 1, 1, 1, 4, 7, 1, 3, 4, 1, 1, 2, 1, 5, 10, 2, 10, 2, 2, 4, 1, 10, 1, 3, 3, 2, 0, 4, 5, 2, 1, 1, 4, 2, 3, 0, 2, 3, 1, 1, 0, 2, 2, 1, 1, 4, 0, 0, 2, 0, 6, 3, 3, 4, 6, 1, 1, 2, 0, 0, 1, 3, 3, 2, 1, 0, 5, 0, 3, 0, 1, 0, 2]
[1568, 10, 4, 1, 5, 2, 0, 2, 1, 4, 10, 2, 10, 3, 2, 3, 3, 1, 0, 1, 0, 1, 3, 0, 1, 10, 1, 1, 10, 1, 1, 1, 4, 8, 1, 3, 4, 1, 1, 2, 1, 5, 10, 2, 10, 2, 2, 4, 1, 10, 1, 3, 3, 2, 0, 4, 5, 2, 1, 1, 4, 2, 3, 0, 2, 3, 1, 1, 0, 2, 2, 1, 1, 4, 0, 0, 2, 0, 6, 3, 3, 4, 6, 1, 1, 2, 0, 0, 1, 3, 3, 2, 1, 0, 5, 0, 3, 0, 1, 0, 2]
[1590, 10, 5, 1, 5, 2, 0, 2, 1, 4, 10, 2, 10, 3, 2, 3, 3, 1, 0, 1, 0, 1, 3, 0, 1, 10, 1, 1, 10, 1, 1, 1, 4, 9, 1, 3, 4, 1, 1, 2, 1, 5, 10, 2, 10, 2, 2, 5, 1, 10, 1, 3, 3, 2, 0, 4, 5, 2, 1, 1, 4, 2, 3, 0, 2, 3, 1, 1, 0, 2, 2, 1, 1, 4, 0, 0, 2, 0, 6, 3, 3, 4, 6, 1, 1, 2, 0, 0, 1, 3, 3, 2, 1, 0, 5, 0, 3, 0, 1, 0, 2]
[1591, 10, 5, 1, 5, 2, 0, 2, 1, 4, 10, 2, 10, 3, 2, 3, 3, 1, 0, 1, 0, 1, 3, 0, 1, 10, 1, 1, 10, 1, 1, 1, 4, 10, 1, 3, 4, 1, 1, 2, 1, 5, 10, 2, 10, 2, 2, 5, 1, 10, 1, 3, 3, 2, 0, 4, 5, 2, 1, 1, 4, 2, 3, 0, 2, 3, 1, 1, 0, 2, 2, 1, 1, 4, 0, 0, 2, 0, 6, 3, 3, 4, 6, 1, 1, 2, 0, 0, 1, 3, 3, 2, 1, 0, 5, 0, 3, 0, 1, 0, 2]
[1592, 10, 5, 1, 5, 2, 0, 2, 1, 4, 10, 2, 10, 3, 2, 3, 3, 1, 0, 1, 0, 1, 3, 0, 1, 10, 1, 1, 10, 1, 1, 1, 4, 10, 1, 3, 4, 1, 1, 2, 1, 6, 10, 2, 10, 2, 2, 5, 1, 10, 1, 3, 3, 2, 0, 4, 5, 2, 1, 1, 4, 2, 3, 0, 2, 3, 1, 1, 0, 2, 2, 1, 1, 4, 0, 0, 2, 0, 6, 3, 3, 4, 6, 1, 1, 2, 0, 0, 1, 3, 3, 2, 1, 0, 5, 0, 3, 0, 1, 0, 2]
[1597, 10, 6, 1, 5, 2, 0, 2, 1, 4, 10, 2, 10, 3, 2, 3, 3, 1, 0, 1, 0, 1, 3, 0, 1, 10, 1, 1, 10, 1, 1, 1, 4, 10, 1, 3, 4, 1, 1, 2, 1, 6, 10, 2, 10, 2, 2, 5, 1, 10, 1, 3, 3, 2, 0, 4, 5, 2, 1, 1, 4, 2, 3, 0, 2, 3, 1, 1, 0, 2, 2, 1, 1, 4, 0, 0, 2, 0, 6, 3, 3, 4, 6, 1, 1, 2, 0, 0, 1, 3, 3, 2, 1, 0, 5, 0, 3, 0, 1, 0, 2]
[1614, 10, 6, 1, 5, 2, 0, 2, 1, 4, 10, 2, 10, 3, 2, 3, 3, 1, 0, 1, 0, 1, 3, 0, 1, 10, 1, 1, 10, 1, 1, 1, 4, 10, 1, 3, 4, 1, 1, 2, 1, 6, 10, 2, 10, 2, 2, 5, 1, 10, 1, 3, 3, 2, 0, 4, 5, 2, 1, 1, 4, 2, 3, 1, 2, 3, 1, 1, 0, 2, 2, 1, 1, 4, 0, 0, 2, 0, 6, 3, 3, 4, 6, 1, 1, 2, 0, 0, 1, 3, 3, 2, 1, 0, 5, 0, 3, 0, 1, 1, 2]
[1621, 10, 6, 1, 5, 2, 0, 2, 1, 4, 10, 2, 10, 3, 2, 3, 3, 1, 0, 2, 0, 1, 3, 0, 1, 10, 1, 1, 10, 1, 1, 1, 4, 10, 1, 3, 4, 1, 1, 2, 1, 6, 10, 2, 10, 2, 2, 5, 1, 10, 1, 3, 3, 2, 0, 4, 5, 2, 1, 1, 4, 2, 3, 1, 2, 3, 1, 1, 0, 2, 2, 1, 1, 4, 0, 0, 2, 0, 6, 3, 3, 4, 6, 1, 1, 2, 0, 0, 1, 3, 3, 2, 1, 0, 5, 0, 3, 0, 1, 1, 2]
[1622, 10, 6, 1, 5, 2, 0, 2, 1, 4, 10, 2, 10, 3, 2, 3, 3, 1, 0, 2, 0, 1, 3, 0, 2, 10, 1, 1, 10, 1, 1, 1, 4, 10, 1, 3, 4, 1, 1, 2, 1, 6, 10, 2, 10, 2, 2, 5, 1, 10, 1, 3, 3, 2, 0, 4, 5, 2, 1, 1, 4, 2, 3, 1, 2, 3, 1, 1, 0, 2, 2, 1, 1, 4, 0, 0, 2, 0, 6, 3, 3, 4, 6, 1, 1, 2, 0, 0, 1, 3, 3, 2, 1, 0, 5, 0, 3, 0, 1, 1, 2]
[1628, 10, 6, 1, 5, 2, 0, 2, 1, 4, 10, 2, 10, 3, 2, 3, 3, 1, 0, 3, 0, 1, 3, 0, 2, 10, 1, 1, 10, 1, 1, 1, 4, 10, 1, 3, 4, 1, 1, 2, 1, 6, 10, 2, 10, 2, 2, 5, 1, 10, 1, 3, 3, 2, 0, 4, 5, 2, 1, 1, 4, 2, 3, 1, 2, 3, 1, 1, 0, 2, 2, 1, 1, 4, 0, 0, 2, 0, 6, 3, 3, 4, 6, 1, 1, 2, 0, 0, 1, 3, 3, 2, 1, 0, 5, 0, 3, 0, 1, 1, 2]
[1632, 10, 6, 1, 5, 2, 0, 2, 1, 4, 10, 2, 10, 3, 2, 3, 3, 1, 0, 3, 0, 1, 3, 0, 2, 10, 1, 1, 10, 1, 1, 1, 4, 10, 1, 3, 4, 1, 1, 2, 1, 6, 10, 2, 10, 2, 2, 5, 1, 10, 1, 3, 3, 2, 0, 4, 5, 2, 1, 1, 4, 2, 3, 1, 2, 3, 1, 1, 0, 2, 2, 1, 1, 4, 0, 0, 2, 0, 6, 3, 3, 5, 6, 1, 1, 2, 0, 0, 1, 3, 3, 2, 1, 0, 5, 0, 3, 0, 1, 1, 2]
[1636, 10, 6, 1, 5, 2, 0, 2, 1, 4, 10, 2, 10, 3, 2, 3, 3, 1, 0, 3, 0, 1, 3, 0, 2, 10, 1, 1, 10, 1, 1, 1, 4, 10, 1, 3, 4, 1, 1, 2, 1, 6, 10, 2, 10, 2, 2, 5, 1, 10, 1, 3, 3, 2, 0, 4, 5, 2, 1, 1, 4, 2, 3, 2, 2, 3, 1, 1, 0, 2, 2, 1, 1, 4, 0, 0, 2, 0, 6, 3, 3, 5, 6, 1, 2, 2, 0, 0, 1, 3, 3, 2, 1, 0, 5, 0, 3, 0, 1, 1, 2]
[1637, 10, 6, 1, 5, 3, 0, 2, 1, 4, 10, 2, 10, 3, 2, 3, 3, 1, 0, 3, 0, 1, 3, 0, 2, 10, 1, 1, 10, 1, 1, 1, 4, 10, 1, 3, 4, 1, 1, 2, 1, 6, 10, 2, 10, 2, 2, 5, 1, 10, 1, 3, 3, 2, 0, 4, 5, 2, 1, 1, 4, 2, 3, 2, 3, 3, 1, 1, 0, 2, 2, 1, 1, 4, 0, 0, 2, 0, 6, 3, 3, 5, 6, 1, 2, 2, 0, 0, 1, 3, 3, 2, 1, 0, 5, 0, 3, 0, 1, 1, 2]
[1639, 10, 7, 1, 5, 3, 0, 2, 1, 4, 10, 2, 10, 3, 2, 3, 3, 1, 0, 3, 0, 1, 3, 0, 2, 10, 1, 1, 10, 1, 1, 1, 4, 10, 1, 3, 4, 1, 1, 2, 1, 7, 10, 2, 10, 2, 2, 5, 1, 10, 1, 3, 3, 2, 0, 4, 5, 2, 1, 1, 4, 2, 3, 2, 3, 3, 1, 1, 0, 2, 2, 1, 1, 4, 0, 0, 2, 0, 6, 3, 3, 5, 6, 1, 2, 2, 0, 0, 1, 3, 3, 2, 1, 0, 5, 0, 3, 0, 1, 1, 2]
[1643, 10, 7, 1, 5, 3, 0, 2, 1, 4, 10, 2, 10, 3, 2, 3, 3, 1, 0, 4, 0, 1, 3, 0, 2, 10, 1, 1, 10, 1, 1, 1, 4, 10, 1, 3, 4, 1, 1, 2, 1, 7, 10, 2, 10, 2, 2, 5, 1, 10, 1, 3, 3, 2, 0, 4, 5, 2, 1, 1, 4, 2, 3, 2, 3, 3, 1, 1, 0, 2, 2, 1, 1, 4, 0, 0, 2, 0, 6, 3, 3, 5, 6, 1, 2, 2, 0, 0, 1, 3, 3, 2, 1, 0, 5, 0, 3, 0, 1, 1, 2]
[1651, 10, 7, 1, 5, 3, 0, 2, 1, 4, 10, 2, 10, 3, 2, 3, 3, 1, 0, 4, 0, 1, 3, 0, 2, 10, 1, 1, 10, 1, 1, 1, 4, 10, 1, 3, 4, 1, 1, 2, 1, 7, 10, 2, 10, 2, 2, 5, 1, 10, 1, 3, 3, 2, 0, 4, 5, 2, 1, 1, 4, 2, 3, 2, 3, 3, 1, 1, 0, 2, 2, 1, 1, 4, 0, 0, 2, 0, 6, 3, 3, 5, 6, 1, 2, 2, 0, 0, 1, 3, 3, 2, 1, 0, 5, 0, 3, 0, 1, 1, 3]
[1658, 10, 7, 1, 5, 3, 0, 2, 1, 4, 10, 2, 10, 3, 2, 4, 3, 1, 0, 4, 0, 1, 3, 0, 2, 10, 1, 1, 10, 1, 1, 1, 4, 10, 1, 3, 4, 1, 1, 2, 1, 7, 10, 2, 10, 2, 2, 5, 1, 10, 1, 3, 3, 2, 0, 4, 5, 2, 1, 1, 4, 2, 3, 2, 3, 3, 1, 1, 0, 2, 2, 1, 1, 4, 0, 0, 2, 0, 6, 3, 3, 5, 6, 1, 2, 2, 0, 0, 1, 3, 3, 2, 1, 0, 5, 0, 3, 0, 1, 1, 3]
[1667, 10, 7, 1, 5, 3, 0, 2, 1, 4, 10, 2, 10, 3, 2, 4, 3, 1, 0, 4, 0, 1, 3, 0, 2, 10, 1, 1, 10, 1, 1, 1, 4, 10, 1, 3, 4, 1, 1, 2, 1, 7, 10, 2, 10, 2, 2, 5, 1, 10, 1, 3, 3, 2, 0, 4, 5, 2, 1, 1, 4, 2, 3, 2, 3, 3, 1, 1, 0, 2, 3, 1, 1, 4, 0, 0, 2, 0, 6, 3, 3, 5, 6, 1, 2, 2, 0, 0, 1, 3, 3, 2, 1, 0, 5, 0, 3, 0, 1, 1, 3]
[1670, 10, 7, 1, 5, 3, 0, 2, 1, 4, 10, 2, 10, 3, 2, 4, 3, 1, 0, 4, 0, 1, 3, 0, 2, 10, 1, 1, 10, 1, 1, 1, 4, 10, 1, 3, 4, 1, 1, 2, 1, 7, 10, 2, 10, 2, 2, 5, 1, 10, 1, 3, 3, 2, 0, 4, 5, 2, 1, 1, 4, 2, 3, 2, 3, 3, 1, 1, 0, 2, 3, 1, 1, 5, 0, 0, 2, 0, 6, 3, 3, 5, 6, 1, 2, 2, 0, 0, 1, 3, 3, 2, 1, 0, 5, 0, 3, 0, 1, 1, 3]
[1692, 10, 7, 1, 5, 3, 0, 2, 1, 4, 10, 2, 10, 3, 2, 4, 3, 1, 0, 4, 0, 1, 3, 0, 2, 10, 1, 1, 10, 1, 1, 1, 4, 10, 1, 3, 4, 1, 1, 2, 1, 7, 10, 2, 10, 2, 2, 5, 1, 10, 1, 3, 3, 2, 0, 4, 5, 2, 1, 1, 4, 2, 3, 2, 3, 3, 1, 1, 0, 2, 4, 1, 1, 5, 0, 0, 2, 0, 6, 3, 3, 5, 6, 1, 2, 2, 0, 0, 1, 3, 3, 2, 1, 0, 5, 0, 3, 0, 1, 1, 3]
[1703, 10, 7, 1, 5, 3, 0, 2, 1, 4, 10, 2, 10, 3, 2, 4, 3, 1, 0, 4, 0, 1, 3, 0, 2, 10, 1, 1, 10, 1, 1, 1, 4, 10, 1, 3, 5, 1, 1, 2, 1, 7, 10, 2, 10, 2, 2, 5, 1, 10, 1, 3, 3, 2, 0, 4, 5, 2, 1, 1, 5, 2, 3, 2, 3, 3, 1, 1, 0, 2, 4, 1, 1, 5, 0, 0, 2, 0, 6, 3, 3, 5, 6, 1, 2, 2, 0, 0, 1, 3, 3, 2, 1, 0, 5, 0, 3, 0, 1, 1, 3]
[1717, 10, 7, 1, 5, 3, 0, 2, 1, 4, 10, 2, 10, 3, 2, 4, 3, 1, 0, 4, 0, 1, 3, 0, 2, 10, 1, 1, 10, 1, 1, 1, 4, 10, 1, 3, 5, 1, 1, 2, 1, 7, 10, 2, 10, 2, 2, 5, 1, 10, 2, 3, 3, 2, 0, 4, 5, 2, 1, 1, 5, 2, 3, 2, 3, 3, 1, 1, 0, 2, 4, 1, 1, 5, 0, 0, 2, 0, 6, 3, 3, 5, 6, 1, 2, 2, 0, 0, 1, 3, 3, 2, 1, 0, 5, 0, 3, 0, 1, 1, 3]
[1725, 10, 7, 1, 5, 3, 0, 2, 1, 4, 10, 2, 10, 3, 2, 4, 3, 1, 0, 4, 0, 1, 3, 0, 2, 10, 1, 1, 10, 1, 1, 1, 4, 10, 1, 3, 5, 1, 1, 3, 1, 7, 10, 2, 10, 2, 2, 5, 1, 10, 3, 3, 3, 2, 0, 4, 5, 2, 1, 1, 5, 2, 3, 2, 3, 3, 1, 1, 0, 2, 4, 1, 1, 5, 0, 0, 2, 0, 6, 3, 3, 5, 6, 1, 2, 2, 0, 0, 1, 3, 3, 2, 1, 0, 5, 0, 3, 0, 1, 1, 3]
[1731, 10, 7, 1, 5, 3, 0, 2, 1, 4, 10, 2, 10, 3, 2, 4, 3, 1, 0, 4, 0, 1, 3, 0, 2, 10, 1, 1, 10, 1, 1, 1, 4, 10, 1, 3, 5, 1, 1, 3, 1, 7, 10, 2, 10, 2, 2, 5, 1, 10, 4, 3, 3, 2, 0, 4, 5, 2, 1, 1, 5, 2, 3, 2, 3, 3, 1, 1, 0, 2, 4, 1, 1, 5, 0, 0, 2, 0, 6, 3, 3, 5, 6, 1, 2, 2, 0, 0, 1, 3, 3, 2, 1, 0, 5, 0, 3, 0, 1, 1, 3]
[1740, 10, 8, 1, 5, 3, 0, 2, 1, 4, 10, 2, 10, 3, 2, 4, 3, 1, 0, 4, 0, 1, 3, 0, 2, 10, 1, 1, 10, 1, 1, 1, 4, 10, 1, 3, 5, 1, 1, 3, 1, 7, 10, 2, 10, 2, 2, 5, 1, 10, 4, 3, 3, 2, 0, 4, 5, 2, 1, 1, 5, 2, 3, 2, 3, 3, 1, 1, 0, 2, 4, 1, 1, 5, 0, 0, 2, 0, 6, 3, 3, 5, 6, 1, 2, 2, 0, 0, 1, 3, 3, 2, 1, 0, 5, 0, 3, 0, 1, 1, 3]
[1743, 10, 8, 1, 6, 3, 0, 2, 1, 4, 10, 2, 10, 3, 2, 4, 3, 1, 0, 4, 0, 1, 3, 0, 2, 10, 1, 1, 10, 1, 1, 1, 4, 10, 1, 3, 5, 1, 1, 3, 1, 7, 10, 2, 10, 2, 2, 5, 1, 10, 4, 3, 3, 2, 0, 4, 5, 2, 1, 1, 5, 2, 3, 2, 3, 3, 1, 1, 0, 2, 4, 1, 1, 5, 0, 0, 2, 0, 6, 3, 3, 5, 6, 1, 2, 2, 0, 0, 1, 3, 3, 2, 1, 0, 5, 0, 3, 0, 1, 1, 3]
[1745, 10, 8, 1, 6, 3, 0, 2, 1, 4, 10, 2, 10, 3, 2, 4, 3, 1, 0, 4, 0, 1, 3, 0, 4, 10, 1, 1, 10, 1, 1, 1, 4, 10, 1, 3, 5, 1, 1, 3, 1, 7, 10, 2, 10, 2, 2, 5, 1, 10, 4, 3, 3, 2, 0, 4, 5, 2, 1, 1, 5, 2, 3, 2, 3, 3, 1, 1, 0, 2, 4, 1, 1, 5, 0, 0, 2, 0, 6, 3, 3, 5, 6, 1, 2, 2, 0, 0, 1, 3, 3, 2, 1, 0, 5, 0, 3, 0, 1, 1, 3]
[1747, 10, 8, 1, 6, 3, 0, 2, 1, 4, 10, 2, 10, 3, 2, 4, 3, 1, 0, 4, 0, 1, 3, 0, 4, 10, 1, 1, 10, 1, 1, 1, 4, 10, 1, 3, 5, 1, 1, 3, 1, 7, 10, 2, 10, 2, 2, 5, 1, 10, 4, 3, 3, 3, 0, 4, 5, 2, 1, 1, 5, 2, 3, 2, 3, 3, 1, 1, 0, 2, 4, 1, 1, 5, 0, 0, 2, 0, 6, 3, 3, 5, 6, 1, 2, 2, 0, 0, 1, 3, 3, 2, 1, 0, 5, 0, 3, 0, 1, 1, 3]
[1762, 10, 8, 1, 7, 3, 0, 2, 1, 4, 10, 2, 10, 3, 2, 4, 3, 1, 0, 4, 0, 1, 3, 0, 4, 10, 1, 1, 10, 1, 1, 1, 4, 10, 1, 3, 5, 1, 1, 3, 1, 7, 10, 2, 10, 2, 2, 5, 1, 10, 4, 3, 3, 3, 0, 4, 5, 2, 1, 1, 5, 2, 3, 2, 3, 3, 1, 1, 0, 2, 4, 1, 1, 5, 0, 0, 2, 0, 6, 3, 3, 5, 6, 1, 2, 2, 0, 0, 1, 3, 3, 2, 1, 0, 5, 0, 3, 0, 1, 1, 3]
[1768, 10, 8, 1, 7, 3, 0, 2, 1, 5, 10, 2, 10, 3, 2, 4, 3, 1, 0, 4, 0, 1, 3, 0, 4, 10, 1, 1, 10, 1, 1, 1, 4, 10, 1, 3, 5, 1, 1, 3, 1, 7, 10, 2, 10, 2, 2, 5, 1, 10, 4, 3, 3, 3, 0, 4, 5, 2, 1, 1, 5, 2, 3, 2, 3, 3, 1, 1, 0, 2, 4, 1, 1, 5, 0, 0, 2, 0, 6, 3, 3, 5, 6, 1, 2, 2, 0, 0, 1, 3, 3, 2, 1, 0, 5, 0, 3, 0, 1, 1, 3]
[1774, 10, 8, 1, 8, 3, 0, 2, 1, 5, 10, 2, 10, 3, 2, 4, 3, 1, 0, 4, 0, 1, 3, 0, 4, 10, 1, 1, 10, 1, 1, 1, 4, 10, 1, 3, 5, 1, 1, 3, 1, 7, 10, 2, 10, 2, 2, 5, 1, 10, 4, 3, 3, 3, 0, 4, 5, 2, 1, 1, 5, 2, 3, 2, 3, 3, 1, 1, 0, 2, 4, 1, 1, 5, 0, 0, 2, 0, 6, 3, 3, 5, 6, 1, 2, 2, 0, 0, 1, 3, 3, 2, 1, 0, 5, 0, 3, 0, 1, 1, 3]
[1776, 10, 8, 1, 8, 3, 0, 2, 1, 5, 10, 2, 10, 3, 2, 4, 3, 1, 0, 4, 0, 1, 3, 0, 4, 10, 1, 1, 10, 1, 1, 1, 4, 10, 1, 3, 5, 1, 1, 4, 1, 7, 10, 2, 10, 2, 2, 5, 1, 10, 4, 3, 3, 3, 0, 4, 5, 2, 1, 1, 5, 2, 3, 2, 3, 3, 1, 1, 0, 2, 4, 1, 1, 5, 0, 0, 2, 0, 6, 3, 3, 5, 6, 1, 2, 2, 0, 0, 1, 3, 3, 2, 1, 0, 5, 0, 3, 0, 1, 1, 3]
[1787, 10, 8, 1, 9, 3, 0, 2, 1, 5, 10, 2, 10, 3, 2, 4, 3, 1, 0, 4, 0, 1, 3, 0, 4, 10, 1, 1, 10, 1, 1, 1, 4, 10, 1, 3, 5, 1, 1, 4, 1, 7, 10, 2, 10, 2, 2, 5, 1, 10, 4, 3, 3, 3, 0, 4, 5, 2, 1, 1, 6, 2, 3, 2, 3, 3, 1, 1, 0, 2, 4, 1, 1, 5, 0, 0, 2, 0, 6, 3, 3, 5, 6, 1, 2, 2, 0, 0, 1, 3, 3, 2, 1, 0, 5, 0, 3, 0, 1, 1, 3]
[1794, 10, 8, 1, 9, 3, 0, 2, 1, 5, 10, 2, 10, 3, 2, 4, 3, 1, 0, 4, 0, 1, 3, 0, 4, 10, 1, 1, 10, 1, 1, 1, 4, 10, 1, 3, 5, 1, 1, 4, 1, 7, 10, 2, 10, 2, 2, 5, 1, 10, 4, 3, 3, 3, 0, 4, 5, 2, 1, 1, 7, 2, 3, 2, 3, 3, 1, 1, 0, 2, 4, 1, 1, 5, 0, 0, 2, 0, 6, 3, 3, 5, 6, 1, 2, 2, 0, 0, 1, 3, 3, 2, 1, 0, 5, 0, 3, 0, 1, 1, 3]
[1806, 10, 8, 1, 9, 3, 0, 2, 1, 5, 10, 2, 10, 3, 2, 4, 3, 1, 0, 4, 0, 1, 3, 0, 4, 10, 1, 1, 10, 1, 1, 1, 4, 10, 1, 3, 5, 1, 1, 5, 1, 7, 10, 2, 10, 2, 2, 5, 1, 10, 4, 3, 3, 3, 0, 4, 5, 2, 1, 1, 7, 2, 3, 2, 3, 3, 1, 1, 0, 2, 4, 1, 1, 5, 0, 0, 2, 0, 6, 3, 3, 5, 6, 1, 2, 2, 0, 0, 1, 3, 3, 2, 1, 0, 5, 0, 3, 0, 1, 1, 3]
[1815, 10, 8, 1, 9, 3, 0, 2, 1, 5, 10, 2, 10, 3, 2, 4, 3, 1, 0, 4, 0, 1, 3, 0, 4, 10, 1, 1, 10, 1, 1, 1, 4, 10, 1, 3, 5, 1, 1, 5, 1, 7, 10, 2, 10, 2, 2, 5, 1, 10, 4, 4, 3, 3, 0, 4, 5, 2, 1, 1, 7, 2, 3, 2, 3, 3, 1, 1, 0, 2, 4, 1, 1, 5, 0, 0, 2, 0, 6, 4, 3, 5, 6, 1, 2, 2, 0, 0, 1, 3, 3, 2, 1, 0, 5, 0, 3, 0, 1, 1, 3]
[1818, 10, 8, 1, 9, 3, 0, 2, 1, 5, 10, 2, 10, 3, 2, 4, 3, 1, 0, 4, 0, 1, 3, 0, 4, 10, 1, 1, 10, 1, 1, 1, 4, 10, 1, 3, 5, 1, 1, 6, 1, 7, 10, 2, 10, 2, 2, 5, 1, 10, 4, 4, 3, 3, 0, 4, 5, 2, 1, 1, 7, 2, 3, 2, 3, 3, 1, 1, 0, 2, 4, 1, 1, 5, 0, 0, 2, 0, 6, 4, 3, 5, 6, 1, 2, 2, 0, 0, 1, 3, 3, 2, 1, 0, 5, 0, 3, 0, 1, 1, 3]
[1819, 10, 8, 1, 9, 3, 0, 2, 1, 5, 10, 2, 10, 3, 2, 4, 3, 1, 0, 4, 0, 1, 3, 0, 4, 10, 1, 1, 10, 1, 1, 1, 4, 10, 1, 3, 5, 1, 1, 8, 1, 7, 10, 2, 10, 2, 2, 5, 1, 10, 4, 4, 3, 3, 0, 4, 5, 2, 1, 1, 7, 2, 3, 2, 3, 3, 1, 1, 0, 2, 4, 1, 1, 5, 0, 0, 2, 0, 6, 4, 3, 5, 6, 1, 2, 2, 0, 0, 1, 3, 3, 2, 1, 0, 5, 0, 3, 0, 1, 1, 3]
[1841, 10, 8, 1, 9, 3, 0, 2, 1, 5, 10, 2, 10, 3, 2, 4, 3, 1, 0, 4, 0, 1, 3, 0, 4, 10, 1, 1, 10, 1, 1, 1, 4, 10, 1, 3, 5, 1, 1, 9, 1, 7, 10, 2, 10, 2, 2, 5, 1, 10, 4, 4, 3, 3, 0, 4, 5, 2, 1, 1, 7, 2, 3, 2, 3, 3, 1, 1, 0, 2, 4, 1, 1, 5, 0, 0, 2, 0, 6, 4, 3, 5, 6, 1, 2, 2, 0, 0, 1, 3, 3, 2, 1, 0, 5, 0, 3, 0, 1, 1, 3]
[1865, 10, 8, 1, 9, 3, 0, 2, 1, 5, 10, 2, 10, 3, 2, 4, 3, 1, 0, 4, 0, 1, 3, 0, 4, 10, 1, 1, 10, 1, 1, 1, 4, 10, 1, 3, 5, 1, 1, 9, 1, 7, 10, 2, 10, 2, 2, 5, 1, 10, 4, 4, 3, 3, 0, 4, 5, 2, 1, 1, 7, 2, 3, 2, 3, 3, 1, 1, 0, 2, 4, 1, 1, 5, 0, 0, 2, 0, 6, 4, 3, 5, 6, 1, 2, 2, 0, 0, 1, 3, 3, 2, 1, 0, 5, 1, 3, 0, 1, 1, 3]
[1872, 10, 8, 1, 9, 3, 0, 2, 1, 5, 10, 2, 10, 3, 2, 4, 3, 2, 0, 4, 0, 1, 3, 0, 4, 10, 1, 2, 10, 1, 1, 1, 4, 10, 1, 3, 5, 1, 1, 9, 1, 7, 10, 2, 10, 2, 2, 5, 1, 10, 4, 4, 3, 3, 0, 4, 5, 2, 1, 1, 7, 2, 3, 2, 3, 3, 1, 2, 0, 2, 4, 1, 1, 5, 0, 0, 2, 0, 6, 4, 3, 5, 6, 1, 2, 2, 0, 0, 1, 3, 3, 2, 1, 0, 5, 2, 3, 0, 1, 1, 3]
[1874, 10, 8, 1, 9, 3, 0, 2, 1, 6, 10, 2, 10, 3, 2, 4, 3, 2, 0, 4, 0, 1, 3, 0, 4, 10, 1, 2, 10, 1, 1, 1, 4, 10, 1, 3, 5, 1, 1, 9, 1, 7, 10, 2, 10, 2, 2, 5, 1, 10, 4, 4, 3, 3, 0, 4, 5, 2, 1, 1, 7, 2, 3, 2, 3, 3, 1, 2, 0, 2, 4, 1, 1, 5, 0, 0, 2, 0, 6, 4, 3, 5, 6, 1, 2, 2, 0, 0, 1, 3, 3, 2, 1, 0, 5, 2, 3, 0, 1, 1, 3]
[1875, 10, 8, 1, 9, 3, 0, 2, 1, 6, 10, 2, 10, 3, 2, 4, 3, 2, 0, 4, 0, 1, 3, 0, 4, 10, 1, 2, 10, 1, 1, 1, 4, 10, 1, 3, 5, 1, 1, 9, 1, 7, 10, 2, 10, 2, 2, 5, 1, 10, 4, 4, 3, 3, 0, 4, 6, 2, 1, 1, 7, 2, 3, 2, 3, 3, 1, 2, 0, 2, 4, 1, 1, 5, 0, 0, 2, 0, 6, 4, 3, 5, 6, 1, 2, 2, 0, 0, 1, 3, 3, 2, 1, 0, 5, 2, 3, 0, 1, 1, 3]
[1880, 10, 8, 1, 9, 3, 0, 2, 1, 6, 10, 2, 10, 3, 2, 4, 3, 3, 0, 4, 0, 1, 3, 0, 4, 10, 1, 3, 10, 1, 1, 1, 4, 10, 1, 3, 5, 1, 1, 9, 1, 7, 10, 2, 10, 2, 2, 5, 1, 10, 4, 4, 3, 3, 0, 4, 6, 3, 1, 1, 7, 2, 3, 2, 3, 3, 1, 2, 0, 2, 4, 1, 1, 5, 0, 0, 2, 0, 6, 4, 3, 5, 6, 1, 2, 2, 0, 0, 1, 3, 3, 2, 1, 0, 5, 3, 3, 0, 1, 1, 3]
[1895, 10, 8, 1, 9, 3, 0, 2, 1, 6, 10, 2, 10, 3, 2, 5, 3, 3, 0, 4, 0, 1, 3, 0, 4, 10, 1, 3, 10, 1, 1, 1, 4, 10, 1, 3, 5, 1, 1, 9, 1, 7, 10, 2, 10, 2, 2, 5, 1, 10, 4, 4, 3, 3, 0, 4, 6, 3, 1, 1, 7, 2, 3, 2, 3, 3, 1, 2, 0, 2, 4, 1, 1, 5, 0, 0, 2, 0, 6, 4, 3, 5, 6, 1, 2, 2, 0, 0, 1, 3, 3, 2, 1, 0, 5, 3, 3, 0, 1, 1, 3]
[1898, 10, 8, 1, 9, 3, 0, 2, 1, 6, 10, 2, 10, 3, 2, 5, 3, 3, 0, 4, 0, 1, 3, 0, 4, 10, 1, 3, 10, 1, 1, 1, 4, 10, 1, 3, 5, 1, 1, 9, 1, 7, 10, 2, 10, 2, 2, 6, 1, 10, 4, 4, 3, 3, 0, 4, 6, 3, 1, 1, 7, 2, 3, 2, 3, 3, 1, 2, 0, 2, 4, 1, 1, 5, 0, 0, 2, 0, 6, 4, 3, 5, 6, 1, 2, 2, 0, 0, 1, 3, 3, 2, 1, 0, 5, 3, 3, 0, 1, 1, 3]
[1906, 10, 8, 1, 9, 3, 0, 2, 1, 6, 10, 2, 10, 3, 2, 5, 3, 3, 0, 4, 0, 1, 3, 0, 4, 10, 1, 3, 10, 1, 1, 1, 4, 10, 1, 3, 5, 1, 1, 9, 1, 7, 10, 2, 10, 2, 2, 6, 1, 10, 5, 4, 3, 3, 0, 4, 6, 3, 1, 1, 7, 2, 3, 2, 3, 3, 1, 2, 0, 2, 4, 1, 1, 5, 0, 0, 2, 0, 6, 4, 3, 5, 6, 1, 2, 2, 0, 0, 1, 3, 3, 2, 1, 0, 5, 3, 3, 0, 1, 1, 3]
[1910, 10, 8, 1, 9, 3, 0, 2, 1, 6, 10, 2, 10, 3, 2, 6, 3, 3, 0, 4, 0, 1, 3, 0, 4, 10, 1, 3, 10, 1, 1, 1, 4, 10, 1, 3, 6, 1, 1, 9, 1, 7, 10, 2, 10, 2, 2, 6, 1, 10, 5, 4, 3, 3, 0, 4, 6, 3, 1, 1, 7, 2, 3, 2, 3, 3, 1, 2, 0, 2, 4, 1, 1, 5, 0, 0, 2, 0, 6, 4, 3, 5, 6, 1, 2, 2, 0, 0, 1, 3, 3, 2, 1, 0, 5, 3, 3, 0, 1, 1, 3]
[1917, 10, 8, 1, 9, 3, 0, 2, 1, 6, 10, 2, 10, 3, 2, 6, 3, 3, 0, 4, 0, 1, 3, 0, 4, 10, 1, 3, 10, 1, 1, 1, 4, 10, 1, 3, 6, 1, 1, 9, 1, 7, 10, 2, 10, 2, 2, 6, 1, 10, 5, 4, 3, 3, 0, 4, 6, 3, 1, 1, 7, 2, 3, 2, 3, 3, 1, 2, 0, 2, 4, 1, 1, 5, 0, 0, 2, 0, 6, 5, 3, 5, 6, 1, 2, 2, 0, 0, 1, 3, 3, 2, 1, 0, 5, 3, 3, 0, 1, 1, 3]
[1928, 10, 8, 1, 9, 3, 0, 2, 1, 6, 10, 2, 10, 3, 2, 6, 3, 3, 0, 4, 0, 1, 3, 0, 4, 10, 1, 3, 10, 1, 1, 1, 5, 10, 1, 3, 6, 1, 1, 9, 1, 7, 10, 2, 10, 2, 2, 6, 1, 10, 5, 4, 3, 3, 0, 4, 6, 3, 1, 1, 7, 2, 3, 2, 3, 3, 1, 2, 0, 2, 4, 1, 1, 5, 0, 0, 2, 0, 6, 5, 3, 5, 6, 1, 2, 2, 0, 0, 1, 3, 3, 2, 1, 0, 5, 3, 3, 0, 1, 1, 3]
[1929, 10, 8, 1, 9, 3, 0, 2, 1, 6, 10, 2, 10, 3, 2, 6, 3, 3, 0, 4, 0, 1, 3, 0, 4, 10, 1, 3, 10, 1, 1, 1, 5, 10, 1, 3, 6, 1, 1, 9, 1, 7, 10, 2, 10, 2, 2, 6, 1, 10, 5, 4, 3, 3, 0, 4, 6, 3, 1, 1, 7, 2, 3, 2, 3, 3, 1, 2, 0, 2, 5, 1, 1, 5, 0, 0, 2, 0, 6, 5, 3, 5, 6, 1, 2, 2, 0, 0, 1, 3, 3, 2, 1, 0, 5, 3, 3, 0, 1, 1, 3]
[1931, 10, 8, 1, 9, 3, 0, 2, 1, 6, 10, 2, 10, 3, 2, 6, 3, 3, 0, 4, 0, 1, 3, 0, 4, 10, 1, 3, 10, 1, 1, 1, 5, 10, 1, 3, 6, 1, 1, 9, 1, 7, 10, 2, 10, 2, 2, 6, 1, 10, 5, 4, 3, 3, 0, 4, 6, 3, 1, 1, 7, 2, 3, 2, 3, 3, 1, 2, 0, 2, 5, 1, 1, 5, 0, 0, 2, 0, 6, 6, 3, 5, 6, 1, 2, 2, 0, 0, 1, 3, 3, 2, 1, 0, 5, 3, 3, 0, 1, 1, 3]
[1932, 10, 8, 1, 9, 3, 0, 2, 1, 6, 10, 2, 10, 3, 2, 6, 3, 3, 0, 4, 0, 1, 3, 0, 4, 10, 1, 3, 10, 1, 1, 1, 5, 10, 1, 3, 7, 1, 1, 9, 1, 7, 10, 2, 10, 2, 2, 6, 1, 10, 5, 4, 3, 3, 0, 4, 6, 3, 1, 1, 7, 2, 3, 2, 3, 3, 1, 2, 0, 2, 5, 1, 1, 5, 0, 0, 2, 0, 6, 6, 3, 5, 6, 1, 2, 2, 0, 0, 1, 3, 3, 2, 1, 0, 5, 3, 3, 0, 1, 1, 3]
[1942, 10, 8, 1, 9, 3, 0, 2, 1, 6, 10, 2, 10, 3, 2, 6, 3, 3, 0, 4, 0, 1, 3, 0, 4, 10, 1, 3, 10, 1, 1, 1, 5, 10, 1, 3, 7, 1, 1, 9, 1, 7, 10, 2, 10, 2, 2, 6, 1, 10, 5, 4, 3, 3, 0, 4, 6, 3, 1, 1, 7, 2, 3, 2, 3, 3, 1, 2, 0, 2, 5, 1, 1, 5, 0, 0, 2, 0, 6, 6, 3, 5, 6, 1, 2, 2, 0, 0, 1, 3, 3, 2, 1, 0, 5, 3, 3, 0, 1, 2, 3]
[1944, 10, 8, 1, 9, 3, 0, 2, 1, 6, 10, 2, 10, 3, 2, 6, 3, 3, 0, 4, 0, 1, 3, 1, 4, 10, 1, 3, 10, 1, 1, 1, 5, 10, 1, 3, 7, 1, 1, 9, 1, 7, 10, 2, 10, 2, 2, 6, 1, 10, 5, 4, 3, 3, 0, 4, 6, 3, 1, 1, 7, 2, 3, 2, 3, 3, 1, 2, 0, 2, 5, 1, 1, 5, 0, 0, 2, 0, 6, 6, 3, 5, 6, 1, 2, 2, 0, 0, 1, 3, 3, 2, 1, 0, 5, 3, 3, 0, 1, 2, 3]
[1947, 10, 8, 1, 9, 3, 0, 2, 1, 6, 10, 2, 10, 3, 2, 6, 3, 3, 0, 4, 0, 1, 3, 1, 4, 10, 1, 3, 10, 1, 1, 1, 5, 10, 1, 3, 7, 1, 1, 9, 1, 7, 10, 3, 10, 2, 2, 6, 1, 10, 5, 4, 3, 3, 0, 4, 6, 3, 1, 1, 7, 2, 3, 2, 3, 3, 1, 2, 0, 2, 5, 1, 1, 5, 0, 0, 2, 0, 6, 6, 3, 5, 6, 1, 2, 2, 0, 0, 1, 3, 3, 2, 1, 0, 5, 3, 3, 0, 1, 2, 3]
[1949, 10, 8, 1, 9, 3, 0, 2, 1, 6, 10, 2, 10, 3, 2, 6, 3, 3, 0, 4, 0, 1, 3, 1, 4, 10, 1, 3, 10, 1, 1, 1, 7, 10, 1, 3, 7, 1, 1, 9, 1, 7, 10, 3, 10, 2, 2, 6, 1, 10, 5, 4, 3, 3, 0, 4, 6, 3, 1, 1, 7, 2, 3, 2, 3, 3, 1, 2, 0, 2, 5, 1, 1, 5, 0, 0, 2, 0, 6, 6, 3, 5, 6, 1, 2, 2, 0, 0, 1, 3, 3, 2, 1, 0, 5, 3, 3, 0, 1, 2, 3]
[1950, 10, 8, 1, 9, 3, 0, 2, 1, 6, 10, 2, 10, 3, 2, 6, 3, 3, 0, 4, 0, 1, 3, 1, 4, 10, 1, 3, 10, 1, 1, 1, 7, 10, 1, 3, 7, 1, 1, 9, 1, 7, 10, 3, 10, 2, 2, 7, 1, 10, 5, 4, 3, 3, 0, 4, 6, 3, 1, 1, 7, 2, 3, 2, 3, 3, 1, 2, 0, 2, 5, 1, 1, 5, 0, 0, 2, 0, 6, 7, 3, 5, 6, 1, 2, 2, 0, 0, 1, 3, 3, 2, 1, 0, 5, 3, 3, 0, 1, 2, 3]
[1961, 10, 8, 1, 9, 3, 0, 2, 1, 6, 10, 2, 10, 3, 2, 6, 3, 3, 0, 4, 0, 1, 3, 1, 4, 10, 1, 3, 10, 1, 1, 1, 8, 10, 1, 3, 7, 1, 1, 9, 1, 7, 10, 3, 10, 2, 2, 7, 1, 10, 5, 4, 3, 3, 0, 4, 6, 3, 1, 1, 7, 2, 3, 2, 3, 3, 1, 2, 0, 2, 5, 1, 1, 5, 0, 0, 2, 0, 6, 7, 3, 5, 6, 1, 2, 2, 0, 0, 1, 3, 3, 2, 1, 0, 5, 3, 3, 0, 1, 2, 3]
[1977, 10, 8, 1, 9, 3, 0, 2, 1, 6, 10, 2, 10, 3, 2, 6, 3, 3, 0, 4, 0, 1, 3, 1, 4, 10, 1, 3, 10, 1, 1, 1, 8, 10, 1, 3, 7, 1, 1, 9, 1, 7, 10, 3, 10, 2, 2, 8, 1, 10, 5, 4, 3, 3, 0, 4, 6, 3, 1, 1, 7, 2, 3, 2, 3, 3, 1, 2, 0, 2, 5, 1, 1, 5, 0, 0, 2, 0, 6, 8, 3, 5, 6, 1, 2, 2, 0, 0, 1, 3, 3, 2, 1, 0, 5, 3, 3, 0, 1, 2, 3]
[1984, 10, 8, 1, 9, 3, 0, 2, 1, 6, 10, 2, 10, 3, 2, 6, 3, 3, 0, 4, 0, 1, 3, 1, 4, 10, 1, 3, 10, 1, 1, 1, 8, 10, 1, 3, 7, 1, 1, 9, 1, 7, 10, 3, 10, 2, 2, 9, 1, 10, 5, 4, 3, 3, 0, 4, 6, 3, 1, 1, 7, 2, 3, 2, 3, 3, 1, 2, 0, 2, 5, 1, 1, 5, 0, 0, 2, 0, 6, 9, 3, 5, 6, 1, 2, 2, 0, 0, 1, 3, 3, 2, 1, 0, 5, 3, 3, 0, 1, 2, 3]
[1995, 10, 8, 1, 9, 3, 0, 2, 1, 6, 10, 2, 10, 3, 2, 6, 3, 3, 0, 4, 0, 1, 3, 2, 4, 10, 1, 3, 10, 1, 1, 1, 8, 10, 1, 3, 7, 1, 1, 9, 1, 7, 10, 3, 10, 2, 2, 9, 1, 10, 5, 4, 3, 3, 0, 4, 6, 3, 1, 1, 7, 2, 3, 2, 3, 3, 1, 2, 0, 2, 5, 1, 1, 5, 0, 0, 2, 0, 6, 9, 3, 5, 6, 1, 2, 2, 0, 0, 1, 3, 3, 2, 1, 0, 5, 3, 3, 0, 1, 2, 3]
[2002, 10, 8, 1, 9, 3, 0, 2, 1, 6, 10, 2, 10, 3, 2, 6, 3, 3, 0, 4, 0, 1, 3, 2, 5, 10, 1, 3, 10, 1, 1, 1, 9, 10, 1, 3, 7, 1, 1, 9, 1, 7, 10, 3, 10, 2, 2, 9, 1, 10, 5, 4, 3, 3, 0, 4, 6, 3, 1, 1, 7, 2, 3, 2, 3, 3, 1, 2, 0, 2, 5, 1, 1, 5, 0, 0, 2, 0, 6, 9, 3, 5, 6, 1, 2, 2, 0, 0, 1, 3, 3, 2, 1, 0, 5, 3, 3, 0, 1, 2, 3]
[2007, 10, 8, 1, 9, 3, 0, 2, 1, 6, 10, 2, 10, 3, 2, 6, 3, 3, 0, 4, 0, 1, 3, 3, 5, 10, 1, 3, 10, 1, 1, 1, 9, 10, 1, 3, 7, 1, 1, 9, 1, 7, 10, 3, 10, 2, 2, 9, 1, 10, 5, 4, 3, 3, 0, 4, 6, 3, 1, 1, 7, 2, 3, 2, 3, 3, 1, 2, 0, 2, 5, 1, 1, 5, 0, 0, 2, 0, 6, 9, 3, 5, 6, 1, 2, 2, 0, 0, 1, 3, 3, 2, 1, 0, 5, 3, 3, 0, 1, 2, 3]
[2013, 10, 8, 1, 9, 3, 0, 2, 1, 6, 10, 2, 10, 3, 2, 6, 3, 3, 0, 4, 0, 1, 3, 3, 5, 10, 1, 3, 10, 1, 1, 1, 10, 10, 1, 3, 7, 1, 1, 9, 1, 7, 10, 3, 10, 2, 2, 9, 1, 10, 5, 4, 3, 3, 0, 4, 6, 3, 1, 1, 7, 2, 3, 2, 3, 3, 1, 2, 0, 2, 5, 1, 1, 5, 0, 0, 2, 0, 6, 9, 3, 5, 6, 1, 2, 2, 0, 0, 1, 3, 3, 2, 1, 0, 5, 3, 3, 0, 1, 2, 3]
[2024, 10, 8, 1, 9, 3, 0, 2, 1, 6, 10, 2, 10, 3, 2, 6, 3, 3, 0, 4, 0, 1, 3, 3, 5, 10, 1, 3, 10, 1, 1, 1, 10, 10, 1, 3, 7, 1, 1, 9, 1, 7, 10, 3, 10, 2, 2, 9, 2, 10, 5, 4, 3, 3, 0, 4, 6, 3, 1, 1, 7, 2, 3, 2, 3, 3, 1, 2, 0, 2, 5, 1, 1, 5, 0, 0, 2, 0, 6, 9, 3, 5, 6, 1, 2, 2, 0, 0, 1, 3, 3, 2, 1, 0, 5, 3, 3, 0, 1, 2, 3]
[2027, 10, 8, 1, 9, 3, 0, 2, 1, 6, 10, 2, 10, 3, 2, 6, 3, 3, 0, 4, 0, 1, 3, 4, 5, 10, 1, 3, 10, 1, 1, 1, 10, 10, 1, 3, 7, 1, 1, 9, 1, 7, 10, 3, 10, 2, 2, 9, 2, 10, 5, 4, 3, 3, 0, 4, 6, 3, 1, 1, 7, 2, 3, 2, 3, 3, 1, 2, 0, 2, 5, 1, 1, 5, 0, 0, 2, 0, 6, 9, 3, 5, 6, 1, 2, 2, 0, 0, 1, 3, 3, 2, 1, 0, 5, 3, 3, 0, 1, 2, 3]
[2029, 10, 8, 1, 9, 3, 0, 2, 1, 6, 10, 2, 10, 3, 2, 6, 3, 3, 0, 4, 0, 1, 3, 5, 5, 10, 1, 3, 10, 1, 1, 1, 10, 10, 1, 3, 7, 1, 1, 9, 1, 7, 10, 3, 10, 2, 2, 9, 2, 10, 5, 4, 3, 3, 0, 4, 6, 3, 1, 1, 7, 2, 3, 2, 3, 3, 1, 2, 0, 2, 5, 1, 1, 5, 0, 0, 2, 0, 6, 9, 3, 5, 6, 1, 2, 2, 0, 0, 1, 3, 3, 2, 1, 0, 5, 3, 3, 0, 1, 2, 3]
[2036, 10, 8, 1, 9, 3, 0, 2, 1, 6, 10, 2, 10, 3, 2, 6, 3, 3, 0, 4, 0, 1, 3, 5, 6, 10, 1, 3, 10, 1, 1, 1, 10, 10, 1, 3, 7, 1, 1, 9, 1, 7, 10, 3, 10, 2, 2, 9, 2, 10, 5, 4, 3, 3, 0, 4, 6, 3, 1, 1, 7, 2, 3, 2, 3, 3, 1, 2, 1, 2, 5, 1, 1, 5, 1, 0, 2, 0, 6, 9, 3, 5, 6, 1, 2, 2, 0, 0, 1, 3, 3, 2, 1, 0, 5, 3, 3, 0, 1, 2, 3]
[2048, 10, 8, 1, 9, 3, 1, 2, 1, 6, 10, 2, 10, 3, 2, 6, 3, 3, 1, 4, 0, 1, 3, 5, 6, 10, 1, 3, 10, 1, 1, 1, 10, 10, 1, 3, 7, 1, 1, 9, 1, 7, 10, 3, 10, 2, 2, 9, 2, 10, 5, 4, 3, 3, 0, 4, 6, 3, 1, 1, 7, 2, 3, 2, 3, 3, 1, 2, 1, 2, 5, 1, 1, 5, 1, 0, 2, 0, 6, 9, 3, 5, 6, 1, 2, 2, 0, 0, 1, 3, 3, 2, 1, 0, 5, 3, 3, 0, 1, 2, 3]
[2049, 10, 8, 1, 9, 3, 1, 2, 1, 6, 10, 2, 10, 3, 2, 6, 3, 3, 1, 4, 0, 1, 3, 5, 6, 10, 1, 3, 10, 1, 1, 1, 10, 10, 1, 3, 7, 1, 1, 9, 1, 7, 10, 3, 10, 2, 2, 9, 2, 10, 5, 4, 3, 3, 0, 4, 6, 3, 1, 1, 7, 2, 3, 2, 3, 3, 1, 2, 1, 2, 5, 1, 1, 5, 1, 0, 3, 0, 6, 9, 3, 5, 6, 1, 2, 2, 0, 0, 1, 3, 3, 3, 1, 0, 5, 3, 3, 0, 1, 2, 3]
[2055, 10, 8, 1, 9, 3, 1, 2, 1, 6, 10, 2, 10, 3, 2, 6, 3, 3, 1, 4, 0, 1, 3, 5, 6, 10, 1, 3, 10, 1, 1, 1, 10, 10, 1, 3, 7, 1, 1, 9, 1, 7, 10, 3, 10, 2, 2, 9, 2, 10, 5, 4, 3, 3, 0, 4, 6, 3, 1, 1, 7, 2, 3, 2, 3, 4, 1, 2, 1, 2, 5, 1, 1, 5, 1, 0, 4, 0, 6, 9, 3, 5, 6, 1, 2, 2, 0, 0, 1, 3, 3, 4, 1, 0, 5, 3, 3, 0, 1, 2, 3]
[2056, 10, 8, 1, 9, 3, 1, 2, 1, 7, 10, 2, 10, 3, 2, 6, 3, 3, 1, 4, 0, 1, 3, 5, 6, 10, 1, 3, 10, 1, 1, 1, 10, 10, 1, 3, 7, 1, 1, 9, 1, 7, 10, 3, 10, 2, 2, 9, 2, 10, 5, 4, 3, 3, 0, 4, 6, 3, 1, 1, 7, 2, 3, 2, 3, 4, 1, 2, 1, 2, 5, 1, 1, 5, 1, 0, 4, 0, 6, 9, 3, 5, 6, 1, 2, 2, 0, 0, 1, 3, 3, 4, 1, 0, 5, 3, 3, 0, 1, 2, 3]
[2068, 10, 8, 1, 9, 3, 1, 2, 1, 7, 10, 2, 10, 3, 2, 6, 3, 3, 1, 4, 0, 1, 3, 5, 6, 10, 1, 3, 10, 1, 2, 1, 10, 10, 1, 3, 7, 1, 1, 9, 1, 7, 10, 3, 10, 2, 2, 9, 2, 10, 5, 4, 3, 3, 0, 4, 6, 3, 1, 1, 7, 2, 3, 2, 3, 4, 1, 2, 1, 2, 5, 1, 1, 5, 2, 0, 4, 0, 6, 9, 3, 5, 6, 1, 2, 2, 0, 0, 1, 3, 3, 4, 1, 0, 5, 3, 3, 0, 1, 2, 3]
[2074, 10, 8, 1, 9, 3, 1, 2, 1, 7, 10, 2, 10, 3, 2, 6, 3, 3, 1, 4, 0, 1, 3, 5, 6, 10, 1, 3, 10, 1, 3, 1, 10, 10, 1, 3, 7, 1, 1, 9, 1, 8, 10, 3, 10, 2, 2, 9, 3, 10, 5, 4, 3, 3, 0, 4, 6, 3, 1, 1, 7, 2, 3, 2, 3, 4, 1, 2, 1, 2, 5, 1, 1, 5, 2, 0, 4, 0, 6, 9, 3, 5, 6, 1, 2, 2, 0, 0, 1, 3, 3, 4, 1, 0, 5, 3, 3, 0, 1, 2, 3]
[2077, 10, 8, 1, 9, 3, 1, 2, 1, 7, 10, 2, 10, 3, 2, 6, 3, 3, 1, 5, 0, 1, 3, 5, 6, 10, 1, 3, 10, 1, 3, 1, 10, 10, 1, 3, 7, 1, 1, 9, 1, 8, 10, 3, 10, 2, 2, 9, 3, 10, 5, 4, 3, 3, 0, 4, 6, 3, 1, 1, 7, 2, 3, 2, 3, 4, 1, 2, 1, 2, 5, 1, 1, 5, 2, 0, 4, 0, 6, 9, 3, 5, 6, 1, 2, 2, 0, 0, 1, 3, 3, 4, 1, 0, 5, 3, 3, 0, 1, 2, 3]
[2082, 10, 8, 1, 9, 3, 1, 2, 1, 7, 10, 2, 10, 3, 2, 6, 3, 3, 1, 5, 0, 1, 3, 5, 6, 10, 1, 3, 10, 1, 3, 1, 10, 10, 1, 3, 7, 1, 1, 9, 1, 9, 10, 3, 10, 2, 2, 9, 3, 10, 5, 4, 3, 3, 0, 4, 6, 3, 1, 1, 7, 2, 3, 2, 3, 4, 1, 2, 1, 2, 5, 1, 1, 5, 2, 0, 4, 0, 6, 9, 3, 5, 6, 1, 2, 2, 0, 0, 1, 3, 3, 4, 1, 0, 5, 3, 3, 0, 1, 2, 3]
[2084, 10, 8, 1, 9, 3, 1, 2, 1, 7, 10, 2, 10, 4, 2, 6, 3, 3, 1, 5, 0, 1, 3, 5, 6, 10, 1, 3, 10, 1, 3, 1, 10, 10, 1, 3, 7, 1, 1, 9, 1, 9, 10, 3, 10, 2, 2, 9, 3, 10, 5, 4, 3, 3, 0, 4, 6, 3, 1, 1, 7, 2, 3, 2, 3, 4, 1, 2, 1, 2, 5, 1, 1, 5, 2, 0, 4, 0, 6, 9, 3, 5, 6, 1, 2, 2, 0, 0, 1, 3, 3, 4, 1, 0, 5, 3, 3, 0, 1, 2, 3]
[2090, 10, 8, 1, 9, 3, 1, 2, 1, 7, 10, 2, 10, 4, 2, 6, 3, 3, 1, 6, 0, 1, 3, 5, 6, 10, 1, 3, 10, 1, 3, 1, 10, 10, 1, 3, 7, 1, 1, 9, 1, 9, 10, 3, 10, 2, 2, 9, 3, 10, 5, 4, 3, 3, 0, 4, 6, 3, 1, 1, 7, 2, 3, 2, 3, 4, 1, 2, 1, 2, 5, 1, 1, 5, 2, 0, 4, 0, 6, 9, 3, 5, 6, 1, 2, 2, 0, 0, 1, 3, 3, 4, 1, 0, 5, 3, 3, 0, 1, 2, 3]
[2104, 10, 8, 1, 9, 3, 1, 2, 1, 7, 10, 2, 10, 4, 2, 6, 3, 3, 1, 6, 0, 2, 4, 5, 6, 10, 1, 3, 10, 1, 3, 1, 10, 10, 1, 3, 7, 1, 1, 9, 1, 9, 10, 3, 10, 2, 2, 9, 3, 10, 5, 4, 3, 3, 0, 4, 6, 3, 1, 1, 7, 2, 3, 2, 3, 4, 1, 2, 1, 2, 5, 1, 1, 5, 2, 0, 4, 0, 6, 9, 3, 5, 6, 1, 2, 2, 0, 0, 1, 3, 3, 4, 1, 0, 5, 3, 3, 0, 1, 2, 3]
[2118, 10, 8, 1, 9, 3, 1, 2, 1, 7, 10, 2, 10, 4, 2, 6, 3, 4, 1, 6, 0, 3, 4, 5, 6, 10, 1, 3, 10, 1, 3, 1, 10, 10, 1, 3, 7, 1, 1, 9, 1, 9, 10, 3, 10, 2, 2, 9, 3, 10, 5, 4, 3, 3, 0, 4, 6, 3, 1, 1, 7, 2, 3, 2, 3, 4, 1, 2, 1, 2, 5, 1, 1, 5, 2, 0, 4, 0, 6, 9, 3, 5, 6, 1, 2, 2, 0, 0, 1, 3, 3, 4, 1, 0, 5, 3, 3, 0, 1, 2, 3]
[2119, 10, 8, 1, 9, 3, 1, 2, 1, 7, 10, 2, 10, 4, 2, 6, 3, 4, 1, 6, 1, 3, 4, 5, 6, 10, 1, 3, 10, 1, 3, 1, 10, 10, 1, 3, 7, 1, 1, 9, 1, 9, 10, 3, 10, 2, 2, 9, 3, 10, 5, 4, 3, 3, 0, 4, 6, 3, 1, 1, 7, 2, 3, 2, 3, 4, 1, 2, 1, 2, 5, 1, 1, 5, 2, 0, 4, 0, 6, 9, 3, 5, 6, 1, 2, 2, 0, 0, 1, 3, 3, 4, 1, 0, 5, 3, 3, 0, 1, 2, 3]
[2125, 10, 8, 1, 9, 3, 1, 2, 1, 7, 10, 2, 10, 4, 2, 6, 3, 4, 1, 6, 1, 3, 4, 5, 6, 10, 1, 3, 10, 1, 3, 1, 10, 10, 1, 3, 7, 1, 1, 9, 1, 9, 10, 3, 10, 2, 2, 9, 3, 10, 5, 4, 3, 3, 0, 4, 6, 3, 1, 1, 7, 2, 3, 2, 3, 4, 1, 3, 1, 2, 5, 1, 1, 5, 2, 0, 4, 0, 6, 9, 3, 5, 6, 1, 2, 2, 0, 0, 1, 3, 3, 4, 1, 0, 5, 3, 3, 0, 1, 2, 3]
[2128, 10, 8, 1, 9, 3, 1, 2, 1, 7, 10, 2, 10, 4, 2, 6, 3, 4, 1, 7, 1, 3, 4, 5, 6, 10, 1, 3, 10, 1, 3, 1, 10, 10, 1, 3, 7, 1, 1, 9, 1, 9, 10, 3, 10, 2, 2, 9, 3, 10, 5, 4, 3, 3, 0, 4, 6, 3, 1, 1, 7, 2, 3, 2, 3, 4, 1, 3, 1, 2, 5, 1, 1, 5, 2, 0, 4, 0, 6, 9, 3, 5, 6, 1, 2, 2, 0, 0, 1, 3, 3, 4, 1, 0, 5, 3, 3, 0, 1, 2, 3]
[2149, 10, 8, 1, 9, 3, 1, 2, 1, 7, 10, 2, 10, 4, 2, 6, 3, 5, 1, 7, 1, 3, 4, 5, 6, 10, 1, 3, 10, 1, 3, 1, 10, 10, 1, 3, 7, 1, 1, 9, 1, 9, 10, 3, 10, 2, 2, 9, 3, 10, 5, 4, 3, 3, 0, 4, 6, 3, 1, 1, 7, 2, 3, 2, 3, 4, 1, 3, 1, 2, 5, 1, 1, 5, 2, 0, 4, 0, 6, 9, 3, 5, 6, 1, 2, 2, 0, 0, 1, 3, 3, 4, 1, 0, 5, 3, 3, 0, 1, 2, 3]
[2152, 10, 8, 1, 9, 3, 1, 2, 1, 7, 10, 2, 10, 4, 2, 6, 3, 5, 1, 7, 1, 3, 4, 5, 6, 10, 1, 3, 10, 1, 3, 1, 10, 10, 1, 3, 7, 1, 1, 9, 1, 9, 10, 3, 10, 3, 2, 9, 3, 10, 5, 4, 3, 3, 0, 4, 6, 3, 1, 1, 7, 2, 3, 2, 3, 4, 1, 3, 1, 2, 5, 1, 1, 5, 2, 0, 4, 0, 6, 9, 3, 5, 6, 1, 2, 2, 0, 0, 1, 3, 3, 4, 1, 0, 5, 3, 3, 0, 1, 2, 3]
[2160, 10, 8, 1, 9, 3, 1, 2, 1, 7, 10, 2, 10, 4, 2, 6, 3, 6, 1, 7, 1, 3, 4, 5, 6, 10, 1, 3, 10, 1, 3, 1, 10, 10, 1, 3, 7, 1, 1, 9, 1, 9, 10, 3, 10, 4, 2, 9, 3, 10, 5, 4, 4, 3, 0, 4, 6, 3, 1, 1, 7, 2, 3, 2, 3, 4, 1, 3, 1, 2, 5, 1, 1, 5, 2, 0, 4, 0, 6, 9, 4, 5, 6, 1, 2, 2, 0, 0, 1, 3, 3, 4, 1, 0, 5, 3, 3, 0, 1, 2, 3]
[2166, 10, 8, 1, 9, 3, 1, 2, 1, 7, 10, 2, 10, 4, 2, 6, 3, 6, 1, 7, 1, 3, 4, 5, 6, 10, 1, 3, 10, 1, 3, 1, 10, 10, 1, 3, 7, 1, 1, 9, 1, 9, 10, 3, 10, 5, 2, 9, 3, 10, 5, 4, 4, 3, 0, 4, 6, 3, 1, 1, 7, 2, 3, 2, 3, 4, 1, 3, 1, 2, 5, 1, 1, 5, 2, 0, 4, 0, 6, 9, 4, 5, 6, 1, 2, 2, 0, 0, 1, 3, 3, 4, 1, 0, 5, 3, 3, 0, 1, 2, 3]
[2172, 10, 8, 1, 9, 3, 1, 2, 1, 7, 10, 2, 10, 4, 2, 6, 3, 7, 1, 7, 1, 3, 4, 5, 6, 10, 1, 3, 10, 1, 3, 1, 10, 10, 1, 3, 7, 1, 1, 9, 1, 9, 10, 3, 10, 6, 2, 9, 3, 10, 5, 4, 4, 3, 0, 4, 6, 3, 1, 1, 7, 2, 3, 2, 3, 4, 1, 3, 1, 2, 5, 1, 1, 5, 2, 0, 4, 0, 6, 9, 4, 5, 6, 1, 2, 2, 0, 0, 1, 3, 3, 4, 1, 0, 5, 3, 3, 0, 1, 2, 3]
[2217, 10, 8, 1, 9, 3, 1, 2, 1, 7, 10, 2, 10, 4, 2, 6, 3, 7, 1, 7, 1, 3, 4, 5, 6, 10, 1, 3, 10, 1, 3, 1, 10, 10, 1, 3, 7, 1, 1, 9, 1, 9, 10, 3, 10, 7, 2, 9, 3, 10, 5, 4, 4, 3, 0, 4, 6, 3, 1, 1, 7, 2, 3, 2, 3, 4, 1, 3, 1, 2, 5, 1, 1, 5, 2, 0, 4, 0, 6, 9, 4, 5, 6, 1, 2, 2, 0, 0, 1, 3, 3, 4, 1, 0, 5, 3, 3, 0, 1, 2, 3]
[2239, 10, 8, 1, 9, 3, 1, 2, 1, 7, 10, 2, 10, 4, 2, 6, 3, 7, 1, 7, 1, 3, 4, 5, 6, 10, 1, 3, 10, 1, 3, 1, 10, 10, 1, 3, 7, 2, 1, 9, 1, 9, 10, 3, 10, 7, 2, 9, 3, 10, 5, 4, 4, 3, 0, 4, 6, 3, 1, 1, 7, 2, 3, 2, 3, 4, 1, 3, 1, 2, 5, 1, 1, 5, 2, 0, 4, 0, 6, 9, 4, 5, 6, 1, 2, 2, 0, 0, 1, 3, 3, 4, 1, 0, 5, 3, 3, 0, 1, 2, 3]
[2249, 10, 8, 1, 9, 3, 1, 2, 1, 7, 10, 2, 10, 4, 2, 6, 3, 7, 1, 7, 1, 3, 4, 5, 6, 10, 1, 3, 10, 1, 3, 1, 10, 10, 1, 3, 7, 3, 1, 9, 1, 9, 10, 3, 10, 7, 2, 9, 3, 10, 5, 4, 4, 3, 0, 4, 6, 3, 1, 1, 7, 2, 3, 2, 3, 4, 1, 3, 1, 2, 5, 1, 1, 5, 2, 0, 4, 0, 6, 9, 4, 5, 6, 1, 2, 2, 0, 0, 1, 3, 3, 4, 1, 0, 5, 3, 3, 0, 1, 2, 3]
[2256, 10, 8, 1, 9, 3, 1, 2, 1, 7, 10, 2, 10, 4, 2, 6, 3, 7, 1, 7, 1, 3, 4, 5, 6, 10, 1, 3, 10, 1, 3, 2, 10, 10, 1, 3, 7, 3, 1, 9, 1, 9, 10, 3, 10, 7, 2, 9, 3, 10, 5, 4, 4, 3, 0, 4, 6, 3, 1, 1, 7, 2, 3, 2, 3, 4, 1, 3, 1, 2, 5, 1, 1, 5, 2, 0, 4, 0, 6, 9, 4, 5, 6, 1, 2, 2, 0, 0, 1, 3, 3, 4, 1, 0, 5, 3, 3, 0, 1, 2, 3]
[2276, 10, 8, 1, 9, 3, 1, 2, 1, 7, 10, 2, 10, 4, 2, 6, 3, 7, 1, 7, 1, 3, 4, 5, 6, 10, 1, 3, 10, 1, 3, 2, 10, 10, 1, 3, 7, 3, 1, 9, 1, 9, 10, 3, 10, 7, 2, 9, 3, 10, 5, 4, 4, 3, 0, 4, 6, 3, 1, 1, 7, 2, 3, 2, 3, 4, 1, 3, 2, 2, 5, 1, 1, 5, 2, 0, 4, 0, 6, 9, 4, 5, 6, 1, 2, 2, 0, 0, 1, 3, 3, 4, 1, 0, 5, 3, 3, 0, 1, 2, 3]
[2282, 10, 8, 1, 9, 3, 1, 2, 1, 7, 10, 2, 10, 4, 2, 6, 3, 7, 1, 7, 1, 3, 4, 5, 7, 10, 1, 3, 10, 1, 3, 2, 10, 10, 1, 3, 7, 3, 1, 9, 1, 9, 10, 3, 10, 7, 2, 9, 3, 10, 5, 4, 4, 3, 0, 4, 6, 3, 1, 1, 7, 2, 3, 2, 3, 4, 1, 3, 2, 2, 5, 1, 1, 5, 2, 0, 4, 0, 6, 9, 4, 5, 6, 1, 2, 2, 0, 0, 1, 3, 3, 4, 1, 0, 5, 3, 3, 0, 1, 2, 3]
[2298, 10, 8, 1, 9, 3, 3, 2, 1, 7, 10, 2, 10, 4, 2, 6, 3, 7, 1, 7, 1, 3, 4, 5, 7, 10, 1, 3, 10, 1, 3, 2, 10, 10, 1, 3, 7, 3, 1, 9, 1, 9, 10, 3, 10, 7, 2, 9, 3, 10, 5, 4, 4, 3, 0, 4, 6, 3, 1, 1, 7, 2, 3, 2, 3, 4, 1, 3, 2, 2, 5, 1, 1, 5, 2, 0, 4, 0, 6, 9, 4, 5, 6, 1, 2, 2, 0, 0, 1, 3, 3, 4, 1, 0, 5, 3, 3, 0, 1, 2, 3]
[2303, 10, 8, 1, 10, 3, 3, 2, 1, 7, 10, 2, 10, 4, 2, 6, 3, 7, 1, 7, 1, 3, 4, 5, 7, 10, 1, 3, 10, 1, 3, 2, 10, 10, 1, 3, 7, 3, 1, 9, 1, 9, 10, 3, 10, 7, 2, 9, 3, 10, 5, 4, 4, 3, 0, 4, 6, 3, 1, 1, 7, 2, 3, 2, 3, 4, 1, 3, 2, 2, 5, 1, 1, 5, 2, 0, 4, 0, 6, 9, 4, 5, 6, 1, 2, 2, 0, 0, 1, 3, 3, 4, 1, 0, 5, 3, 3, 0, 1, 2, 3]
[2310, 10, 8, 1, 10, 3, 3, 2, 1, 8, 10, 2, 10, 4, 2, 6, 3, 7, 1, 7, 1, 3, 4, 5, 7, 10, 1, 3, 10, 1, 3, 2, 10, 10, 1, 3, 7, 3, 1, 9, 1, 9, 10, 3, 10, 7, 2, 9, 3, 10, 5, 4, 4, 3, 0, 4, 6, 3, 1, 1, 7, 2, 3, 2, 3, 4, 1, 3, 2, 2, 5, 1, 1, 5, 2, 0, 4, 0, 6, 9, 4, 5, 6, 1, 2, 2, 0, 0, 1, 3, 3, 4, 1, 0, 5, 3, 3, 0, 1, 2, 3]
[2317, 10, 8, 1, 10, 3, 4, 2, 1, 8, 10, 2, 10, 4, 2, 6, 3, 7, 1, 7, 1, 3, 4, 5, 7, 10, 1, 3, 10, 1, 3, 2, 10, 10, 1, 3, 7, 3, 1, 9, 1, 9, 10, 3, 10, 7, 2, 9, 3, 10, 5, 4, 4, 3, 0, 4, 6, 3, 1, 1, 7, 2, 3, 2, 3, 4, 1, 3, 2, 2, 5, 1, 1, 5, 2, 0, 4, 0, 6, 9, 4, 5, 6, 1, 2, 2, 0, 0, 1, 3, 3, 4, 1, 0, 5, 3, 3, 0, 1, 2, 3]
[2351, 10, 8, 1, 10, 3, 4, 2, 1, 8, 10, 2, 10, 4, 2, 6, 3, 7, 1, 7, 1, 3, 4, 5, 7, 10, 1, 3, 10, 1, 3, 2, 10, 10, 1, 3, 7, 3, 1, 9, 1, 9, 10, 3, 10, 7, 2, 9, 4, 10, 5, 4, 4, 3, 0, 4, 6, 3, 1, 1, 7, 2, 3, 2, 3, 4, 1, 3, 2, 2, 5, 1, 1, 5, 2, 0, 4, 0, 6, 9, 4, 5, 6, 1, 2, 2, 0, 0, 1, 4, 3, 4, 1, 0, 5, 3, 3, 0, 1, 2, 3]
[2352, 10, 8, 1, 10, 3, 4, 2, 1, 8, 10, 2, 10, 4, 2, 6, 3, 7, 1, 7, 1, 3, 4, 5, 7, 10, 1, 3, 10, 1, 3, 2, 10, 10, 1, 3, 7, 3, 1, 9, 1, 10, 10, 3, 10, 7, 2, 9, 4, 10, 5, 4, 4, 3, 0, 4, 6, 3, 1, 1, 7, 2, 3, 2, 3, 4, 1, 3, 2, 2, 5, 1, 1, 5, 2, 0, 4, 0, 6, 9, 4, 5, 6, 1, 2, 2, 0, 0, 1, 4, 3, 4, 1, 0, 5, 3, 3, 0, 1, 2, 3]
[2357, 10, 8, 1, 10, 3, 4, 2, 1, 8, 10, 2, 10, 4, 2, 6, 3, 7, 1, 7, 1, 3, 4, 5, 7, 10, 1, 3, 10, 1, 3, 3, 10, 10, 1, 3, 7, 3, 1, 9, 1, 10, 10, 3, 10, 7, 2, 9, 5, 10, 5, 4, 4, 3, 0, 4, 6, 3, 1, 1, 7, 2, 3, 2, 3, 4, 1, 3, 2, 2, 5, 1, 1, 5, 2, 0, 4, 0, 6, 9, 4, 5, 6, 1, 2, 2, 0, 0, 1, 4, 3, 4, 1, 0, 5, 3, 3, 0, 1, 2, 3]
[2358, 10, 8, 1, 10, 3, 5, 2, 1, 8, 10, 2, 10, 4, 2, 6, 3, 7, 1, 7, 1, 3, 4, 5, 7, 10, 1, 3, 10, 1, 3, 3, 10, 10, 1, 3, 7, 3, 1, 9, 1, 10, 10, 3, 10, 7, 2, 9, 5, 10, 5, 4, 4, 3, 0, 4, 6, 3, 1, 1, 7, 2, 3, 2, 3, 4, 1, 3, 2, 2, 5, 1, 1, 5, 2, 0, 4, 0, 6, 9, 4, 5, 6, 1, 2, 2, 0, 0, 1, 4, 3, 4, 1, 0, 5, 3, 3, 0, 1, 2, 3]
[2359, 10, 8, 2, 10, 3, 5, 2, 1, 8, 10, 2, 10, 4, 2, 6, 3, 7, 1, 7, 1, 3, 4, 5, 7, 10, 1, 3, 10, 1, 3, 3, 10, 10, 1, 3, 7, 3, 1, 9, 1, 10, 10, 3, 10, 7, 2, 9, 5, 10, 5, 4, 4, 3, 0, 4, 6, 3, 1, 1, 7, 2, 3, 2, 3, 4, 1, 3, 2, 2, 5, 1, 1, 5, 2, 0, 4, 0, 6, 9, 4, 5, 6, 1, 2, 2, 0, 0, 1, 4, 3, 4, 1, 0, 5, 3, 3, 0, 1, 2, 3]
[2364, 10, 8, 2, 10, 3, 5, 2, 1, 8, 10, 2, 10, 4, 2, 6, 3, 7, 1, 7, 1, 3, 4, 5, 7, 10, 1, 3, 10, 1, 3, 3, 10, 10, 1, 3, 7, 3, 1, 9, 1, 10, 10, 3, 10, 7, 2, 9, 6, 10, 5, 4, 4, 3, 0, 4, 6, 3, 1, 1, 7, 2, 3, 2, 3, 4, 1, 3, 2, 2, 5, 1, 1, 6, 2, 0, 4, 0, 6, 9, 4, 5, 6, 1, 2, 2, 0, 0, 1, 4, 3, 4, 1, 0, 5, 3, 3, 0, 1, 2, 3]
[2378, 10, 8, 2, 10, 3, 5, 2, 1, 8, 10, 2, 10, 4, 3, 6, 3, 7, 1, 7, 1, 3, 4, 5, 7, 10, 1, 3, 10, 1, 3, 3, 10, 10, 1, 3, 7, 3, 1, 9, 1, 10, 10, 3, 10, 7, 2, 9, 6, 10, 5, 4, 4, 3, 0, 4, 6, 3, 1, 1, 7, 2, 3, 2, 3, 4, 1, 3, 2, 2, 5, 1, 1, 6, 2, 0, 4, 0, 6, 9, 4, 5, 6, 1, 2, 3, 0, 0, 1, 4, 3, 4, 1, 0, 5, 3, 3, 0, 1, 2, 3]
[2394, 10, 8, 2, 10, 3, 5, 2, 1, 8, 10, 2, 10, 4, 3, 6, 3, 7, 1, 7, 1, 3, 4, 5, 7, 10, 1, 3, 10, 1, 3, 3, 10, 10, 1, 3, 7, 3, 1, 9, 2, 10, 10, 3, 10, 7, 2, 9, 6, 10, 5, 4, 4, 3, 0, 4, 6, 3, 1, 1, 7, 2, 3, 2, 3, 4, 1, 3, 2, 2, 5, 1, 1, 6, 2, 0, 4, 0, 6, 9, 4, 5, 6, 1, 2, 3, 0, 0, 1, 4, 3, 4, 1, 0, 5, 3, 3, 0, 1, 2, 3]
[2400, 10, 8, 2, 10, 3, 5, 2, 1, 8, 10, 2, 10, 4, 3, 6, 4, 7, 1, 7, 1, 3, 4, 5, 7, 10, 1, 3, 10, 1, 3, 3, 10, 10, 1, 3, 7, 3, 1, 9, 2, 10, 10, 3, 10, 7, 2, 9, 6, 10, 5, 4, 4, 3, 0, 4, 6, 3, 1, 1, 7, 2, 3, 2, 3, 4, 1, 3, 2, 2, 5, 1, 1, 6, 2, 0, 4, 0, 6, 9, 4, 5, 6, 1, 2, 3, 0, 0, 1, 4, 3, 4, 1, 0, 5, 3, 3, 0, 1, 2, 3]
[2401, 10, 8, 2, 10, 3, 5, 2, 1, 8, 10, 2, 10, 4, 3, 6, 5, 7, 1, 7, 1, 3, 4, 5, 7, 10, 1, 3, 10, 1, 3, 3, 10, 10, 1, 3, 7, 3, 1, 9, 2, 10, 10, 3, 10, 7, 2, 9, 6, 10, 5, 4, 4, 3, 0, 4, 6, 3, 1, 1, 7, 2, 3, 2, 3, 4, 1, 3, 2, 2, 5, 1, 1, 6, 2, 0, 4, 0, 6, 9, 4, 5, 6, 1, 2, 3, 0, 0, 1, 4, 3, 4, 1, 0, 5, 3, 3, 0, 1, 2, 3]
[2402, 10, 8, 2, 10, 3, 5, 2, 1, 8, 10, 2, 10, 4, 3, 6, 6, 7, 1, 8, 1, 3, 4, 5, 7, 10, 1, 3, 10, 1, 3, 3, 10, 10, 1, 3, 7, 3, 1, 9, 2, 10, 10, 3, 10, 7, 2, 9, 6, 10, 5, 4, 4, 3, 0, 4, 6, 3, 1, 1, 7, 2, 3, 2, 3, 4, 1, 3, 2, 2, 5, 1, 1, 6, 2, 0, 4, 0, 6, 9, 4, 5, 6, 1, 2, 3, 0, 0, 1, 4, 3, 4, 1, 0, 5, 3, 3, 0, 1, 2, 3]
[2404, 10, 8, 2, 10, 3, 5, 2, 1, 8, 10, 2, 10, 4, 3, 6, 8, 7, 1, 8, 1, 3, 4, 5, 7, 10, 1, 3, 10, 1, 3, 3, 10, 10, 1, 3, 7, 3, 1, 9, 2, 10, 10, 3, 10, 7, 2, 9, 6, 10, 5, 4, 4, 3, 0, 4, 6, 3, 1, 1, 7, 2, 3, 2, 3, 4, 1, 3, 2, 2, 5, 1, 1, 6, 2, 0, 4, 0, 6, 9, 4, 5, 6, 1, 2, 3, 0, 0, 1, 4, 3, 4, 1, 0, 5, 3, 3, 0, 1, 2, 3]
[2405, 10, 8, 2, 10, 3, 5, 2, 1, 8, 10, 2, 10, 4, 3, 6, 9, 7, 1, 8, 1, 3, 4, 5, 7, 10, 1, 3, 10, 1, 3, 3, 10, 10, 1, 3, 7, 3, 1, 9, 2, 10, 10, 3, 10, 7, 2, 9, 6, 10, 5, 4, 4, 3, 0, 4, 6, 3, 1, 1, 7, 2, 3, 3, 3, 4, 1, 3, 2, 2, 5, 1, 1, 6, 2, 0, 4, 0, 6, 9, 4, 5, 6, 1, 2, 3, 0, 0, 1, 4, 3, 4, 1, 0, 5, 3, 3, 0, 1, 2, 3]
[2406, 10, 8, 2, 10, 3, 5, 2, 1, 8, 10, 2, 10, 4, 3, 6, 9, 7, 1, 8, 1, 3, 4, 5, 7, 10, 1, 3, 10, 1, 3, 3, 10, 10, 1, 3, 7, 3, 1, 9, 2, 10, 10, 3, 10, 7, 2, 9, 6, 10, 5, 4, 4, 3, 0, 4, 6, 3, 1, 1, 7, 2, 3, 3, 3, 4, 1, 3, 2, 2, 5, 1, 1, 6, 2, 0, 4, 0, 6, 9, 4, 5, 6, 1, 2, 3, 0, 0, 1, 4, 3, 4, 1, 0, 5, 3, 3, 0, 1, 3, 3]
[2409, 10, 8, 2, 10, 3, 5, 2, 1, 8, 10, 2, 10, 4, 3, 6, 9, 7, 1, 8, 1, 3, 4, 5, 7, 10, 1, 3, 10, 1, 3, 3, 10, 10, 1, 3, 7, 3, 1, 9, 2, 10, 10, 3, 10, 7, 2, 9, 6, 10, 5, 4, 4, 3, 0, 4, 6, 3, 1, 1, 7, 2, 3, 3, 3, 4, 1, 3, 2, 2, 5, 1, 1, 6, 2, 0, 4, 0, 6, 9, 4, 5, 6, 1, 2, 3, 0, 0, 1, 4, 3, 4, 1, 1, 5, 3, 3, 0, 1, 3, 3]
[2410, 10, 8, 2, 10, 3, 5, 2, 1, 8, 10, 2, 10, 4, 3, 6, 9, 7, 1, 9, 1, 3, 4, 5, 7, 10, 1, 3, 10, 1, 3, 3, 10, 10, 1, 3, 7, 3, 1, 9, 2, 10, 10, 3, 10, 7, 2, 9, 6, 10, 5, 4, 4, 3, 0, 4, 6, 3, 1, 1, 7, 2, 3, 3, 3, 4, 1, 3, 2, 2, 5, 1, 1, 6, 2, 0, 4, 0, 6, 9, 4, 5, 6, 1, 2, 3, 0, 0, 1, 4, 3, 4, 1, 1, 5, 3, 3, 0, 1, 3, 3]
[2412, 10, 8, 2, 10, 3, 5, 2, 1, 8, 10, 2, 10, 4, 3, 6, 9, 7, 1, 9, 1, 3, 5, 5, 7, 10, 1, 3, 10, 1, 3, 3, 10, 10, 1, 3, 7, 3, 1, 9, 2, 10, 10, 3, 10, 7, 2, 9, 6, 10, 5, 4, 4, 3, 0, 4, 6, 3, 1, 1, 7, 2, 3, 3, 3, 4, 1, 3, 2, 2, 5, 1, 1, 6, 2, 0, 4, 0, 6, 9, 4, 5, 6, 1, 2, 3, 0, 0, 1, 4, 3, 4, 1, 1, 5, 3, 3, 0, 1, 3, 3]
[2413, 10, 8, 2, 10, 3, 5, 3, 1, 8, 10, 2, 10, 4, 3, 6, 9, 7, 1, 9, 1, 3, 5, 5, 7, 10, 1, 3, 10, 1, 3, 3, 10, 10, 1, 3, 7, 3, 1, 9, 3, 10, 10, 3, 10, 7, 2, 9, 6, 10, 5, 4, 4, 3, 0, 4, 6, 3, 1, 1, 7, 2, 3, 4, 3, 4, 1, 4, 2, 2, 5, 1, 1, 6, 2, 0, 4, 0, 6, 9, 4, 5, 6, 1, 2, 3, 0, 0, 1, 4, 3, 4, 1, 1, 5, 3, 3, 0, 1, 4, 3]
[2416, 10, 8, 2, 10, 3, 5, 3, 1, 8, 10, 2, 10, 4, 3, 6, 10, 7, 1, 9, 1, 3, 5, 5, 7, 10, 1, 3, 10, 1, 3, 3, 10, 10, 1, 3, 7, 3, 1, 9, 3, 10, 10, 3, 10, 7, 2, 9, 6, 10, 5, 4, 4, 3, 0, 4, 6, 3, 1, 1, 7, 2, 3, 4, 3, 4, 1, 4, 2, 2, 5, 1, 1, 6, 2, 0, 4, 0, 6, 9, 4, 5, 6, 1, 2, 3, 0, 0, 1, 4, 3, 4, 1, 1, 5, 3, 3, 0, 1, 4, 3]
