[111, 0, 0, 0, 0, 0, 0, 0, 0, 0, 0, 0, 0, 0, 0, 0, 0, 0, 0, 20, 0, 20]
[125, 0, 0, 0, 0, 0, 0, 0, 0, 0, 0, 0, 20, 0, 0, 0, 0, 0, 0, 20, 0, 40]
[140, 0, 0, 0, 0, 0, 0, 0, 0, 0, 0, 0, 20, 0, 20, 0, 0, 0, 0, 20, 0, 60]
[147, 0, 0, 0, 0, 0, 0, 0, 0, 0, 0, 0, 20, 0, 20, 0, 0, 20, 0, 20, 0, 80]
[171, 0, 0, 0, 0, 0, 0, 0, 0, 0, 20, 0, 20, 0, 20, 0, 0, 20, 0, 20, 0, 100]
[178, 0, 0, 20, 0, 0, 0, 0, 0, 0, 20, 0, 20, 0, 20, 0, 0, 20, 0, 20, 0, 120]
[179, 0, 0, 20, 0, 0, 0, 0, 0, 0, 20, 0, 20, 0, 20, 0, 0, 20, 0, 40, 0, 140]
[187, 0, 0, 20, 0, 0, 0, 0, 20, 0, 20, 0, 20, 0, 20, 0, 0, 20, 0, 40, 0, 160]
[192, 0, 0, 20, 0, 0, 0, 0, 20, 0, 20, 0, 20, 0, 20, 0, 20, 20, 0, 40, 0, 180]
[206, 0, 0, 20, 0, 0, 0, 0, 20, 0, 20, 0, 40, 0, 20, 0, 20, 20, 0, 40, 0, 200]
[209, 0, 0, 20, 0, 0, 0, 0, 20, 0, 20, 20, 40, 0, 20, 0, 20, 20, 0, 40, 0, 220]
[253, 0, 0, 20, 0, 0, 0, 0, 20, 0, 20, 20, 40, 0, 20, 20, 20, 20, 0, 40, 0, 240]
[255, 0, 0, 20, 0, 0, 0, 0, 20, 0, 20, 20, 40, 20, 20, 20, 20, 20, 0, 40, 0, 260]
[282, 0, 0, 20, 0, 0, 0, 0, 40, 0, 20, 20, 40, 20, 20, 20, 20, 20, 40, 40, 0, 300]
[285, 0, 0, 20, 0, 20, 0, 0, 40, 0, 20, 20, 40, 20, 20, 20, 20, 20, 40, 40, 0, 320]
[287, 0, 0, 20, 0, 20, 40, 0, 40, 0, 20, 20, 40, 20, 20, 20, 20, 20, 40, 40, 0, 340]
[292, 0, 0, 20, 0, 20, 40, 20, 40, 0, 20, 20, 40, 20, 20, 20, 20, 20, 40, 40, 0, 360]
[311, 0, 0, 40, 0, 20, 40, 20, 40, 0, 20, 20, 40, 20, 20, 20, 20, 20, 40, 40, 0, 380]
[331, 0, 0, 40, 0, 20, 40, 20, 40, 0, 20, 20, 40, 20, 40, 20, 20, 20, 40, 40, 0, 400]
[341, 0, 0, 40, 0, 20, 40, 20, 40, 0, 20, 20, 40, 20, 40, 40, 20, 20, 40, 40, 0, 420]
[341, 0, 0, 40, 0, 20, 40, 20, 40, 0, 20, 20, 40, 20, 40, 40, 40, 20, 40, 40, 0, 440]
[356, 0, 0, 40, 0, 20, 40, 20, 40, 0, 40, 20, 40, 20, 40, 40, 40, 20, 40, 40, 0, 460]
[377, 0, 0, 40, 0, 20, 40, 20, 40, 0, 40, 20, 40, 20, 40, 40, 40, 20, 60, 40, 0, 480]
[380, 0, 0, 40, 0, 20, 40, 20, 40, 0, 40, 20, 60, 20, 40, 40, 40, 20, 60, 40, 0, 500]
[398, 0, 0, 40, 0, 20, 40, 20, 40, 0, 40, 40, 60, 20, 40, 40, 40, 20, 60, 40, 0, 520]
[401, 0, 0, 40, 0, 20, 60, 20, 40, 0, 40, 40, 60, 20, 40, 40, 40, 20, 60, 40, 0, 540]
[416, 0, 0, 40, 0, 20, 60, 20, 40, 0, 40, 40, 60, 40, 40, 40, 40, 20, 60, 40, 0, 560]
[434, 0, 0, 40, 0, 20, 60, 20, 40, 20, 40, 40, 60, 40, 40, 40, 40, 20, 60, 40, 0, 580]
[461, 0, 0, 40, 0, 20, 60, 20, 40, 20, 40, 40, 60, 40, 40, 60, 40, 20, 60, 40, 0, 600]
[489, 0, 0, 40, 0, 20, 60, 20, 40, 20, 40, 40, 60, 40, 40, 60, 40, 20, 60, 80, 0, 620]
[492, 0, 0, 40, 0, 20, 60, 20, 40, 20, 40, 40, 60, 40, 40, 60, 40, 20, 80, 80, 0, 640]
[532, 0, 0, 40, 0, 20, 60, 20, 80, 20, 40, 40, 60, 40, 40, 60, 40, 20, 80, 80, 0, 660]
[537, 0, 0, 80, 0, 20, 60, 20, 80, 20, 40, 40, 60, 40, 40, 60, 40, 20, 80, 80, 0, 680]
[539, 0, 0, 80, 0, 20, 60, 20, 80, 20, 40, 40, 60, 40, 60, 60, 40, 20, 80, 80, 0, 700]
[546, 40, 0, 80, 0, 20, 60, 20, 80, 20, 40, 40, 60, 40, 60, 60, 40, 20, 80, 80, 0, 720]
[547, 40, 0, 80, 0, 20, 60, 20, 80, 20, 40, 40, 60, 40, 60, 60, 40, 20, 80, 80, 20, 740]
[558, 40, 0, 80, 0, 20, 60, 20, 80, 20, 40, 40, 60, 40, 60, 60, 60, 20, 80, 80, 20, 760]
[582, 40, 0, 80, 40, 20, 60, 20, 80, 20, 40, 40, 60, 40, 60, 60, 60, 20, 80, 80, 20, 780]
[596, 40, 0, 80, 40, 20, 60, 20, 80, 20, 40, 40, 60, 40, 60, 80, 60, 20, 80, 80, 20, 800]
[609, 40, 0, 80, 40, 20, 60, 20, 100, 20, 40, 40, 60, 40, 60, 80, 60, 20, 80, 80, 20, 820]
[640, 40, 0, 80, 40, 20, 60, 20, 100, 20, 40, 40, 100, 40, 60, 80, 60, 20, 80, 80, 20, 840]
[656, 40, 0, 100, 40, 20, 60, 20, 100, 20, 40, 40, 100, 40, 60, 80, 60, 20, 80, 80, 20, 860]
[657, 40, 0, 100, 40, 20, 60, 20, 100, 20, 40, 40, 100, 40, 60, 80, 60, 20, 80, 100, 20, 880]
[665, 40, 0, 100, 40, 20, 60, 20, 100, 20, 40, 40, 100, 40, 60, 80, 60, 60, 80, 100, 20, 900]
[693, 40, 0, 100, 40, 20, 60, 20, 100, 20, 40, 40, 100, 40, 60, 80, 80, 60, 80, 100, 20, 920]
[697, 40, 0, 100, 40, 40, 60, 20, 100, 20, 40, 40, 100, 40, 60, 80, 80, 60, 80, 100, 20, 940]
[703, 40, 0, 100, 40, 40, 60, 20, 100, 20, 40, 40, 100, 40, 60, 100, 80, 60, 80, 100, 20, 960]
[706, 40, 0, 100, 60, 40, 60, 20, 100, 20, 40, 40, 100, 40, 60, 100, 80, 60, 80, 100, 20, 980]
[713, 40, 0, 100, 60, 40, 100, 20, 120, 20, 40, 40, 100, 40, 60, 100, 80, 60, 80, 100, 20, 1020]
[774, 80, 0, 100, 60, 40, 100, 20, 120, 20, 40, 40, 100, 40, 60, 100, 80, 60, 80, 100, 20, 1040]
[775, 80, 0, 100, 60, 40, 100, 20, 120, 20, 40, 40, 100, 40, 60, 100, 80, 80, 80, 100, 20, 1060]
[790, 80, 0, 100, 60, 40, 100, 20, 120, 20, 40, 40, 120, 40, 60, 100, 80, 80, 80, 100, 20, 1080]
[804, 80, 0, 100, 60, 40, 100, 20, 120, 20, 40, 40, 120, 40, 60, 100, 80, 80, 140, 100, 20, 1100]
[807, 80, 0, 100, 60, 40, 120, 20, 120, 20, 40, 40, 120, 40, 60, 100, 80, 80, 140, 100, 20, 1120]
[818, 80, 40, 100, 60, 40, 120, 20, 120, 20, 40, 40, 120, 40, 60, 100, 80, 80, 140, 100, 20, 1140]
[847, 80, 40, 100, 80, 40, 120, 20, 120, 20, 40, 40, 120, 40, 60, 100, 80, 80, 140, 100, 20, 1160]
[866, 100, 40, 100, 80, 40, 120, 20, 120, 20, 40, 40, 120, 40, 60, 100, 80, 80, 140, 100, 20, 1180]
[883, 100, 40, 100, 80, 60, 120, 20, 120, 20, 40, 40, 120, 40, 60, 100, 80, 80, 140, 100, 20, 1200]
[896, 100, 40, 100, 80, 60, 120, 20, 120, 20, 40, 40, 120, 40, 60, 120, 80, 80, 140, 100, 20, 1220]
[899, 100, 40, 100, 80, 60, 120, 20, 120, 20, 40, 40, 120, 40, 100, 120, 80, 80, 140, 100, 20, 1240]
[899, 100, 40, 100, 80, 60, 120, 20, 120, 20, 40, 40, 120, 40, 100, 120, 80, 80, 140, 140, 20, 1260]
[900, 100, 40, 100, 80, 60, 120, 20, 120, 20, 40, 40, 140, 40, 100, 120, 80, 80, 140, 140, 20, 1280]
[931, 100, 40, 140, 80, 60, 120, 20, 120, 20, 40, 40, 140, 40, 100, 120, 80, 80, 140, 140, 20, 1300]
[938, 100, 60, 140, 80, 60, 120, 20, 120, 20, 40, 40, 140, 40, 100, 120, 80, 80, 140, 140, 20, 1320]
[939, 100, 60, 140, 80, 60, 120, 20, 120, 20, 40, 40, 140, 40, 100, 120, 80, 80, 140, 140, 40, 1340]
[963, 120, 60, 140, 80, 60, 120, 20, 120, 20, 40, 40, 140, 40, 100, 120, 80, 80, 140, 140, 40, 1360]
[964, 120, 60, 140, 80, 60, 120, 20, 120, 20, 40, 40, 140, 40, 100, 140, 80, 80, 140, 140, 40, 1380]
[999, 120, 60, 140, 80, 60, 120, 20, 140, 20, 40, 40, 140, 40, 100, 140, 80, 80, 140, 140, 40, 1400]
[1023, 120, 60, 160, 80, 60, 120, 20, 140, 20, 40, 40, 140, 40, 100, 140, 80, 80, 140, 140, 40, 1420]
[1031, 120, 60, 160, 80, 60, 120, 20, 140, 20, 40, 100, 140, 40, 100, 140, 80, 80, 140, 140, 40, 1440]
[1046, 120, 60, 160, 80, 60, 120, 20, 140, 20, 40, 100, 140, 40, 100, 140, 80, 120, 140, 140, 40, 1460]
[1052, 120, 60, 160, 100, 60, 120, 20, 140, 20, 40, 100, 140, 40, 100, 140, 80, 120, 140, 140, 40, 1480]
[1054, 120, 60, 160, 100, 60, 120, 20, 140, 20, 60, 100, 140, 40, 100, 140, 80, 120, 140, 140, 40, 1500]
[1056, 120, 60, 160, 100, 60, 120, 20, 140, 20, 60, 100, 140, 40, 100, 140, 120, 120, 140, 140, 40, 1520]
[1107, 120, 60, 160, 100, 60, 120, 20, 140, 20, 60, 100, 140, 40, 100, 140, 120, 120, 160, 140, 40, 1540]
[1141, 120, 60, 160, 100, 60, 120, 20, 160, 20, 60, 100, 140, 40, 100, 140, 120, 120, 160, 140, 40, 1560]
[1144, 120, 60, 160, 100, 60, 120, 20, 160, 20, 60, 100, 140, 80, 100, 140, 120, 120, 160, 140, 40, 1580]
[1145, 120, 60, 160, 100, 60, 120, 20, 160, 20, 60, 100, 140, 80, 100, 140, 120, 120, 160, 140, 80, 1600]
[1159, 120, 60, 160, 100, 60, 120, 40, 160, 20, 60, 100, 140, 80, 100, 140, 120, 120, 160, 140, 80, 1620]
[1165, 120, 60, 160, 100, 60, 120, 40, 160, 20, 60, 100, 140, 80, 100, 180, 120, 120, 160, 140, 80, 1640]
[1211, 120, 60, 160, 120, 60, 120, 40, 160, 20, 60, 100, 140, 80, 100, 180, 120, 120, 160, 140, 80, 1660]
[1227, 120, 60, 160, 120, 60, 120, 40, 160, 20, 60, 100, 140, 80, 140, 180, 120, 120, 160, 140, 80, 1680]
[1257, 120, 60, 160, 120, 60, 120, 40, 160, 20, 60, 100, 140, 80, 140, 180, 120, 120, 160, 160, 80, 1700]
[1259, 140, 60, 160, 120, 60, 120, 40, 160, 20, 60, 100, 140, 80, 140, 180, 120, 120, 160, 160, 80, 1720]
[1280, 140, 60, 160, 120, 100, 120, 40, 160, 20, 60, 100, 140, 80, 140, 180, 120, 120, 160, 160, 80, 1740]
[1296, 140, 60, 160, 120, 100, 120, 40, 160, 20, 60, 100, 140, 80, 140, 180, 120, 120, 160, 160, 100, 1760]
[1318, 140, 60, 160, 120, 100, 120, 40, 160, 20, 60, 100, 140, 80, 140, 180, 140, 120, 160, 160, 100, 1780]
[1318, 140, 60, 160, 120, 100, 120, 40, 160, 20, 60, 140, 140, 80, 140, 180, 140, 120, 160, 160, 100, 1800]
[1321, 140, 60, 160, 120, 100, 120, 40, 160, 20, 60, 140, 180, 80, 140, 180, 140, 120, 160, 160, 100, 1820]
[1348, 140, 60, 160, 120, 100, 120, 60, 160, 20, 60, 140, 180, 80, 140, 180, 140, 120, 160, 160, 100, 1840]
[1367, 140, 60, 160, 120, 100, 120, 60, 160, 20, 60, 140, 180, 80, 140, 180, 140, 160, 160, 160, 100, 1860]
[1401, 140, 60, 160, 120, 100, 120, 60, 160, 20, 60, 140, 180, 80, 160, 180, 140, 160, 160, 160, 100, 1880]
[1408, 140, 60, 160, 120, 100, 120, 60, 180, 20, 60, 140, 180, 80, 160, 180, 140, 160, 160, 160, 100, 1900]
[1419, 140, 80, 160, 120, 100, 120, 60, 180, 20, 60, 140, 180, 80, 160, 200, 140, 160, 160, 160, 100, 1940]
[1435, 140, 80, 160, 120, 100, 120, 60, 180, 20, 60, 160, 180, 80, 160, 200, 140, 160, 160, 160, 100, 1960]
[1470, 140, 80, 160, 120, 100, 120, 60, 180, 20, 80, 160, 180, 80, 160, 200, 140, 160, 160, 160, 100, 1980]
[1479, 160, 80, 160, 120, 100, 120, 60, 180, 20, 80, 160, 180, 80, 160, 200, 140, 160, 160, 160, 100, 2000]
[1480, 160, 80, 160, 140, 100, 120, 60, 180, 20, 80, 160, 180, 80, 160, 200, 140, 160, 160, 160, 100, 2020]
[1497, 160, 80, 160, 140, 100, 120, 60, 180, 40, 80, 160, 180, 80, 160, 200, 140, 160, 160, 160, 100, 2040]
[1519, 160, 80, 160, 140, 100, 120, 60, 180, 40, 80, 160, 200, 80, 160, 200, 140, 160, 160, 160, 100, 2060]
[1533, 160, 80, 160, 140, 100, 120, 80, 180, 40, 80, 160, 200, 80, 160, 200, 140, 160, 160, 160, 100, 2080]
[1536, 160, 80, 160, 140, 100, 120, 80, 180, 40, 80, 160, 200, 120, 160, 200, 140, 160, 160, 160, 100, 2100]
[1539, 160, 80, 160, 140, 100, 140, 80, 180, 40, 80, 160, 200, 120, 160, 200, 140, 160, 160, 160, 100, 2120]
[1558, 160, 80, 200, 140, 100, 140, 80, 180, 40, 80, 160, 200, 120, 160, 200, 140, 160, 160, 160, 100, 2140]
[1567, 160, 80, 200, 140, 100, 140, 80, 180, 40, 80, 160, 200, 120, 180, 200, 140, 160, 160, 160, 100, 2160]
[1588, 160, 80, 200, 140, 100, 140, 80, 180, 40, 80, 160, 200, 120, 180, 220, 140, 160, 160, 160, 100, 2180]
[1593, 160, 100, 200, 140, 100, 140, 80, 180, 40, 80, 160, 200, 120, 180, 220, 140, 160, 160, 160, 100, 2200]
[1598, 160, 100, 200, 140, 100, 140, 80, 180, 40, 100, 160, 200, 120, 180, 220, 140, 160, 160, 160, 100, 2220]
[1623, 160, 100, 200, 140, 100, 140, 80, 180, 40, 100, 160, 200, 120, 180, 220, 160, 160, 160, 160, 100, 2240]
[1656, 160, 100, 200, 140, 140, 140, 80, 180, 40, 100, 160, 200, 120, 180, 220, 160, 160, 160, 160, 100, 2260]
[1664, 160, 100, 200, 140, 140, 140, 80, 180, 40, 100, 160, 200, 120, 180, 220, 160, 160, 160, 200, 100, 2280]
[1668, 160, 100, 200, 140, 140, 140, 80, 180, 40, 100, 180, 200, 120, 180, 220, 160, 160, 160, 200, 100, 2300]
[1673, 160, 100, 200, 140, 140, 140, 80, 180, 40, 100, 180, 200, 140, 180, 220, 160, 160, 160, 200, 100, 2320]
[1681, 160, 100, 200, 140, 140, 160, 80, 180, 40, 100, 180, 200, 140, 180, 220, 160, 160, 160, 200, 100, 2340]
[1703, 160, 100, 200, 140, 140, 160, 100, 180, 40, 100, 180, 200, 140, 180, 220, 160, 160, 160, 200, 100, 2360]
[1707, 180, 100, 200, 140, 140, 160, 100, 180, 40, 100, 180, 200, 140, 180, 220, 160, 160, 160, 200, 100, 2380]
[1748, 180, 100, 200, 140, 140, 160, 100, 180, 40, 100, 180, 200, 140, 180, 220, 160, 160, 220, 200, 100, 2400]
[1751, 180, 100, 200, 140, 140, 160, 100, 180, 60, 100, 180, 200, 140, 180, 220, 160, 160, 220, 200, 100, 2420]
[1770, 180, 100, 200, 140, 140, 160, 100, 180, 60, 100, 180, 200, 140, 180, 220, 160, 160, 220, 200, 140, 2440]
[1786, 180, 100, 200, 160, 140, 160, 100, 180, 60, 100, 180, 200, 140, 180, 220, 160, 160, 220, 200, 140, 2460]
[1799, 180, 100, 200, 160, 140, 160, 100, 180, 60, 100, 180, 200, 140, 180, 220, 180, 160, 220, 200, 140, 2480]
[1804, 180, 100, 200, 160, 140, 160, 100, 180, 60, 100, 180, 200, 140, 180, 220, 180, 180, 220, 200, 140, 2500]
[1829, 180, 100, 200, 160, 140, 160, 100, 180, 60, 100, 180, 200, 140, 220, 220, 180, 180, 220, 200, 140, 2520]
[1834, 180, 100, 200, 160, 140, 160, 100, 180, 60, 100, 200, 200, 140, 220, 220, 180, 180, 220, 200, 140, 2540]
[1852, 180, 100, 200, 160, 140, 160, 100, 180, 60, 100, 200, 200, 180, 220, 220, 180, 180, 220, 200, 140, 2560]
[1852, 180, 100, 200, 160, 140, 160, 100, 180, 60, 100, 200, 200, 180, 220, 220, 180, 180, 220, 220, 140, 2580]
[1905, 180, 100, 200, 160, 140, 160, 100, 180, 60, 100, 200, 200, 180, 220, 240, 180, 180, 220, 220, 140, 2600]
[1906, 180, 100, 200, 160, 140, 160, 100, 180, 60, 100, 200, 200, 180, 220, 240, 180, 180, 220, 220, 160, 2620]
[1912, 180, 100, 200, 160, 140, 160, 100, 180, 60, 100, 200, 200, 180, 220, 240, 180, 180, 240, 220, 160, 2640]
[1944, 180, 100, 200, 160, 140, 160, 100, 180, 80, 100, 200, 200, 180, 220, 240, 180, 180, 240, 220, 160, 2660]
[1964, 180, 100, 200, 160, 140, 160, 100, 200, 80, 100, 200, 200, 180, 220, 240, 180, 180, 240, 220, 160, 2680]
[1981, 180, 100, 200, 160, 140, 160, 100, 200, 80, 100, 220, 200, 180, 220, 240, 180, 180, 240, 220, 160, 2700]
[1985, 180, 100, 200, 160, 140, 160, 100, 200, 80, 100, 220, 200, 180, 220, 240, 180, 200, 240, 220, 160, 2720]
[1988, 200, 100, 200, 160, 140, 160, 100, 200, 80, 100, 220, 200, 180, 220, 240, 180, 200, 240, 220, 160, 2740]
[2002, 200, 100, 200, 160, 140, 160, 100, 200, 80, 100, 220, 200, 180, 220, 240, 200, 200, 240, 220, 160, 2760]
[2045, 200, 100, 200, 160, 140, 160, 100, 200, 80, 100, 220, 200, 180, 240, 240, 200, 200, 240, 220, 160, 2780]
[2049, 200, 100, 200, 160, 140, 160, 100, 200, 80, 100, 220, 200, 180, 240, 240, 200, 200, 240, 220, 180, 2800]
[2071, 200, 100, 200, 160, 140, 160, 100, 200, 80, 100, 220, 280, 180, 240, 240, 200, 200, 240, 220, 180, 2820]
[2079, 200, 100, 200, 160, 140, 160, 100, 200, 80, 100, 220, 280, 180, 240, 260, 200, 200, 240, 220, 180, 2840]
[2080, 200, 100, 200, 160, 140, 200, 100, 200, 80, 100, 220, 280, 180, 240, 260, 200, 200, 240, 220, 180, 2860]
[2098, 200, 100, 200, 160, 140, 200, 100, 200, 80, 100, 220, 280, 180, 240, 260, 200, 200, 240, 240, 180, 2880]
[2121, 200, 100, 200, 180, 140, 200, 100, 200, 80, 100, 220, 280, 200, 240, 260, 200, 200, 240, 240, 180, 2920]
[2124, 200, 100, 200, 180, 140, 200, 100, 200, 80, 100, 240, 280, 200, 240, 260, 200, 200, 240, 240, 180, 2940]
[2127, 200, 100, 200, 180, 140, 200, 100, 200, 100, 100, 240, 280, 200, 240, 260, 200, 200, 240, 240, 180, 2960]
[2185, 200, 100, 200, 180, 140, 200, 100, 200, 100, 100, 240, 280, 200, 240, 260, 200, 220, 240, 240, 180, 2980]
[2226, 200, 120, 200, 180, 140, 200, 100, 200, 100, 100, 240, 280, 200, 240, 260, 200, 220, 240, 240, 180, 3000]
[2249, 200, 120, 200, 180, 140, 200, 140, 200, 100, 100, 240, 280, 200, 240, 260, 200, 220, 240, 240, 200, 3040]
[2258, 200, 120, 200, 180, 140, 200, 140, 200, 100, 100, 240, 280, 200, 240, 260, 200, 220, 240, 260, 200, 3060]
[2261, 240, 120, 200, 180, 140, 200, 140, 200, 100, 100, 240, 280, 200, 240, 260, 200, 220, 240, 260, 200, 3080]
[2275, 240, 120, 200, 180, 140, 200, 140, 200, 100, 100, 240, 280, 220, 240, 260, 200, 220, 240, 260, 200, 3100]
[2276, 240, 120, 200, 180, 140, 200, 140, 220, 100, 100, 240, 280, 220, 240, 260, 200, 220, 240, 260, 200, 3120]
[2309, 240, 120, 200, 180, 140, 200, 140, 220, 100, 100, 240, 300, 220, 240, 260, 200, 220, 240, 260, 200, 3140]
[2310, 240, 120, 200, 180, 140, 200, 140, 220, 100, 100, 240, 300, 220, 260, 280, 200, 220, 240, 260, 200, 3180]
[2329, 240, 120, 200, 180, 140, 200, 140, 220, 100, 120, 240, 300, 220, 260, 280, 200, 220, 240, 260, 200, 3200]
[2337, 240, 120, 240, 180, 140, 200, 140, 220, 100, 120, 240, 300, 220, 260, 280, 200, 220, 240, 260, 200, 3220]
[2372, 240, 140, 240, 180, 140, 200, 140, 220, 100, 120, 240, 300, 220, 260, 280, 200, 220, 240, 260, 200, 3240]
[2384, 240, 140, 240, 180, 140, 200, 140, 220, 100, 120, 240, 300, 220, 260, 280, 200, 220, 240, 260, 220, 3260]
[2391, 240, 140, 240, 180, 140, 200, 140, 220, 100, 120, 240, 300, 240, 260, 280, 200, 220, 240, 260, 220, 3280]
[2404, 240, 140, 240, 180, 140, 200, 140, 220, 100, 120, 240, 300, 240, 260, 280, 200, 220, 260, 260, 220, 3300]
[2407, 240, 140, 240, 180, 160, 200, 140, 220, 100, 120, 240, 300, 240, 260, 280, 200, 220, 260, 260, 220, 3320]
[2408, 240, 140, 240, 180, 160, 200, 140, 220, 100, 120, 240, 300, 240, 260, 280, 200, 260, 260, 260, 220, 3340]
[2430, 240, 140, 240, 180, 160, 200, 160, 220, 100, 120, 240, 300, 240, 260, 280, 200, 260, 260, 260, 220, 3360]
[2436, 240, 140, 240, 180, 160, 220, 160, 220, 100, 120, 240, 300, 240, 260, 280, 200, 260, 260, 260, 220, 3380]
[2442, 240, 140, 240, 180, 160, 220, 160, 220, 100, 120, 240, 320, 240, 260, 280, 200, 260, 260, 260, 220, 3400]
[2456, 240, 140, 240, 180, 160, 220, 160, 220, 100, 120, 240, 320, 240, 260, 280, 220, 260, 260, 260, 220, 3420]
[2473, 240, 140, 240, 180, 160, 220, 160, 220, 100, 120, 240, 320, 240, 280, 280, 220, 260, 260, 260, 220, 3440]
[2478, 240, 140, 260, 180, 160, 220, 160, 220, 100, 120, 240, 320, 240, 280, 280, 220, 260, 260, 260, 220, 3460]
[2483, 240, 160, 260, 180, 160, 220, 160, 220, 100, 120, 240, 320, 240, 280, 280, 220, 260, 260, 260, 220, 3480]
[2498, 240, 160, 260, 180, 160, 220, 160, 220, 100, 120, 240, 320, 240, 280, 280, 220, 260, 260, 280, 220, 3500]
[2501, 240, 160, 260, 180, 160, 220, 160, 220, 100, 120, 240, 320, 240, 280, 300, 220, 260, 260, 280, 220, 3520]
[2505, 240, 160, 260, 180, 180, 220, 160, 220, 100, 120, 240, 320, 240, 280, 300, 220, 260, 260, 280, 220, 3540]
[2513, 240, 160, 260, 180, 180, 220, 160, 220, 100, 120, 260, 320, 240, 280, 300, 220, 260, 260, 280, 220, 3560]
[2515, 240, 160, 260, 180, 180, 220, 160, 220, 100, 120, 260, 320, 240, 280, 300, 220, 260, 260, 280, 240, 3580]
[2516, 240, 160, 260, 180, 180, 220, 160, 220, 100, 160, 260, 320, 240, 280, 300, 220, 260, 260, 280, 240, 3600]
[2522, 240, 160, 260, 180, 180, 220, 160, 220, 120, 160, 260, 320, 240, 280, 300, 220, 260, 260, 280, 240, 3620]
[2539, 240, 160, 260, 180, 180, 220, 160, 240, 120, 160, 260, 320, 240, 280, 300, 220, 260, 260, 280, 240, 3640]
[2544, 240, 160, 260, 200, 180, 220, 160, 240, 120, 160, 260, 320, 240, 280, 300, 220, 260, 260, 280, 240, 3660]
[2558, 240, 160, 260, 200, 180, 220, 160, 240, 120, 160, 260, 320, 260, 280, 300, 220, 260, 260, 280, 240, 3680]
[2562, 240, 160, 260, 200, 180, 220, 160, 240, 120, 160, 260, 340, 260, 280, 300, 220, 260, 260, 280, 240, 3700]
[2580, 240, 180, 280, 200, 180, 220, 160, 240, 120, 160, 260, 340, 260, 280, 300, 220, 260, 260, 280, 240, 3740]
[2589, 240, 180, 280, 200, 200, 220, 160, 240, 120, 160, 260, 340, 260, 280, 300, 220, 260, 260, 280, 240, 3760]
[2595, 260, 180, 280, 200, 200, 220, 160, 240, 120, 160, 260, 340, 260, 280, 300, 220, 260, 260, 280, 240, 3780]
[2608, 260, 180, 280, 200, 200, 220, 160, 240, 120, 160, 260, 340, 260, 280, 320, 220, 260, 260, 280, 240, 3800]
[2623, 260, 180, 280, 200, 200, 240, 160, 240, 120, 160, 260, 340, 260, 280, 320, 240, 260, 260, 280, 240, 3840]
[2624, 260, 180, 280, 200, 200, 240, 160, 240, 120, 160, 260, 340, 260, 280, 320, 240, 260, 260, 280, 260, 3860]
[2637, 260, 180, 280, 200, 200, 240, 160, 240, 120, 160, 260, 340, 260, 280, 320, 240, 260, 260, 300, 260, 3880]
[2651, 260, 180, 280, 200, 200, 240, 160, 240, 120, 160, 260, 360, 260, 280, 320, 240, 260, 260, 300, 260, 3900]
[2659, 260, 180, 280, 200, 200, 240, 160, 240, 140, 160, 260, 360, 260, 280, 320, 240, 260, 260, 300, 260, 3920]
[2676, 260, 180, 280, 200, 200, 240, 160, 240, 140, 160, 260, 360, 280, 280, 320, 240, 260, 260, 300, 260, 3940]
[2676, 260, 180, 280, 200, 200, 240, 200, 240, 140, 160, 260, 360, 280, 280, 320, 240, 260, 260, 300, 260, 3960]
[2688, 260, 180, 280, 200, 200, 240, 200, 260, 140, 160, 260, 360, 280, 280, 320, 240, 260, 260, 300, 260, 3980]
[2690, 280, 180, 280, 200, 200, 240, 200, 260, 140, 160, 260, 360, 280, 280, 320, 240, 280, 260, 300, 260, 4020]
[2704, 280, 180, 280, 200, 200, 240, 200, 260, 140, 160, 260, 360, 280, 300, 320, 240, 280, 260, 300, 260, 4040]
[2709, 280, 180, 280, 200, 200, 240, 200, 260, 140, 160, 260, 360, 280, 300, 340, 240, 280, 260, 300, 260, 4060]
[2711, 280, 180, 300, 200, 200, 240, 200, 260, 140, 160, 260, 360, 280, 300, 340, 240, 280, 260, 300, 260, 4080]
[2713, 280, 180, 300, 200, 200, 240, 200, 260, 140, 160, 260, 360, 280, 300, 340, 240, 280, 300, 300, 260, 4100]
[2721, 280, 180, 300, 200, 200, 240, 200, 260, 140, 160, 260, 380, 280, 300, 340, 240, 280, 300, 300, 260, 4120]
[2796, 280, 180, 300, 200, 200, 240, 200, 260, 160, 160, 260, 380, 280, 300, 340, 240, 280, 300, 300, 260, 4140]
[2802, 280, 180, 300, 200, 200, 260, 200, 260, 160, 160, 260, 380, 280, 300, 340, 240, 280, 300, 300, 260, 4160]
[2814, 280, 180, 300, 200, 200, 260, 200, 280, 160, 160, 260, 380, 280, 300, 340, 240, 300, 300, 300, 260, 4200]
[2815, 300, 180, 300, 200, 200, 260, 200, 280, 160, 160, 260, 380, 280, 300, 340, 240, 300, 300, 300, 260, 4220]
[2817, 300, 180, 300, 200, 220, 260, 200, 280, 160, 160, 260, 380, 280, 300, 340, 240, 300, 300, 300, 260, 4240]
[2822, 300, 180, 300, 200, 220, 260, 200, 280, 160, 160, 260, 380, 300, 300, 340, 240, 300, 300, 300, 260, 4260]
[2826, 300, 180, 300, 200, 220, 260, 200, 280, 160, 160, 260, 380, 300, 300, 340, 240, 300, 320, 300, 260, 4280]
[2829, 300, 180, 300, 200, 220, 260, 200, 280, 160, 160, 260, 400, 300, 300, 340, 240, 300, 320, 300, 260, 4300]
[2859, 300, 180, 300, 200, 220, 260, 200, 280, 160, 160, 260, 400, 300, 300, 340, 240, 300, 320, 320, 260, 4320]
[2879, 300, 180, 300, 200, 220, 260, 200, 280, 160, 160, 260, 400, 300, 320, 340, 240, 300, 320, 320, 260, 4340]
[2886, 300, 180, 320, 200, 220, 260, 200, 280, 160, 160, 260, 400, 300, 320, 340, 240, 300, 320, 320, 260, 4360]
[2894, 300, 180, 320, 200, 220, 260, 200, 280, 160, 160, 280, 400, 300, 320, 340, 240, 300, 320, 320, 260, 4380]
[2903, 300, 180, 320, 200, 220, 280, 200, 280, 160, 160, 280, 400, 300, 320, 340, 240, 300, 320, 320, 260, 4400]
[2924, 300, 180, 320, 200, 240, 280, 200, 280, 160, 160, 280, 400, 300, 320, 340, 240, 300, 320, 320, 260, 4420]
[2927, 300, 180, 320, 200, 240, 280, 200, 280, 160, 160, 280, 400, 300, 320, 360, 240, 300, 320, 320, 260, 4440]
[2931, 300, 180, 320, 200, 240, 280, 200, 280, 160, 160, 280, 400, 300, 320, 360, 280, 300, 320, 320, 260, 4460]
[2941, 300, 180, 320, 200, 240, 280, 200, 280, 160, 160, 280, 420, 300, 320, 360, 280, 300, 320, 320, 260, 4480]
[2942, 300, 180, 320, 200, 240, 280, 200, 280, 160, 180, 280, 420, 300, 320, 360, 280, 300, 320, 320, 260, 4500]
[2948, 300, 240, 320, 200, 240, 280, 200, 280, 160, 180, 280, 420, 300, 320, 360, 280, 300, 320, 320, 260, 4520]
[2950, 320, 240, 320, 200, 240, 280, 200, 280, 160, 180, 280, 420, 300, 320, 360, 280, 300, 320, 320, 260, 4540]
[2983, 320, 240, 320, 200, 240, 280, 200, 280, 160, 180, 280, 420, 300, 320, 360, 280, 300, 320, 320, 300, 4560]
[3001, 320, 240, 320, 200, 240, 280, 200, 280, 160, 180, 280, 420, 300, 320, 360, 280, 300, 340, 320, 300, 4580]
[3003, 320, 240, 320, 200, 240, 280, 200, 280, 160, 180, 280, 420, 300, 320, 360, 280, 300, 340, 340, 300, 4600]
[3015, 320, 240, 320, 200, 240, 280, 200, 280, 160, 180, 280, 420, 300, 340, 360, 280, 300, 340, 340, 300, 4620]
[3058, 320, 240, 320, 200, 260, 280, 200, 280, 160, 180, 280, 420, 300, 340, 360, 280, 300, 340, 340, 300, 4640]
[3065, 320, 240, 320, 200, 260, 280, 200, 280, 160, 200, 280, 420, 300, 340, 360, 280, 300, 340, 340, 300, 4660]
[3067, 320, 240, 320, 200, 260, 280, 200, 280, 160, 200, 280, 420, 300, 340, 360, 280, 300, 360, 340, 300, 4680]
[3086, 320, 240, 320, 200, 260, 280, 200, 280, 160, 200, 280, 420, 340, 340, 360, 280, 300, 360, 340, 300, 4700]
[3113, 320, 240, 320, 200, 260, 280, 200, 280, 160, 200, 320, 420, 340, 340, 360, 280, 300, 360, 340, 300, 4720]
[3128, 320, 240, 320, 200, 260, 280, 200, 280, 160, 200, 320, 420, 340, 340, 360, 280, 340, 360, 340, 300, 4740]
[3133, 320, 240, 320, 200, 260, 280, 200, 280, 160, 200, 320, 440, 340, 340, 360, 280, 340, 360, 340, 300, 4760]
[3165, 320, 240, 320, 200, 260, 280, 220, 280, 160, 200, 320, 440, 340, 340, 360, 280, 340, 360, 340, 300, 4780]
[3176, 320, 240, 320, 200, 260, 280, 220, 280, 160, 200, 320, 440, 340, 340, 360, 280, 340, 360, 340, 320, 4800]
[3185, 320, 240, 320, 200, 260, 280, 220, 320, 160, 200, 320, 440, 340, 340, 360, 280, 340, 360, 340, 320, 4820]
[3202, 320, 240, 320, 200, 260, 280, 220, 320, 160, 200, 320, 440, 340, 340, 360, 280, 340, 380, 340, 320, 4840]
[3206, 320, 240, 320, 200, 260, 280, 220, 320, 160, 200, 320, 440, 340, 360, 360, 280, 340, 380, 340, 320, 4860]
[3219, 320, 240, 340, 200, 260, 280, 220, 320, 160, 200, 320, 440, 340, 360, 360, 280, 340, 380, 340, 320, 4880]
[3254, 320, 240, 340, 200, 260, 280, 220, 320, 160, 200, 320, 440, 340, 360, 360, 280, 360, 380, 340, 320, 4900]
[3264, 340, 240, 340, 200, 260, 280, 220, 320, 160, 200, 320, 440, 340, 360, 360, 280, 360, 380, 340, 320, 4920]
[3270, 340, 240, 340, 200, 260, 280, 220, 320, 160, 200, 320, 440, 340, 360, 360, 340, 360, 380, 340, 320, 4940]
[3292, 340, 240, 340, 300, 260, 320, 220, 320, 160, 200, 320, 440, 340, 360, 360, 340, 360, 380, 340, 320, 4980]
[3295, 340, 240, 340, 300, 260, 320, 220, 320, 160, 200, 320, 440, 340, 360, 360, 340, 360, 380, 340, 340, 5000]
[3299, 340, 240, 340, 300, 260, 320, 220, 320, 200, 200, 320, 440, 340, 360, 360, 340, 360, 380, 340, 340, 5020]
[3360, 360, 240, 340, 300, 260, 320, 220, 320, 200, 200, 320, 460, 340, 360, 360, 340, 360, 380, 340, 340, 5060]
[3366, 360, 240, 340, 300, 260, 340, 220, 320, 200, 200, 320, 460, 340, 360, 360, 340, 360, 380, 340, 340, 5080]
[3368, 360, 240, 340, 300, 280, 340, 220, 320, 200, 200, 320, 460, 340, 360, 360, 340, 360, 380, 340, 340, 5100]
[3373, 360, 240, 340, 300, 280, 340, 220, 320, 200, 200, 320, 460, 340, 360, 360, 340, 360, 420, 340, 340, 5120]
[3393, 360, 240, 340, 300, 280, 340, 220, 340, 200, 200, 320, 460, 340, 360, 360, 340, 360, 420, 340, 340, 5140]
[3395, 360, 240, 340, 300, 280, 340, 220, 340, 200, 200, 320, 460, 340, 360, 360, 340, 360, 420, 360, 340, 5160]
[3407, 360, 240, 340, 300, 280, 360, 220, 340, 200, 200, 320, 460, 340, 360, 360, 340, 360, 420, 360, 340, 5180]
[3413, 360, 240, 340, 300, 280, 360, 220, 340, 200, 200, 320, 460, 340, 360, 360, 340, 360, 440, 360, 340, 5200]
[3445, 360, 240, 340, 320, 280, 380, 220, 340, 200, 200, 320, 460, 340, 360, 360, 340, 360, 440, 360, 340, 5240]
[3451, 360, 240, 340, 320, 280, 380, 220, 340, 200, 200, 320, 460, 340, 360, 360, 340, 360, 460, 360, 340, 5260]
[3453, 360, 240, 340, 320, 280, 380, 220, 340, 200, 200, 340, 460, 340, 360, 360, 340, 360, 460, 360, 340, 5280]
[3463, 360, 240, 340, 320, 280, 380, 220, 340, 200, 200, 340, 460, 340, 380, 360, 340, 360, 460, 360, 340, 5300]
[3489, 360, 240, 340, 320, 280, 380, 220, 340, 200, 200, 340, 460, 380, 380, 360, 340, 360, 460, 360, 340, 5320]
[3497, 360, 240, 380, 320, 280, 380, 220, 340, 200, 200, 340, 460, 380, 380, 360, 340, 360, 460, 360, 340, 5340]
[3540, 360, 240, 380, 320, 280, 420, 220, 340, 200, 200, 340, 460, 380, 380, 360, 340, 360, 460, 360, 340, 5360]
[3555, 360, 240, 380, 320, 280, 420, 220, 340, 200, 240, 340, 460, 380, 380, 360, 340, 360, 460, 360, 340, 5380]
[3570, 360, 240, 380, 320, 280, 420, 220, 340, 200, 240, 340, 460, 380, 380, 360, 340, 360, 460, 380, 340, 5400]
[3570, 360, 240, 380, 320, 280, 420, 220, 340, 200, 240, 340, 480, 380, 380, 360, 340, 360, 460, 380, 340, 5420]
[3594, 360, 240, 380, 320, 280, 420, 220, 340, 200, 240, 340, 480, 380, 380, 360, 340, 360, 460, 380, 360, 5440]
[3603, 360, 240, 380, 320, 300, 420, 220, 340, 200, 240, 340, 480, 380, 380, 360, 340, 360, 460, 380, 360, 5460]
[3611, 360, 240, 380, 320, 300, 420, 220, 340, 220, 240, 340, 480, 380, 380, 360, 340, 360, 460, 380, 360, 5480]
[3612, 360, 240, 380, 320, 300, 420, 220, 360, 220, 240, 340, 480, 380, 380, 360, 340, 360, 460, 380, 360, 5500]
[3624, 360, 240, 380, 320, 300, 420, 220, 360, 220, 240, 340, 480, 380, 380, 360, 340, 380, 460, 380, 360, 5520]
[3625, 360, 240, 400, 320, 300, 420, 220, 360, 220, 240, 340, 480, 380, 380, 360, 340, 380, 460, 380, 360, 5540]
[3641, 360, 240, 400, 320, 300, 420, 220, 360, 220, 240, 340, 480, 400, 380, 360, 340, 380, 460, 380, 360, 5560]
[3652, 360, 240, 400, 320, 300, 420, 220, 360, 220, 240, 360, 480, 400, 380, 360, 340, 380, 460, 380, 360, 5580]
[3658, 360, 240, 400, 320, 300, 420, 220, 360, 220, 240, 360, 480, 400, 380, 360, 360, 380, 460, 380, 360, 5600]
[3674, 360, 240, 400, 320, 300, 420, 220, 360, 220, 240, 360, 480, 400, 400, 360, 360, 380, 520, 380, 360, 5640]
[3694, 360, 240, 400, 320, 300, 420, 220, 360, 220, 260, 360, 480, 400, 400, 360, 360, 380, 520, 380, 360, 5660]
[3702, 360, 240, 400, 320, 300, 420, 220, 360, 220, 260, 360, 500, 400, 400, 360, 360, 380, 520, 380, 360, 5680]
[3702, 360, 240, 400, 320, 300, 420, 220, 360, 220, 260, 360, 500, 400, 400, 420, 360, 380, 520, 380, 360, 5700]
[3736, 360, 240, 400, 320, 300, 440, 220, 360, 220, 260, 360, 500, 400, 400, 420, 360, 380, 520, 380, 360, 5720]
[3744, 360, 240, 400, 320, 300, 440, 220, 360, 220, 260, 360, 500, 400, 400, 420, 360, 380, 520, 400, 360, 5740]
[3769, 360, 240, 400, 320, 300, 440, 220, 360, 220, 260, 360, 520, 400, 400, 420, 360, 380, 520, 400, 360, 5760]
[3773, 360, 240, 400, 320, 300, 440, 220, 360, 240, 260, 360, 520, 400, 400, 420, 360, 380, 520, 400, 360, 5780]
[3776, 360, 240, 400, 320, 300, 440, 220, 380, 240, 260, 360, 520, 400, 400, 420, 360, 380, 520, 400, 360, 5800]
[3779, 360, 240, 400, 320, 300, 440, 260, 380, 240, 260, 360, 520, 400, 400, 420, 360, 380, 520, 400, 360, 5820]
[3788, 360, 240, 400, 320, 300, 440, 260, 380, 240, 260, 360, 520, 400, 400, 420, 360, 380, 540, 400, 360, 5840]
[3809, 360, 240, 400, 320, 300, 460, 260, 380, 240, 260, 360, 520, 400, 400, 420, 360, 380, 540, 400, 360, 5860]
[3824, 360, 240, 400, 320, 300, 460, 260, 380, 240, 260, 400, 520, 400, 400, 420, 360, 380, 540, 400, 360, 5880]
[3829, 360, 240, 400, 320, 300, 460, 260, 380, 240, 260, 400, 520, 400, 420, 420, 360, 380, 540, 400, 360, 5900]
[3830, 360, 240, 400, 320, 320, 460, 260, 380, 240, 260, 400, 520, 400, 420, 420, 360, 380, 540, 400, 380, 5940]
[3850, 360, 240, 400, 360, 320, 460, 260, 380, 240, 260, 400, 520, 400, 420, 420, 360, 380, 540, 400, 380, 5960]
[3858, 360, 240, 400, 360, 320, 460, 260, 380, 240, 260, 400, 520, 400, 420, 420, 380, 380, 540, 400, 380, 5980]
[3881, 360, 240, 400, 360, 320, 480, 260, 380, 240, 260, 400, 520, 400, 420, 420, 380, 380, 540, 400, 380, 6000]
[3911, 380, 240, 400, 360, 320, 480, 260, 380, 240, 260, 400, 520, 400, 420, 420, 380, 380, 540, 400, 380, 6020]
[3914, 380, 240, 400, 360, 320, 480, 260, 380, 240, 260, 420, 520, 400, 420, 420, 380, 380, 540, 400, 380, 6040]
[3917, 380, 280, 400, 360, 320, 480, 260, 380, 240, 260, 420, 520, 400, 420, 420, 380, 380, 540, 400, 380, 6060]
[3922, 380, 280, 400, 360, 320, 480, 260, 380, 240, 260, 420, 520, 420, 420, 420, 380, 380, 540, 400, 380, 6080]
[3934, 380, 280, 400, 360, 320, 480, 260, 400, 240, 260, 420, 520, 420, 420, 420, 380, 380, 540, 400, 380, 6100]
[3939, 380, 280, 400, 360, 320, 480, 260, 400, 240, 260, 420, 540, 420, 420, 420, 380, 380, 540, 400, 380, 6120]
[3939, 380, 280, 400, 360, 320, 480, 260, 400, 240, 260, 420, 540, 420, 420, 420, 380, 380, 540, 420, 380, 6140]
[3959, 380, 280, 400, 360, 320, 480, 260, 400, 240, 260, 420, 540, 420, 420, 420, 380, 380, 540, 420, 400, 6160]
[3964, 380, 280, 420, 360, 320, 480, 260, 400, 240, 260, 420, 540, 420, 420, 420, 380, 380, 540, 420, 400, 6180]
[3967, 380, 280, 420, 360, 320, 500, 260, 400, 240, 260, 420, 540, 420, 420, 420, 380, 380, 540, 420, 400, 6200]
[3970, 380, 280, 420, 360, 320, 500, 260, 400, 240, 260, 420, 540, 420, 420, 440, 380, 380, 540, 420, 400, 6220]
[3972, 380, 280, 420, 360, 320, 500, 260, 400, 240, 260, 420, 540, 420, 440, 440, 400, 380, 540, 420, 400, 6260]
[3975, 380, 280, 420, 360, 320, 500, 280, 400, 240, 260, 420, 540, 420, 440, 440, 400, 380, 540, 420, 400, 6280]
[3977, 380, 280, 420, 360, 320, 500, 280, 400, 240, 280, 420, 540, 420, 440, 440, 400, 380, 540, 420, 400, 6300]
[4043, 380, 280, 420, 360, 320, 500, 280, 400, 240, 280, 420, 540, 420, 440, 440, 400, 420, 540, 420, 400, 6320]
[4052, 380, 280, 420, 360, 320, 500, 280, 420, 240, 280, 420, 540, 420, 440, 440, 400, 420, 540, 420, 400, 6340]
[4054, 380, 280, 420, 360, 320, 500, 280, 420, 260, 280, 420, 540, 420, 440, 440, 400, 420, 540, 420, 400, 6360]
[4070, 380, 280, 420, 380, 320, 500, 280, 420, 260, 280, 420, 540, 420, 440, 440, 400, 420, 540, 420, 400, 6380]
[4078, 380, 280, 420, 380, 320, 500, 280, 420, 260, 280, 420, 540, 420, 440, 440, 400, 420, 580, 420, 400, 6400]
[4083, 380, 280, 420, 380, 320, 500, 280, 420, 260, 280, 420, 540, 420, 440, 440, 400, 420, 580, 440, 400, 6420]
[4094, 380, 280, 420, 380, 320, 500, 280, 420, 260, 280, 420, 540, 420, 440, 440, 420, 420, 580, 440, 400, 6440]
[4123, 380, 280, 420, 380, 320, 500, 280, 420, 260, 280, 420, 540, 420, 440, 440, 420, 420, 580, 440, 420, 6460]
[4154, 380, 280, 420, 380, 340, 500, 280, 420, 260, 280, 420, 540, 420, 440, 440, 420, 420, 580, 440, 420, 6480]
[4167, 380, 280, 420, 380, 340, 500, 280, 420, 260, 280, 420, 540, 460, 440, 440, 420, 420, 580, 440, 420, 6500]
[4186, 380, 280, 420, 380, 340, 500, 280, 420, 260, 280, 420, 540, 460, 460, 440, 420, 420, 580, 440, 420, 6520]
[4191, 380, 280, 420, 380, 340, 500, 280, 420, 260, 280, 420, 540, 460, 460, 440, 420, 440, 580, 440, 420, 6540]
[4200, 380, 280, 420, 380, 340, 520, 280, 420, 260, 280, 420, 540, 460, 460, 440, 420, 440, 580, 440, 420, 6560]
[4202, 400, 280, 420, 380, 340, 520, 280, 420, 260, 280, 420, 540, 460, 460, 440, 420, 440, 580, 440, 420, 6580]
[4203, 400, 280, 440, 380, 340, 520, 280, 420, 260, 280, 420, 540, 460, 460, 440, 420, 440, 580, 440, 420, 6600]
[4215, 400, 280, 440, 380, 340, 520, 280, 420, 300, 280, 420, 540, 460, 460, 440, 420, 440, 580, 440, 420, 6620]
[4228, 400, 280, 440, 380, 340, 520, 280, 440, 300, 280, 420, 540, 460, 460, 440, 420, 440, 580, 440, 420, 6640]
[4229, 400, 300, 440, 380, 340, 520, 280, 440, 300, 280, 420, 540, 460, 460, 440, 420, 440, 580, 440, 420, 6660]
[4242, 400, 300, 440, 380, 340, 520, 280, 440, 300, 280, 420, 540, 460, 460, 440, 420, 440, 600, 440, 420, 6680]
[4246, 400, 300, 440, 380, 340, 520, 280, 440, 300, 280, 420, 540, 460, 460, 440, 420, 440, 600, 460, 420, 6700]
[4286, 400, 300, 440, 380, 340, 520, 300, 440, 300, 280, 420, 540, 460, 460, 440, 420, 440, 600, 460, 420, 6720]
[4289, 400, 300, 440, 380, 340, 520, 300, 440, 300, 280, 420, 540, 460, 460, 440, 420, 440, 600, 460, 440, 6740]
[4311, 420, 300, 440, 380, 340, 520, 300, 440, 300, 280, 420, 540, 460, 460, 440, 420, 440, 600, 460, 440, 6760]
[4316, 420, 300, 440, 380, 340, 520, 300, 440, 320, 280, 420, 540, 460, 460, 440, 420, 440, 600, 460, 440, 6780]
[4326, 420, 300, 440, 380, 340, 520, 300, 440, 320, 280, 420, 540, 460, 460, 440, 420, 460, 600, 460, 440, 6800]
[4335, 420, 300, 440, 380, 340, 520, 300, 440, 320, 280, 420, 540, 460, 460, 440, 440, 460, 600, 460, 440, 6820]
[4337, 420, 300, 440, 380, 340, 520, 300, 440, 320, 280, 420, 540, 460, 480, 440, 440, 460, 600, 460, 440, 6840]
[4341, 420, 300, 440, 380, 340, 540, 300, 440, 320, 280, 420, 540, 460, 480, 440, 440, 460, 600, 460, 440, 6860]
[4358, 420, 300, 440, 380, 340, 540, 300, 440, 320, 280, 420, 540, 460, 480, 480, 440, 460, 600, 460, 440, 6880]
[4381, 420, 300, 440, 380, 340, 540, 300, 440, 340, 280, 420, 540, 460, 480, 480, 440, 460, 600, 460, 440, 6900]
[4394, 420, 300, 440, 380, 340, 540, 300, 440, 340, 280, 420, 540, 460, 480, 480, 440, 460, 620, 460, 440, 6920]
[4419, 420, 320, 440, 380, 340, 540, 300, 440, 340, 280, 420, 540, 460, 480, 480, 440, 460, 620, 460, 440, 6940]
[4431, 420, 320, 440, 460, 340, 540, 300, 440, 340, 280, 420, 540, 460, 480, 480, 440, 460, 620, 460, 440, 6960]
[4446, 420, 320, 440, 460, 340, 540, 300, 440, 340, 280, 460, 540, 460, 480, 480, 440, 460, 620, 460, 440, 6980]
[4450, 420, 320, 440, 460, 340, 540, 300, 440, 340, 280, 460, 540, 460, 500, 480, 440, 460, 620, 460, 440, 7000]
[4462, 420, 320, 440, 460, 340, 540, 300, 440, 340, 300, 460, 540, 460, 500, 480, 440, 460, 620, 460, 440, 7020]
[4492, 420, 320, 440, 460, 340, 540, 300, 440, 340, 300, 460, 540, 460, 500, 480, 440, 460, 620, 460, 460, 7040]
[4493, 420, 320, 440, 460, 340, 540, 300, 440, 340, 300, 460, 540, 500, 500, 480, 440, 460, 620, 460, 460, 7060]
[4499, 420, 320, 440, 460, 340, 540, 300, 440, 340, 300, 460, 540, 500, 500, 480, 440, 480, 620, 460, 460, 7080]
[4503, 420, 320, 440, 460, 340, 540, 300, 440, 340, 300, 460, 540, 500, 500, 480, 460, 480, 620, 460, 460, 7100]
[4508, 420, 320, 440, 460, 340, 540, 300, 440, 340, 300, 460, 540, 500, 500, 480, 460, 480, 640, 460, 460, 7120]
[4509, 420, 320, 440, 460, 340, 540, 300, 440, 340, 300, 460, 540, 500, 500, 480, 460, 480, 640, 480, 460, 7140]
[4511, 420, 320, 440, 460, 340, 540, 300, 440, 340, 300, 460, 540, 500, 500, 500, 460, 480, 640, 480, 460, 7160]
[4522, 440, 320, 440, 460, 340, 540, 300, 440, 340, 300, 460, 540, 500, 500, 500, 460, 480, 640, 480, 460, 7180]
[4571, 440, 340, 440, 460, 340, 540, 300, 440, 340, 300, 460, 540, 500, 500, 500, 460, 480, 640, 480, 460, 7200]
[4580, 440, 340, 440, 460, 340, 540, 300, 440, 340, 300, 460, 540, 500, 520, 500, 460, 480, 640, 480, 460, 7220]
[4585, 440, 340, 440, 480, 340, 540, 300, 440, 340, 300, 460, 540, 500, 520, 500, 460, 480, 640, 480, 460, 7240]
[4589, 440, 340, 440, 480, 340, 540, 300, 440, 340, 300, 460, 560, 500, 520, 500, 460, 480, 640, 480, 460, 7260]
[4613, 460, 340, 440, 480, 340, 540, 300, 440, 340, 300, 460, 560, 500, 520, 500, 460, 480, 640, 480, 460, 7280]
[4620, 460, 340, 440, 480, 340, 540, 300, 440, 340, 300, 460, 560, 500, 520, 500, 460, 480, 660, 480, 460, 7300]
[4633, 460, 340, 480, 480, 340, 540, 300, 440, 340, 300, 460, 560, 500, 520, 500, 460, 480, 660, 480, 460, 7320]
[4661, 460, 340, 480, 480, 340, 540, 300, 440, 340, 300, 460, 560, 500, 520, 500, 460, 500, 660, 480, 460, 7340]
[4684, 460, 340, 480, 480, 340, 540, 340, 440, 340, 300, 460, 560, 500, 520, 500, 460, 500, 660, 480, 460, 7360]
[4685, 460, 340, 480, 480, 340, 540, 340, 440, 340, 300, 480, 560, 500, 520, 500, 460, 500, 660, 480, 460, 7380]
[4687, 460, 340, 480, 480, 340, 540, 340, 460, 340, 300, 480, 560, 500, 520, 500, 460, 500, 660, 480, 460, 7400]
[4691, 460, 340, 480, 480, 340, 540, 340, 460, 340, 300, 480, 580, 500, 520, 500, 460, 500, 660, 480, 460, 7420]
[4693, 460, 340, 480, 480, 340, 560, 340, 460, 340, 300, 480, 580, 500, 520, 500, 460, 500, 660, 480, 460, 7440]
[4701, 460, 340, 480, 480, 340, 560, 340, 460, 340, 300, 480, 580, 520, 520, 500, 460, 500, 660, 480, 460, 7460]
[4710, 460, 340, 480, 480, 360, 560, 340, 460, 340, 300, 480, 580, 520, 520, 500, 460, 500, 660, 480, 460, 7480]
[4710, 460, 340, 480, 480, 360, 560, 340, 460, 380, 300, 480, 580, 520, 520, 500, 460, 500, 660, 480, 460, 7500]
[4716, 460, 340, 480, 480, 360, 560, 340, 460, 380, 300, 480, 580, 520, 520, 500, 460, 500, 660, 500, 460, 7520]
[4721, 460, 340, 480, 480, 360, 560, 340, 460, 380, 300, 480, 580, 520, 520, 500, 480, 500, 660, 500, 460, 7540]
[4723, 460, 360, 480, 480, 360, 560, 340, 460, 380, 300, 480, 580, 520, 520, 500, 480, 500, 660, 500, 460, 7560]
[4737, 480, 360, 480, 480, 360, 560, 340, 460, 380, 300, 480, 580, 520, 520, 500, 480, 500, 660, 500, 460, 7580]
[4740, 480, 360, 480, 480, 360, 560, 340, 460, 380, 300, 480, 580, 520, 520, 520, 480, 500, 660, 500, 460, 7600]
[4743, 480, 360, 480, 480, 360, 560, 340, 460, 380, 300, 480, 580, 520, 540, 520, 480, 500, 660, 500, 460, 7620]
[4748, 480, 360, 500, 480, 360, 560, 340, 460, 380, 300, 480, 580, 520, 540, 520, 480, 500, 660, 500, 460, 7640]
[4752, 480, 360, 500, 480, 360, 560, 340, 460, 380, 300, 480, 580, 520, 540, 520, 480, 500, 680, 500, 460, 7660]
[4773, 480, 360, 500, 480, 360, 560, 340, 460, 380, 300, 480, 580, 520, 540, 520, 480, 520, 680, 500, 460, 7680]
[4811, 480, 380, 500, 480, 360, 560, 340, 460, 380, 300, 480, 580, 520, 540, 520, 480, 520, 680, 500, 460, 7700]
[4827, 480, 380, 500, 480, 360, 560, 340, 460, 380, 300, 480, 580, 520, 540, 520, 480, 540, 680, 520, 460, 7740]
[4834, 480, 380, 500, 480, 360, 560, 340, 460, 380, 300, 480, 580, 540, 540, 520, 480, 540, 680, 520, 460, 7760]
[4840, 500, 380, 500, 480, 360, 560, 340, 460, 380, 300, 480, 580, 540, 540, 520, 480, 540, 680, 520, 460, 7780]
[4850, 500, 380, 520, 480, 360, 560, 340, 460, 380, 300, 480, 580, 540, 540, 520, 480, 540, 680, 520, 460, 7800]
[4857, 500, 380, 520, 480, 360, 560, 340, 460, 380, 300, 480, 580, 540, 540, 520, 480, 540, 700, 520, 460, 7820]
[4881, 500, 380, 520, 500, 360, 560, 340, 460, 380, 300, 480, 580, 540, 540, 520, 480, 540, 700, 520, 460, 7840]
[4888, 500, 380, 520, 500, 360, 560, 340, 460, 400, 300, 480, 580, 540, 540, 520, 480, 540, 700, 520, 460, 7860]
[4901, 500, 380, 520, 500, 360, 560, 340, 460, 400, 300, 480, 580, 540, 540, 520, 480, 540, 700, 540, 460, 7880]
[4911, 500, 380, 520, 500, 360, 560, 340, 480, 400, 300, 480, 580, 540, 540, 520, 480, 540, 700, 540, 460, 7900]
[4914, 500, 380, 520, 500, 380, 560, 340, 480, 400, 300, 480, 580, 540, 540, 520, 480, 540, 700, 540, 460, 7920]
[4935, 500, 380, 520, 500, 380, 560, 340, 480, 400, 320, 480, 580, 540, 540, 520, 480, 540, 700, 540, 460, 7940]
[4936, 500, 380, 520, 500, 380, 560, 340, 480, 400, 320, 480, 580, 540, 540, 520, 480, 560, 700, 540, 460, 7960]
[4943, 500, 380, 520, 500, 380, 560, 340, 480, 400, 320, 520, 580, 540, 540, 520, 480, 560, 700, 540, 460, 7980]
[4944, 500, 380, 520, 500, 380, 560, 340, 480, 400, 320, 520, 600, 540, 540, 520, 480, 560, 700, 540, 460, 8000]
[4969, 500, 380, 520, 500, 380, 560, 340, 480, 400, 320, 520, 600, 540, 540, 520, 480, 560, 700, 540, 480, 8020]
[4995, 500, 380, 520, 500, 380, 560, 340, 480, 400, 320, 520, 600, 540, 580, 520, 480, 560, 700, 540, 480, 8040]
[5000, 500, 380, 520, 500, 380, 560, 340, 480, 400, 320, 520, 600, 560, 580, 520, 480, 560, 700, 540, 480, 8060]
[5023, 500, 380, 520, 500, 380, 560, 340, 480, 400, 320, 520, 600, 560, 580, 520, 500, 560, 700, 540, 480, 8080]
[5031, 500, 380, 520, 500, 380, 560, 340, 480, 400, 320, 540, 600, 560, 580, 520, 500, 560, 700, 540, 480, 8100]
[5043, 500, 380, 520, 500, 380, 560, 360, 480, 400, 320, 540, 600, 560, 580, 520, 500, 560, 700, 540, 480, 8120]
[5056, 500, 380, 520, 500, 380, 560, 360, 480, 400, 320, 540, 600, 560, 580, 520, 500, 560, 700, 560, 480, 8140]
[5056, 500, 380, 520, 500, 380, 560, 360, 480, 420, 320, 540, 600, 560, 580, 520, 500, 560, 700, 560, 480, 8160]
[5063, 500, 380, 520, 500, 380, 560, 360, 480, 420, 320, 540, 620, 560, 580, 520, 500, 560, 700, 560, 480, 8180]
[5094, 500, 380, 520, 540, 380, 560, 360, 480, 420, 320, 540, 620, 560, 580, 520, 500, 560, 700, 560, 480, 8200]
[5098, 500, 380, 520, 540, 380, 560, 360, 480, 420, 320, 540, 620, 560, 580, 540, 500, 560, 700, 560, 480, 8220]
[5101, 500, 380, 520, 540, 400, 560, 360, 480, 420, 320, 540, 620, 560, 580, 540, 500, 560, 700, 560, 480, 8240]
[5107, 500, 380, 520, 540, 400, 560, 360, 480, 420, 320, 540, 620, 560, 580, 540, 500, 560, 720, 560, 480, 8260]
[5162, 500, 380, 520, 540, 400, 560, 360, 480, 420, 340, 540, 620, 560, 580, 540, 500, 560, 720, 560, 480, 8280]
[5163, 500, 380, 520, 540, 400, 560, 360, 480, 420, 340, 540, 620, 560, 580, 540, 520, 560, 720, 560, 480, 8300]
[5165, 500, 380, 520, 540, 400, 560, 360, 480, 420, 340, 540, 620, 560, 600, 540, 520, 560, 720, 560, 480, 8320]
[5171, 540, 380, 520, 540, 400, 560, 360, 480, 420, 340, 540, 620, 560, 600, 540, 520, 560, 720, 560, 480, 8340]
[5179, 540, 380, 520, 540, 400, 560, 360, 480, 420, 340, 540, 640, 560, 600, 540, 520, 560, 720, 560, 480, 8360]
[5181, 540, 380, 520, 540, 400, 560, 360, 500, 420, 340, 540, 640, 560, 600, 540, 520, 560, 720, 560, 480, 8380]
[5186, 540, 380, 520, 540, 400, 560, 360, 500, 420, 340, 560, 640, 560, 600, 540, 520, 560, 720, 560, 480, 8400]
[5189, 540, 380, 520, 540, 400, 560, 360, 500, 420, 340, 560, 640, 560, 600, 540, 520, 560, 720, 560, 500, 8420]
[5207, 540, 380, 520, 540, 400, 560, 360, 500, 440, 340, 560, 640, 560, 600, 540, 520, 560, 720, 560, 500, 8440]
[5216, 540, 380, 520, 540, 400, 560, 380, 500, 440, 340, 560, 640, 560, 600, 540, 520, 560, 720, 560, 500, 8460]
[5243, 540, 380, 520, 540, 420, 560, 380, 500, 440, 340, 560, 640, 560, 600, 540, 520, 560, 720, 560, 500, 8480]
[5243, 540, 380, 520, 540, 420, 560, 380, 500, 440, 340, 560, 640, 580, 600, 540, 520, 560, 720, 560, 500, 8500]
[5256, 540, 380, 520, 540, 420, 560, 380, 500, 440, 340, 560, 640, 580, 600, 540, 520, 600, 720, 560, 500, 8520]
[5272, 540, 380, 520, 540, 420, 560, 380, 500, 440, 340, 560, 660, 580, 600, 540, 520, 600, 720, 560, 500, 8540]
[5284, 540, 380, 560, 540, 420, 560, 380, 500, 440, 340, 560, 660, 580, 600, 540, 520, 600, 720, 560, 500, 8560]
[5296, 540, 380, 560, 540, 420, 560, 380, 500, 440, 340, 560, 660, 580, 600, 540, 520, 600, 720, 580, 500, 8580]
[5299, 540, 380, 560, 540, 420, 560, 380, 500, 440, 340, 580, 660, 580, 600, 540, 520, 600, 720, 580, 500, 8600]
[5307, 540, 380, 560, 560, 420, 560, 380, 500, 440, 340, 580, 660, 580, 600, 540, 520, 600, 720, 580, 500, 8620]
[5308, 540, 380, 560, 560, 420, 560, 380, 500, 440, 340, 580, 660, 580, 620, 540, 520, 600, 720, 580, 500, 8640]
[5309, 540, 380, 560, 560, 420, 560, 380, 500, 440, 340, 580, 660, 580, 620, 540, 520, 600, 740, 580, 500, 8660]
[5340, 540, 380, 560, 560, 420, 560, 380, 500, 460, 340, 580, 660, 580, 620, 540, 520, 600, 740, 580, 500, 8680]
[5353, 540, 380, 560, 560, 420, 560, 380, 520, 460, 340, 580, 660, 580, 620, 540, 520, 600, 740, 580, 500, 8700]
[5353, 540, 380, 560, 560, 420, 560, 380, 520, 460, 340, 580, 660, 580, 620, 560, 520, 600, 740, 580, 500, 8720]
[5376, 560, 380, 560, 560, 420, 560, 380, 520, 460, 340, 580, 660, 580, 620, 560, 520, 600, 740, 580, 500, 8740]
[5383, 560, 380, 560, 560, 420, 560, 380, 520, 460, 340, 600, 660, 580, 620, 560, 520, 600, 740, 580, 500, 8760]
[5384, 560, 380, 560, 580, 420, 560, 380, 520, 460, 340, 600, 660, 580, 620, 560, 520, 600, 740, 580, 500, 8780]
[5400, 560, 380, 560, 580, 420, 560, 380, 520, 460, 340, 600, 660, 580, 620, 560, 520, 600, 740, 580, 520, 8800]
[5407, 560, 380, 560, 580, 420, 560, 400, 520, 460, 340, 600, 660, 580, 620, 560, 520, 600, 740, 580, 520, 8820]
[5409, 560, 380, 560, 580, 420, 560, 400, 520, 460, 340, 600, 660, 580, 620, 560, 540, 600, 740, 580, 520, 8840]
[5411, 560, 380, 560, 580, 420, 560, 400, 520, 460, 340, 600, 660, 580, 620, 560, 540, 600, 760, 580, 520, 8860]
[5414, 560, 380, 580, 580, 420, 560, 400, 520, 460, 340, 600, 660, 580, 620, 560, 540, 600, 760, 580, 520, 8880]
[5436, 560, 380, 580, 580, 440, 560, 400, 520, 460, 340, 600, 660, 580, 620, 560, 540, 600, 760, 580, 520, 8900]
[5446, 560, 380, 580, 580, 440, 560, 400, 520, 460, 340, 600, 660, 600, 620, 560, 540, 600, 760, 580, 520, 8920]
[5453, 560, 380, 580, 580, 440, 560, 400, 520, 460, 340, 600, 680, 600, 620, 560, 540, 600, 760, 580, 520, 8940]
[5462, 560, 380, 580, 580, 440, 560, 400, 520, 460, 340, 600, 680, 600, 620, 560, 540, 600, 780, 580, 520, 8960]
[5467, 560, 380, 580, 580, 440, 560, 400, 520, 460, 340, 600, 680, 600, 620, 560, 540, 620, 780, 580, 520, 8980]
[5468, 560, 380, 580, 580, 440, 560, 400, 520, 460, 340, 600, 680, 600, 640, 560, 540, 620, 780, 580, 520, 9000]
[5491, 560, 380, 580, 580, 440, 580, 400, 520, 460, 340, 600, 680, 600, 640, 560, 540, 620, 780, 580, 520, 9020]
[5496, 560, 380, 580, 580, 440, 580, 400, 520, 460, 340, 600, 680, 600, 640, 560, 540, 620, 780, 580, 560, 9040]
[5509, 560, 380, 580, 580, 440, 580, 400, 520, 460, 340, 620, 680, 600, 640, 560, 540, 620, 780, 580, 560, 9060]
[5531, 560, 380, 580, 580, 440, 580, 400, 520, 460, 340, 620, 680, 620, 640, 560, 540, 620, 780, 580, 560, 9080]
[5537, 560, 380, 580, 580, 440, 580, 400, 520, 460, 340, 620, 680, 620, 640, 560, 540, 620, 780, 580, 580, 9100]
[5540, 560, 380, 580, 580, 440, 580, 400, 520, 460, 340, 620, 700, 620, 640, 560, 540, 620, 780, 580, 580, 9120]
[5543, 560, 380, 600, 580, 440, 580, 400, 520, 460, 340, 620, 700, 620, 640, 560, 540, 620, 780, 580, 580, 9140]
[5579, 560, 380, 600, 580, 440, 580, 400, 520, 460, 340, 620, 700, 620, 640, 560, 540, 620, 780, 580, 600, 9160]
[5586, 560, 380, 600, 580, 440, 580, 400, 520, 460, 340, 620, 700, 620, 640, 560, 540, 620, 780, 600, 600, 9180]
[5589, 560, 380, 600, 580, 440, 580, 400, 540, 460, 340, 620, 700, 620, 640, 560, 540, 620, 780, 600, 600, 9200]
[5622, 560, 380, 600, 580, 460, 580, 400, 540, 460, 340, 620, 700, 620, 640, 560, 540, 620, 780, 600, 600, 9220]
[5627, 560, 380, 600, 580, 460, 580, 400, 540, 460, 340, 620, 700, 640, 640, 560, 540, 620, 780, 600, 600, 9240]
[5628, 560, 420, 600, 580, 460, 580, 400, 540, 460, 340, 620, 700, 640, 640, 560, 540, 620, 780, 600, 600, 9260]
[5643, 560, 420, 600, 580, 460, 580, 400, 540, 460, 340, 620, 700, 640, 640, 560, 580, 620, 780, 600, 600, 9280]
[5667, 560, 420, 600, 580, 460, 580, 400, 540, 460, 340, 620, 700, 640, 660, 560, 580, 620, 780, 600, 600, 9300]
[5672, 560, 420, 600, 580, 460, 580, 400, 540, 460, 340, 620, 700, 640, 660, 560, 580, 640, 780, 600, 600, 9320]
[5673, 560, 420, 600, 580, 460, 600, 400, 540, 460, 340, 620, 700, 640, 660, 560, 580, 640, 780, 600, 600, 9340]
[5682, 560, 420, 600, 580, 460, 600, 400, 540, 460, 340, 620, 700, 640, 660, 560, 580, 640, 780, 600, 620, 9360]
[5704, 580, 420, 600, 580, 460, 600, 400, 540, 460, 340, 620, 700, 640, 660, 560, 580, 640, 780, 600, 620, 9380]
[5718, 580, 420, 620, 580, 460, 600, 400, 540, 460, 340, 620, 700, 640, 660, 560, 580, 640, 780, 600, 620, 9400]
[5719, 580, 420, 620, 600, 460, 600, 400, 540, 460, 340, 620, 700, 640, 660, 560, 580, 640, 780, 600, 620, 9420]
[5759, 580, 420, 620, 600, 460, 600, 400, 540, 460, 340, 620, 700, 640, 660, 560, 580, 640, 880, 600, 620, 9440]
[5763, 580, 420, 620, 600, 460, 600, 400, 540, 460, 340, 620, 700, 640, 660, 620, 580, 640, 880, 600, 620, 9460]
[5768, 580, 420, 620, 600, 460, 600, 400, 540, 460, 340, 620, 700, 640, 660, 620, 580, 640, 880, 640, 620, 9480]
[5784, 580, 420, 620, 600, 480, 600, 400, 540, 460, 340, 620, 700, 640, 660, 620, 580, 640, 880, 640, 620, 9500]
[5791, 580, 420, 620, 600, 480, 600, 420, 540, 460, 340, 620, 700, 640, 660, 620, 580, 640, 880, 640, 620, 9520]
[5800, 580, 420, 620, 600, 480, 600, 420, 560, 460, 340, 620, 700, 640, 660, 620, 580, 640, 880, 640, 620, 9540]
[5815, 580, 420, 620, 600, 480, 600, 420, 560, 460, 340, 620, 700, 640, 660, 640, 580, 640, 880, 640, 620, 9560]
[5824, 580, 420, 620, 600, 480, 600, 420, 560, 460, 340, 620, 700, 640, 660, 640, 580, 640, 880, 640, 640, 9580]
[5846, 580, 420, 620, 620, 480, 600, 420, 560, 460, 340, 620, 700, 640, 660, 640, 580, 640, 880, 640, 640, 9600]
[5860, 580, 420, 620, 620, 480, 600, 420, 560, 460, 340, 620, 700, 640, 660, 640, 580, 640, 900, 640, 640, 9620]
[5872, 580, 420, 640, 620, 480, 600, 420, 560, 460, 340, 620, 700, 640, 660, 640, 580, 660, 900, 640, 640, 9660]
[5874, 580, 420, 640, 620, 480, 600, 420, 560, 460, 340, 640, 700, 640, 660, 640, 580, 660, 900, 640, 640, 9680]
[5883, 580, 420, 640, 620, 480, 600, 420, 560, 460, 340, 640, 700, 640, 660, 640, 580, 660, 900, 660, 640, 9700]
[5896, 580, 420, 640, 620, 480, 600, 420, 560, 460, 340, 640, 700, 640, 660, 640, 600, 660, 900, 660, 640, 9720]
[5920, 600, 420, 640, 620, 480, 600, 420, 560, 460, 340, 640, 700, 640, 660, 640, 600, 660, 900, 660, 640, 9740]
[5939, 600, 420, 640, 620, 480, 640, 420, 560, 460, 340, 640, 700, 640, 660, 640, 600, 660, 900, 660, 640, 9760]
[5942, 600, 420, 640, 620, 480, 640, 420, 560, 460, 340, 640, 740, 640, 660, 640, 600, 660, 900, 660, 640, 9780]
[5947, 600, 420, 640, 620, 480, 640, 420, 560, 460, 340, 640, 740, 640, 660, 640, 600, 660, 920, 660, 640, 9800]
[5948, 600, 420, 640, 620, 500, 640, 420, 560, 460, 340, 640, 740, 640, 660, 640, 600, 660, 920, 660, 640, 9820]
[5978, 600, 420, 640, 620, 500, 640, 420, 560, 460, 340, 640, 740, 640, 660, 640, 620, 660, 920, 660, 640, 9840]
[5988, 600, 420, 640, 620, 500, 640, 420, 560, 460, 340, 640, 740, 640, 660, 660, 620, 660, 920, 660, 640, 9860]
[6004, 600, 420, 640, 620, 500, 640, 420, 560, 460, 340, 640, 740, 640, 660, 660, 620, 680, 920, 660, 640, 9880]
[6020, 600, 420, 640, 620, 500, 640, 420, 560, 460, 340, 640, 740, 660, 660, 660, 620, 680, 920, 660, 640, 9900]
[6039, 600, 420, 640, 620, 500, 640, 420, 600, 460, 340, 640, 740, 660, 660, 660, 620, 680, 920, 660, 640, 9920]
[6046, 600, 420, 640, 620, 500, 640, 420, 600, 460, 340, 640, 740, 660, 660, 660, 620, 680, 920, 680, 640, 9940]
[6048, 600, 420, 640, 620, 500, 640, 460, 600, 460, 340, 640, 740, 660, 660, 660, 620, 680, 920, 680, 640, 9960]
[6065, 600, 420, 640, 620, 500, 640, 460, 600, 460, 340, 640, 740, 660, 660, 660, 620, 680, 940, 680, 640, 9980]
[6067, 600, 420, 640, 620, 500, 640, 460, 600, 460, 360, 640, 740, 660, 660, 660, 620, 680, 940, 680, 640, 10000]
[6080, 600, 440, 640, 620, 500, 640, 460, 600, 460, 360, 640, 740, 660, 660, 660, 620, 680, 940, 680, 640, 10020]
[6098, 600, 440, 640, 620, 500, 640, 460, 600, 460, 360, 640, 740, 680, 660, 660, 620, 680, 940, 680, 640, 10040]
[6105, 600, 440, 640, 620, 500, 640, 460, 600, 460, 360, 640, 760, 680, 660, 660, 620, 680, 940, 680, 640, 10060]
[6108, 600, 440, 640, 660, 500, 640, 460, 600, 460, 360, 640, 760, 680, 660, 660, 620, 680, 940, 680, 640, 10080]
[6122, 600, 440, 640, 660, 500, 640, 460, 600, 460, 360, 640, 760, 680, 680, 660, 620, 680, 940, 680, 640, 10100]
[6137, 600, 440, 640, 660, 500, 640, 460, 600, 460, 360, 640, 760, 680, 680, 660, 640, 680, 940, 680, 640, 10120]
[6158, 620, 440, 640, 660, 500, 640, 460, 600, 460, 360, 640, 760, 680, 680, 660, 640, 680, 940, 680, 640, 10140]
[6160, 620, 440, 640, 660, 500, 640, 460, 600, 460, 360, 640, 760, 680, 680, 660, 640, 680, 940, 700, 640, 10160]
[6161, 620, 440, 640, 660, 500, 640, 460, 600, 460, 360, 640, 760, 680, 680, 680, 640, 680, 940, 700, 640, 10180]
[6167, 620, 440, 660, 660, 500, 640, 460, 600, 460, 360, 640, 760, 680, 680, 680, 640, 680, 940, 700, 640, 10200]
[6169, 620, 440, 660, 660, 500, 640, 460, 600, 480, 360, 640, 760, 680, 680, 680, 640, 680, 940, 700, 640, 10220]
[6217, 620, 440, 660, 660, 500, 640, 460, 600, 480, 380, 640, 760, 680, 680, 680, 640, 680, 940, 700, 640, 10240]
[6232, 620, 440, 660, 660, 500, 640, 460, 600, 480, 380, 640, 760, 700, 680, 680, 640, 680, 940, 700, 640, 10260]
[6241, 620, 440, 660, 660, 500, 640, 460, 620, 480, 380, 640, 760, 700, 680, 680, 640, 680, 940, 700, 640, 10280]
[6249, 620, 440, 660, 660, 500, 640, 460, 620, 480, 380, 660, 760, 700, 680, 680, 640, 680, 940, 700, 640, 10300]
[6270, 620, 440, 660, 660, 500, 640, 460, 620, 480, 380, 660, 760, 700, 680, 680, 660, 680, 940, 700, 640, 10320]
[6273, 640, 440, 660, 660, 500, 640, 460, 620, 480, 380, 660, 760, 700, 680, 680, 660, 680, 940, 700, 640, 10340]
[6285, 640, 440, 680, 660, 500, 640, 460, 620, 480, 380, 660, 760, 700, 680, 680, 660, 680, 940, 700, 640, 10360]
[6300, 640, 440, 680, 660, 500, 640, 460, 620, 480, 380, 660, 760, 700, 700, 700, 660, 680, 940, 700, 640, 10400]
[6318, 640, 440, 680, 660, 540, 640, 460, 620, 480, 380, 660, 760, 700, 700, 700, 660, 680, 940, 700, 640, 10420]
[6332, 640, 440, 680, 660, 540, 640, 460, 620, 480, 400, 660, 760, 700, 700, 700, 660, 680, 940, 700, 640, 10440]
[6346, 640, 440, 680, 660, 540, 640, 460, 620, 480, 400, 660, 760, 700, 700, 700, 660, 680, 940, 700, 660, 10460]
[6353, 660, 440, 680, 660, 540, 640, 460, 620, 480, 400, 660, 760, 700, 700, 700, 660, 680, 940, 700, 660, 10480]
[6354, 660, 440, 680, 660, 540, 640, 460, 640, 480, 400, 660, 760, 700, 700, 700, 660, 680, 940, 700, 660, 10500]
[6371, 660, 440, 680, 660, 540, 640, 460, 640, 480, 400, 660, 760, 720, 700, 700, 660, 680, 940, 700, 660, 10520]
[6385, 660, 440, 680, 660, 540, 640, 460, 640, 480, 400, 660, 800, 720, 700, 700, 660, 680, 940, 700, 660, 10540]
[6397, 660, 440, 680, 680, 540, 640, 460, 640, 480, 400, 660, 800, 720, 700, 700, 660, 680, 940, 700, 660, 10560]
[6412, 660, 440, 700, 680, 540, 640, 460, 640, 480, 400, 660, 800, 720, 700, 700, 660, 680, 940, 700, 660, 10580]
[6427, 660, 440, 700, 680, 540, 640, 460, 640, 480, 400, 680, 800, 720, 700, 700, 660, 680, 940, 700, 660, 10600]
[6440, 660, 440, 700, 680, 540, 640, 460, 640, 480, 400, 680, 800, 720, 700, 700, 660, 720, 940, 700, 660, 10620]
[6446, 660, 440, 700, 680, 540, 640, 460, 640, 480, 420, 680, 800, 720, 700, 700, 660, 720, 940, 700, 660, 10640]
[6455, 660, 440, 700, 680, 540, 640, 460, 640, 480, 420, 680, 800, 720, 700, 700, 680, 720, 940, 700, 660, 10660]
[6465, 660, 440, 700, 680, 540, 640, 460, 640, 480, 420, 680, 800, 720, 700, 720, 680, 720, 940, 700, 660, 10680]
[6470, 660, 440, 700, 680, 540, 640, 460, 640, 480, 420, 680, 800, 720, 700, 720, 680, 720, 940, 740, 660, 10700]
[6483, 660, 440, 700, 680, 540, 640, 460, 640, 500, 420, 680, 800, 720, 700, 720, 680, 720, 940, 740, 660, 10720]
[6504, 680, 440, 700, 680, 540, 640, 460, 640, 500, 420, 680, 800, 720, 700, 720, 680, 720, 940, 740, 660, 10740]
[6519, 680, 440, 700, 680, 560, 640, 460, 640, 500, 420, 680, 800, 720, 700, 720, 680, 720, 940, 740, 660, 10760]
[6545, 680, 440, 700, 680, 560, 640, 460, 640, 500, 420, 680, 800, 740, 700, 720, 680, 720, 940, 740, 660, 10780]
[6546, 680, 440, 720, 680, 560, 640, 460, 640, 500, 420, 680, 800, 740, 700, 720, 680, 720, 940, 740, 660, 10800]
[6562, 680, 440, 720, 680, 560, 640, 460, 640, 500, 440, 680, 800, 740, 700, 720, 680, 720, 940, 740, 660, 10820]
[6586, 680, 440, 720, 680, 560, 640, 460, 640, 520, 440, 680, 800, 740, 700, 720, 680, 720, 940, 740, 660, 10840]
[6590, 680, 440, 720, 680, 560, 640, 460, 640, 520, 440, 700, 800, 740, 700, 720, 680, 720, 940, 740, 660, 10860]
[6600, 680, 440, 720, 680, 560, 640, 460, 640, 520, 440, 700, 800, 740, 700, 720, 680, 720, 940, 740, 700, 10880]
[6611, 680, 440, 720, 680, 560, 640, 460, 640, 520, 440, 700, 800, 740, 700, 720, 680, 720, 940, 760, 700, 10900]
[6637, 680, 440, 720, 680, 560, 640, 460, 640, 520, 440, 700, 800, 740, 700, 720, 680, 720, 1000, 760, 700, 10920]
[6657, 680, 440, 720, 680, 560, 660, 460, 640, 520, 440, 700, 800, 740, 700, 720, 680, 720, 1000, 760, 700, 10940]
[6658, 680, 460, 720, 680, 560, 660, 460, 640, 520, 440, 700, 800, 740, 700, 720, 680, 720, 1000, 760, 700, 10960]
[6660, 680, 460, 720, 680, 560, 660, 460, 640, 520, 440, 700, 800, 740, 700, 720, 700, 720, 1000, 760, 700, 10980]
[6682, 680, 460, 720, 680, 580, 660, 460, 640, 520, 440, 700, 800, 740, 700, 720, 700, 720, 1000, 760, 700, 11000]
[6694, 680, 460, 720, 680, 580, 660, 460, 640, 520, 440, 700, 800, 740, 700, 720, 700, 740, 1000, 760, 700, 11020]
[6723, 680, 460, 720, 700, 580, 660, 460, 640, 520, 440, 700, 800, 740, 700, 720, 700, 740, 1000, 760, 700, 11040]
[6734, 680, 480, 720, 700, 580, 660, 460, 640, 520, 440, 700, 800, 740, 720, 720, 700, 740, 1000, 760, 700, 11080]
[6736, 680, 480, 740, 700, 580, 660, 460, 640, 520, 440, 700, 800, 740, 720, 720, 700, 740, 1000, 760, 700, 11100]
[6741, 680, 480, 740, 700, 580, 680, 460, 640, 520, 440, 700, 800, 740, 720, 720, 700, 740, 1000, 760, 700, 11120]
[6756, 680, 480, 740, 700, 580, 680, 460, 640, 540, 440, 700, 800, 740, 720, 720, 700, 740, 1000, 760, 700, 11140]
[6766, 680, 480, 740, 700, 580, 680, 460, 640, 540, 440, 700, 800, 740, 720, 720, 700, 740, 1000, 780, 700, 11160]
[6804, 680, 480, 740, 700, 580, 680, 460, 640, 540, 440, 700, 840, 740, 720, 720, 700, 740, 1000, 780, 700, 11180]
[6869, 680, 480, 740, 700, 580, 680, 460, 640, 540, 440, 700, 840, 780, 720, 720, 700, 740, 1000, 780, 700, 11200]
[6874, 680, 480, 740, 700, 580, 680, 460, 680, 540, 440, 700, 840, 780, 720, 720, 700, 740, 1000, 780, 700, 11220]
[6874, 680, 480, 740, 700, 580, 680, 460, 680, 540, 440, 720, 840, 780, 720, 720, 700, 740, 1000, 780, 700, 11240]
[6899, 680, 480, 740, 700, 580, 680, 460, 680, 540, 440, 720, 840, 780, 720, 720, 700, 740, 1040, 780, 700, 11260]
[6906, 680, 480, 740, 700, 580, 680, 460, 680, 540, 440, 720, 840, 780, 740, 720, 700, 740, 1040, 780, 700, 11280]
[6913, 680, 480, 740, 700, 580, 680, 460, 680, 540, 440, 720, 840, 780, 740, 720, 700, 740, 1040, 800, 700, 11300]
[6913, 700, 480, 740, 700, 580, 680, 460, 680, 540, 440, 720, 840, 780, 740, 720, 720, 740, 1040, 800, 700, 11340]
[6926, 700, 480, 740, 700, 580, 680, 480, 680, 540, 440, 720, 840, 780, 740, 720, 720, 740, 1040, 800, 700, 11360]
[6942, 700, 480, 740, 700, 580, 680, 480, 680, 540, 440, 720, 840, 780, 740, 760, 720, 740, 1040, 800, 700, 11380]
[6966, 700, 520, 740, 700, 580, 680, 480, 680, 540, 440, 720, 840, 780, 740, 760, 720, 740, 1040, 800, 700, 11400]
[6990, 700, 520, 740, 700, 580, 680, 480, 680, 540, 440, 720, 860, 780, 740, 760, 720, 740, 1040, 800, 700, 11420]
[7011, 700, 520, 740, 700, 580, 680, 480, 680, 540, 440, 720, 860, 780, 740, 760, 740, 740, 1040, 800, 700, 11440]
[7014, 700, 520, 740, 700, 580, 680, 480, 680, 540, 460, 720, 860, 780, 740, 760, 740, 740, 1040, 800, 700, 11460]
[7016, 700, 520, 740, 700, 580, 680, 480, 680, 540, 460, 720, 860, 800, 740, 760, 740, 740, 1040, 800, 700, 11480]
[7023, 700, 520, 740, 700, 580, 680, 480, 680, 560, 460, 720, 860, 800, 740, 760, 740, 740, 1040, 800, 700, 11500]
[7024, 700, 520, 740, 700, 580, 680, 480, 680, 560, 460, 740, 860, 800, 740, 760, 740, 740, 1040, 800, 700, 11520]
[7040, 700, 520, 740, 700, 600, 680, 480, 680, 560, 460, 740, 860, 800, 740, 760, 740, 740, 1040, 800, 700, 11540]
[7046, 700, 520, 740, 700, 600, 680, 480, 680, 560, 460, 740, 860, 800, 740, 760, 740, 760, 1040, 800, 700, 11560]
[7056, 700, 520, 740, 700, 600, 680, 480, 700, 560, 460, 740, 860, 800, 740, 760, 740, 760, 1040, 800, 700, 11580]
[7074, 700, 520, 740, 700, 600, 700, 480, 700, 560, 460, 740, 860, 800, 740, 760, 740, 760, 1040, 800, 700, 11600]
[7099, 700, 520, 740, 700, 600, 700, 480, 700, 560, 460, 740, 860, 800, 740, 780, 740, 760, 1040, 800, 700, 11620]
[7127, 700, 520, 740, 700, 600, 700, 480, 700, 560, 480, 740, 860, 800, 740, 780, 740, 760, 1040, 800, 700, 11640]
[7149, 700, 520, 740, 700, 620, 700, 480, 700, 560, 480, 740, 860, 800, 740, 780, 740, 760, 1040, 800, 700, 11660]
[7161, 700, 520, 740, 700, 620, 700, 500, 700, 560, 480, 740, 860, 800, 740, 780, 740, 760, 1040, 800, 700, 11680]
[7203, 700, 520, 740, 700, 620, 700, 500, 700, 580, 480, 740, 860, 800, 740, 780, 740, 760, 1040, 800, 700, 11700]
[7209, 700, 520, 740, 700, 620, 700, 500, 700, 580, 480, 760, 860, 800, 740, 780, 740, 760, 1040, 800, 700, 11720]
[7224, 700, 520, 740, 700, 620, 700, 500, 700, 580, 480, 760, 860, 800, 740, 780, 740, 760, 1080, 800, 700, 11740]
[7229, 700, 520, 740, 700, 620, 700, 500, 700, 580, 480, 760, 880, 800, 740, 780, 740, 760, 1080, 800, 700, 11760]
[7255, 700, 540, 740, 700, 620, 700, 500, 700, 580, 480, 760, 880, 800, 740, 780, 740, 760, 1080, 800, 700, 11780]
[7266, 700, 540, 740, 700, 640, 700, 500, 700, 580, 480, 760, 880, 800, 740, 780, 740, 760, 1080, 800, 700, 11800]
[7280, 700, 540, 740, 700, 640, 700, 500, 700, 580, 480, 760, 880, 800, 740, 780, 740, 780, 1080, 800, 700, 11820]
[7284, 700, 540, 740, 700, 640, 700, 500, 700, 580, 500, 760, 880, 800, 740, 780, 740, 780, 1080, 800, 700, 11840]
