[89, 0, 0, 0, 0, 0, 0, 0, 0, 0, 0, 0, 0, 0, 0, 0, 0, 20, 0, 0, 0, 20]
[110, 0, 0, 0, 0, 0, 0, 0, 0, 0, 0, 0, 20, 0, 0, 0, 0, 20, 0, 0, 0, 40]
[113, 0, 0, 0, 0, 0, 0, 0, 0, 0, 0, 20, 20, 0, 0, 0, 0, 20, 0, 0, 0, 60]
[113, 0, 0, 0, 0, 0, 0, 0, 0, 20, 0, 20, 20, 0, 0, 0, 0, 20, 0, 20, 0, 100]
[120, 0, 0, 0, 20, 20, 0, 0, 0, 20, 0, 20, 20, 0, 0, 0, 0, 20, 0, 20, 0, 140]
[131, 0, 0, 0, 20, 20, 0, 20, 0, 20, 0, 20, 20, 0, 0, 0, 0, 20, 0, 20, 0, 160]
[134, 0, 0, 0, 20, 20, 0, 20, 0, 20, 0, 20, 20, 20, 0, 0, 0, 20, 0, 20, 0, 180]
[144, 0, 0, 0, 20, 20, 0, 20, 0, 20, 0, 20, 20, 20, 0, 0, 0, 20, 0, 20, 20, 200]
[158, 0, 0, 20, 20, 20, 0, 20, 0, 20, 0, 20, 20, 20, 0, 0, 0, 20, 0, 20, 20, 220]
[161, 0, 0, 20, 20, 20, 20, 20, 0, 20, 0, 20, 20, 20, 0, 0, 0, 20, 0, 20, 20, 240]
[167, 0, 0, 20, 20, 20, 20, 20, 0, 20, 20, 20, 20, 20, 0, 0, 0, 20, 0, 20, 20, 260]
[173, 0, 0, 20, 20, 20, 20, 20, 20, 20, 20, 20, 20, 20, 0, 0, 0, 20, 0, 20, 20, 280]
[185, 0, 0, 20, 20, 20, 20, 20, 20, 40, 20, 20, 20, 20, 0, 0, 0, 20, 0, 20, 20, 300]
[187, 0, 0, 20, 20, 20, 20, 20, 20, 40, 20, 20, 20, 20, 0, 40, 0, 20, 0, 20, 20, 320]
[199, 0, 0, 20, 20, 20, 20, 20, 20, 40, 20, 20, 20, 20, 0, 40, 20, 20, 0, 20, 20, 340]
[215, 0, 0, 20, 20, 20, 20, 20, 20, 40, 20, 40, 20, 20, 0, 40, 20, 20, 0, 20, 20, 360]
[216, 0, 0, 20, 20, 20, 20, 20, 20, 40, 20, 40, 20, 20, 0, 40, 20, 20, 40, 20, 20, 380]
[232, 0, 20, 20, 20, 20, 20, 20, 20, 40, 20, 40, 20, 20, 0, 40, 20, 20, 40, 20, 20, 400]
[259, 0, 20, 20, 20, 20, 20, 20, 20, 40, 40, 40, 20, 40, 0, 40, 20, 20, 40, 20, 40, 460]
[261, 20, 20, 20, 20, 20, 20, 20, 20, 40, 40, 40, 20, 40, 0, 40, 20, 20, 40, 20, 40, 480]
[265, 20, 20, 20, 20, 20, 20, 40, 20, 40, 40, 40, 20, 40, 0, 40, 20, 20, 40, 20, 40, 500]
[276, 20, 20, 20, 20, 20, 20, 40, 20, 40, 40, 40, 40, 40, 0, 40, 20, 20, 40, 20, 40, 520]
[279, 20, 20, 20, 40, 20, 20, 40, 20, 40, 40, 40, 40, 40, 0, 40, 20, 20, 40, 20, 40, 540]
[279, 20, 20, 20, 40, 20, 20, 40, 20, 60, 40, 40, 40, 40, 0, 40, 20, 20, 40, 20, 40, 560]
[289, 20, 20, 20, 40, 20, 20, 40, 20, 60, 40, 40, 40, 40, 40, 40, 20, 20, 40, 20, 40, 580]
[301, 20, 20, 20, 40, 20, 40, 40, 20, 60, 40, 40, 40, 40, 40, 40, 20, 20, 40, 20, 40, 600]
[309, 20, 20, 20, 40, 20, 40, 40, 20, 60, 40, 40, 40, 40, 40, 80, 20, 20, 40, 20, 40, 620]
[330, 20, 20, 20, 40, 20, 40, 40, 20, 60, 40, 40, 40, 40, 40, 80, 20, 40, 40, 20, 40, 640]
[339, 20, 20, 20, 40, 20, 40, 40, 20, 60, 40, 40, 40, 40, 40, 80, 20, 40, 60, 20, 40, 660]
[342, 20, 20, 20, 40, 20, 40, 40, 20, 60, 40, 40, 40, 40, 40, 80, 40, 40, 60, 20, 40, 680]
[349, 20, 20, 20, 40, 20, 40, 40, 20, 60, 40, 40, 40, 40, 60, 80, 40, 40, 60, 20, 40, 700]
[350, 20, 20, 20, 40, 20, 40, 60, 20, 60, 40, 40, 40, 40, 60, 80, 40, 40, 60, 20, 40, 720]
[356, 20, 40, 20, 40, 20, 40, 60, 20, 60, 40, 40, 40, 40, 60, 80, 40, 40, 60, 20, 40, 740]
[368, 20, 40, 20, 40, 20, 40, 60, 20, 60, 40, 40, 40, 40, 60, 100, 40, 40, 60, 20, 40, 760]
[370, 20, 40, 20, 40, 20, 40, 60, 20, 60, 40, 80, 40, 40, 60, 100, 40, 40, 60, 20, 40, 780]
[371, 20, 40, 20, 40, 20, 40, 60, 20, 60, 40, 80, 40, 40, 60, 100, 40, 40, 60, 20, 60, 800]
[381, 20, 40, 20, 40, 20, 40, 60, 20, 60, 40, 80, 60, 40, 60, 100, 40, 40, 60, 20, 60, 820]
[381, 40, 40, 20, 40, 20, 40, 60, 20, 60, 40, 80, 60, 40, 60, 100, 40, 40, 60, 20, 60, 840]
[390, 40, 40, 20, 40, 20, 40, 60, 20, 60, 40, 80, 60, 60, 60, 100, 40, 40, 60, 20, 60, 860]
[400, 40, 40, 20, 40, 20, 40, 60, 20, 60, 60, 80, 60, 60, 60, 100, 40, 40, 60, 20, 60, 880]
[404, 40, 40, 20, 40, 20, 60, 60, 20, 60, 60, 80, 60, 60, 60, 100, 40, 40, 60, 20, 60, 900]
[422, 40, 40, 20, 40, 20, 60, 60, 20, 80, 60, 80, 60, 60, 60, 100, 40, 40, 60, 20, 80, 940]
[424, 40, 40, 20, 40, 20, 60, 60, 20, 80, 60, 80, 60, 60, 60, 100, 40, 60, 60, 20, 80, 960]
[431, 40, 40, 20, 40, 20, 60, 60, 80, 80, 60, 80, 60, 60, 60, 100, 40, 60, 60, 20, 80, 980]
[452, 40, 40, 20, 40, 20, 60, 60, 80, 80, 60, 80, 60, 60, 60, 100, 40, 60, 60, 80, 80, 1000]
[466, 40, 40, 20, 40, 20, 60, 60, 80, 80, 60, 80, 60, 60, 60, 120, 40, 60, 60, 80, 80, 1020]
[473, 40, 40, 20, 40, 20, 60, 60, 80, 80, 60, 80, 80, 60, 60, 120, 40, 60, 60, 80, 80, 1040]
[485, 40, 40, 20, 40, 20, 60, 60, 80, 80, 60, 100, 80, 60, 60, 120, 40, 60, 60, 80, 80, 1060]
[491, 40, 40, 20, 40, 20, 80, 60, 80, 80, 60, 100, 80, 60, 60, 120, 40, 60, 60, 80, 80, 1080]
[492, 40, 40, 20, 40, 20, 80, 60, 80, 80, 60, 100, 80, 60, 80, 120, 40, 60, 60, 80, 80, 1100]
[495, 40, 40, 20, 40, 20, 80, 60, 80, 80, 60, 100, 80, 60, 80, 120, 40, 60, 80, 80, 80, 1120]
[498, 60, 40, 20, 40, 20, 80, 60, 80, 80, 60, 100, 80, 60, 80, 120, 40, 60, 80, 80, 80, 1140]
[505, 60, 40, 20, 40, 20, 80, 60, 80, 80, 80, 100, 80, 60, 80, 120, 40, 60, 80, 80, 80, 1160]
[515, 60, 40, 80, 40, 20, 80, 60, 80, 80, 80, 100, 80, 60, 80, 120, 40, 60, 80, 80, 80, 1180]
[547, 60, 40, 80, 40, 20, 80, 60, 80, 80, 80, 100, 80, 80, 80, 120, 40, 60, 80, 80, 80, 1200]
[569, 60, 40, 80, 40, 20, 80, 60, 100, 80, 80, 100, 80, 80, 80, 120, 40, 60, 80, 80, 80, 1220]
[570, 60, 40, 80, 40, 40, 80, 60, 100, 80, 80, 100, 80, 80, 80, 120, 40, 60, 80, 80, 80, 1240]
[575, 60, 40, 80, 40, 40, 80, 100, 100, 80, 80, 100, 80, 80, 80, 120, 40, 60, 80, 80, 80, 1260]
[582, 60, 40, 80, 40, 40, 80, 100, 100, 100, 80, 100, 80, 80, 80, 120, 40, 60, 80, 80, 80, 1280]
[587, 60, 40, 80, 40, 40, 80, 100, 100, 100, 80, 100, 80, 80, 80, 120, 60, 60, 80, 80, 80, 1300]
[600, 60, 40, 80, 40, 40, 80, 100, 100, 100, 80, 100, 100, 80, 80, 120, 60, 60, 80, 80, 80, 1320]
[602, 60, 40, 80, 40, 40, 100, 100, 100, 100, 80, 100, 100, 80, 80, 120, 60, 60, 80, 80, 80, 1340]
[613, 60, 40, 80, 40, 40, 100, 100, 100, 100, 80, 120, 100, 80, 80, 120, 60, 60, 80, 80, 80, 1360]
[620, 60, 40, 80, 40, 40, 100, 100, 100, 100, 80, 120, 100, 80, 80, 120, 60, 60, 100, 80, 80, 1380]
[625, 60, 40, 80, 40, 40, 100, 100, 100, 100, 80, 120, 100, 80, 80, 120, 60, 60, 100, 80, 100, 1400]
[627, 60, 40, 80, 40, 40, 100, 100, 100, 100, 100, 120, 100, 80, 80, 120, 60, 60, 100, 80, 100, 1420]
[638, 60, 40, 80, 40, 40, 100, 100, 100, 100, 100, 120, 100, 80, 100, 120, 60, 60, 100, 80, 100, 1440]
[644, 60, 40, 80, 40, 40, 100, 100, 100, 100, 100, 120, 100, 80, 100, 140, 60, 60, 100, 80, 100, 1460]
[645, 60, 40, 100, 40, 40, 100, 100, 100, 100, 100, 120, 100, 80, 100, 140, 60, 60, 100, 80, 100, 1480]
[649, 60, 40, 100, 40, 40, 100, 100, 100, 100, 100, 120, 100, 80, 100, 140, 60, 60, 100, 100, 100, 1500]
[650, 60, 40, 100, 40, 40, 100, 100, 100, 100, 100, 120, 100, 100, 100, 140, 60, 60, 100, 100, 100, 1520]
[688, 80, 40, 100, 40, 40, 100, 100, 100, 100, 100, 120, 100, 100, 100, 140, 60, 60, 100, 100, 100, 1540]
[693, 80, 40, 100, 40, 40, 100, 100, 100, 100, 100, 120, 120, 100, 100, 140, 60, 60, 100, 100, 100, 1560]
[695, 80, 40, 100, 40, 40, 120, 100, 100, 100, 100, 120, 120, 100, 100, 140, 60, 60, 100, 100, 100, 1580]
[701, 80, 40, 100, 40, 40, 120, 100, 100, 100, 100, 120, 120, 100, 100, 140, 60, 60, 120, 100, 100, 1600]
[720, 80, 40, 100, 40, 40, 120, 100, 100, 100, 100, 120, 120, 100, 100, 140, 60, 100, 120, 100, 100, 1620]
[733, 80, 60, 100, 40, 40, 120, 100, 100, 100, 100, 120, 120, 100, 100, 140, 60, 100, 120, 100, 100, 1640]
[735, 80, 60, 100, 80, 40, 120, 100, 100, 100, 100, 120, 120, 100, 100, 140, 60, 100, 120, 100, 100, 1660]
[742, 80, 60, 100, 80, 40, 120, 100, 100, 100, 100, 140, 120, 100, 100, 140, 60, 100, 120, 100, 100, 1680]
[751, 80, 60, 100, 80, 40, 120, 100, 100, 100, 100, 140, 120, 100, 100, 140, 60, 100, 120, 120, 100, 1700]
[754, 80, 60, 100, 80, 40, 120, 100, 100, 100, 100, 140, 120, 100, 100, 140, 60, 100, 120, 120, 120, 1720]
[756, 80, 60, 100, 80, 40, 120, 100, 100, 100, 100, 140, 120, 100, 100, 140, 80, 100, 120, 120, 120, 1740]
[770, 80, 60, 120, 80, 40, 120, 100, 100, 100, 100, 140, 120, 100, 100, 140, 80, 100, 120, 120, 120, 1760]
[783, 80, 60, 120, 80, 40, 120, 100, 120, 100, 100, 140, 120, 100, 100, 140, 80, 100, 120, 120, 120, 1780]
[807, 80, 60, 120, 80, 40, 120, 100, 120, 100, 100, 140, 120, 100, 100, 160, 80, 100, 120, 120, 120, 1800]
[827, 80, 60, 120, 100, 40, 120, 100, 120, 100, 100, 140, 120, 100, 100, 160, 80, 100, 120, 120, 120, 1820]
[830, 80, 60, 120, 100, 40, 120, 100, 120, 100, 100, 140, 120, 100, 100, 160, 80, 100, 140, 120, 120, 1840]
[841, 100, 60, 120, 100, 40, 120, 100, 120, 100, 100, 140, 120, 100, 100, 160, 80, 100, 140, 120, 120, 1860]
[854, 100, 80, 120, 100, 40, 120, 100, 120, 100, 100, 140, 120, 100, 100, 160, 80, 100, 140, 120, 120, 1880]
[860, 100, 80, 120, 100, 40, 120, 100, 120, 100, 100, 140, 140, 100, 100, 160, 80, 100, 140, 120, 120, 1900]
[860, 100, 80, 120, 100, 40, 120, 100, 120, 100, 100, 140, 140, 100, 100, 160, 80, 100, 140, 140, 120, 1920]
[889, 100, 80, 140, 100, 40, 120, 100, 120, 100, 100, 140, 140, 100, 100, 160, 80, 100, 140, 140, 120, 1940]
[892, 100, 80, 140, 100, 40, 120, 100, 120, 120, 100, 140, 140, 100, 100, 160, 80, 100, 140, 140, 120, 1960]
[898, 100, 80, 140, 100, 40, 120, 140, 120, 120, 100, 140, 140, 100, 100, 160, 80, 100, 140, 140, 120, 1980]
[898, 100, 80, 140, 100, 40, 120, 140, 140, 120, 100, 140, 140, 100, 100, 160, 80, 100, 140, 140, 120, 2000]
[906, 100, 80, 140, 100, 40, 120, 140, 140, 120, 100, 140, 140, 100, 100, 180, 80, 100, 140, 140, 120, 2020]
[937, 100, 80, 140, 100, 40, 140, 140, 140, 120, 100, 140, 140, 100, 100, 180, 80, 100, 140, 140, 120, 2040]
[937, 100, 80, 140, 100, 40, 140, 140, 140, 120, 100, 140, 140, 100, 100, 180, 80, 100, 160, 140, 120, 2060]
[953, 100, 80, 140, 100, 40, 140, 140, 140, 120, 100, 140, 140, 100, 100, 180, 80, 100, 160, 160, 120, 2080]
[954, 100, 80, 160, 100, 40, 140, 140, 140, 120, 100, 140, 140, 100, 100, 180, 80, 100, 160, 160, 120, 2100]
[966, 100, 80, 160, 120, 40, 140, 140, 140, 120, 100, 140, 140, 100, 100, 180, 80, 100, 160, 160, 120, 2120]
[967, 100, 80, 160, 120, 40, 140, 140, 140, 120, 100, 140, 140, 100, 100, 180, 80, 140, 160, 160, 120, 2140]
[967, 120, 80, 160, 120, 40, 140, 140, 140, 120, 100, 140, 140, 100, 100, 180, 80, 140, 160, 160, 120, 2160]
[981, 120, 80, 160, 120, 40, 140, 140, 140, 140, 100, 140, 140, 100, 100, 180, 80, 140, 160, 160, 120, 2180]
[989, 120, 80, 160, 120, 80, 140, 140, 140, 140, 100, 140, 140, 100, 100, 180, 80, 140, 160, 160, 120, 2200]
[997, 120, 80, 160, 120, 80, 140, 140, 140, 140, 100, 140, 140, 100, 140, 180, 80, 140, 160, 160, 120, 2220]
[1002, 120, 80, 160, 120, 80, 140, 140, 140, 140, 120, 140, 140, 100, 140, 180, 80, 140, 160, 160, 120, 2240]
[1021, 120, 80, 160, 120, 80, 140, 140, 140, 140, 120, 140, 140, 100, 140, 180, 80, 140, 160, 160, 160, 2260]
[1028, 120, 80, 160, 120, 80, 140, 140, 140, 140, 120, 160, 140, 100, 140, 180, 80, 140, 160, 160, 160, 2280]
[1034, 120, 80, 160, 120, 80, 140, 140, 140, 140, 120, 160, 140, 100, 140, 200, 80, 140, 160, 160, 160, 2300]
[1052, 120, 80, 160, 120, 80, 160, 140, 140, 140, 120, 160, 140, 100, 140, 200, 80, 140, 160, 160, 160, 2320]
[1056, 120, 100, 160, 120, 80, 160, 140, 140, 140, 120, 160, 140, 100, 140, 200, 80, 140, 160, 160, 160, 2340]
[1061, 120, 100, 160, 120, 80, 160, 140, 140, 140, 120, 160, 140, 100, 140, 200, 100, 140, 160, 160, 160, 2360]
[1064, 120, 100, 160, 120, 80, 160, 140, 140, 140, 120, 160, 140, 100, 140, 200, 100, 140, 180, 160, 160, 2380]
[1076, 120, 100, 160, 120, 80, 160, 140, 160, 140, 120, 160, 140, 100, 140, 200, 100, 140, 180, 160, 160, 2400]
[1099, 120, 100, 180, 120, 80, 160, 140, 160, 140, 120, 160, 140, 100, 140, 200, 100, 140, 180, 160, 160, 2420]
[1111, 120, 100, 180, 120, 80, 160, 140, 160, 140, 120, 160, 140, 100, 160, 200, 100, 140, 180, 160, 160, 2440]
[1132, 120, 100, 180, 120, 80, 160, 140, 160, 140, 120, 180, 140, 100, 160, 200, 100, 140, 180, 160, 160, 2460]
[1134, 120, 100, 180, 120, 80, 160, 140, 160, 160, 120, 180, 140, 100, 160, 200, 100, 140, 180, 160, 160, 2480]
[1147, 120, 100, 180, 120, 100, 160, 140, 160, 160, 120, 180, 140, 100, 160, 200, 100, 140, 180, 160, 160, 2500]
[1153, 120, 100, 180, 120, 100, 180, 140, 160, 160, 120, 180, 140, 100, 160, 200, 120, 140, 180, 160, 160, 2540]
[1174, 120, 100, 200, 120, 100, 180, 140, 160, 160, 120, 180, 140, 100, 160, 200, 120, 140, 180, 160, 160, 2560]
[1179, 120, 100, 200, 120, 100, 180, 140, 160, 160, 120, 180, 140, 160, 160, 200, 120, 140, 180, 160, 160, 2580]
[1182, 120, 100, 200, 120, 100, 180, 140, 160, 160, 120, 180, 200, 160, 160, 200, 120, 140, 180, 160, 160, 2600]
[1192, 120, 100, 200, 120, 100, 180, 140, 160, 160, 120, 180, 200, 160, 160, 200, 120, 180, 180, 160, 160, 2620]
[1205, 120, 100, 200, 120, 100, 180, 140, 160, 160, 120, 180, 200, 160, 160, 200, 120, 180, 180, 200, 160, 2640]
[1219, 120, 100, 200, 120, 100, 180, 140, 160, 160, 120, 180, 200, 160, 160, 200, 120, 180, 200, 200, 160, 2660]
[1219, 120, 100, 200, 140, 100, 180, 140, 160, 160, 120, 180, 200, 160, 160, 200, 120, 180, 200, 200, 160, 2680]
[1220, 120, 120, 200, 140, 100, 180, 140, 160, 160, 120, 180, 200, 160, 160, 200, 120, 180, 200, 200, 160, 2700]
[1232, 120, 120, 200, 140, 100, 180, 140, 160, 160, 120, 180, 200, 160, 160, 220, 120, 180, 200, 200, 160, 2720]
[1233, 120, 120, 200, 140, 100, 180, 140, 180, 160, 120, 180, 200, 160, 160, 220, 120, 180, 200, 200, 160, 2740]
[1234, 120, 120, 200, 140, 100, 180, 140, 180, 160, 120, 180, 200, 160, 180, 220, 120, 180, 200, 200, 160, 2760]
[1254, 120, 120, 200, 140, 100, 180, 140, 180, 160, 120, 180, 200, 160, 180, 220, 140, 180, 200, 200, 160, 2780]
[1263, 140, 120, 200, 140, 100, 180, 140, 180, 160, 120, 180, 200, 160, 180, 220, 140, 180, 200, 200, 160, 2800]
[1270, 140, 120, 200, 140, 100, 200, 140, 180, 160, 120, 180, 200, 160, 180, 220, 140, 180, 200, 200, 160, 2820]
[1272, 140, 120, 200, 140, 100, 200, 140, 180, 160, 120, 180, 200, 160, 180, 220, 140, 200, 200, 200, 160, 2840]
[1274, 140, 120, 220, 140, 100, 200, 140, 180, 160, 120, 180, 200, 160, 180, 220, 140, 200, 200, 200, 160, 2860]
[1298, 140, 120, 220, 140, 100, 200, 140, 180, 160, 120, 180, 200, 160, 180, 220, 140, 200, 200, 220, 160, 2880]
[1302, 140, 120, 220, 140, 120, 200, 140, 180, 160, 120, 180, 200, 160, 180, 220, 140, 200, 200, 220, 160, 2900]
[1311, 140, 140, 220, 140, 120, 200, 140, 180, 160, 120, 180, 200, 160, 180, 220, 140, 200, 200, 220, 160, 2920]
[1324, 140, 140, 220, 140, 120, 200, 140, 180, 160, 120, 180, 200, 160, 180, 240, 140, 200, 200, 220, 160, 2940]
[1333, 140, 140, 220, 140, 120, 200, 140, 180, 160, 120, 180, 200, 180, 180, 240, 140, 200, 200, 220, 160, 2960]
[1339, 140, 140, 220, 160, 120, 200, 140, 180, 160, 120, 180, 200, 180, 180, 240, 140, 200, 200, 220, 160, 2980]
[1349, 140, 140, 220, 160, 120, 220, 140, 180, 160, 120, 180, 200, 180, 180, 240, 140, 200, 200, 220, 160, 3000]
[1356, 140, 140, 220, 160, 120, 220, 140, 180, 160, 120, 180, 200, 180, 200, 240, 140, 200, 200, 220, 160, 3020]
[1364, 140, 140, 220, 160, 120, 220, 140, 180, 160, 120, 180, 220, 180, 200, 240, 140, 200, 200, 220, 160, 3040]
[1370, 140, 140, 220, 160, 120, 220, 140, 180, 180, 120, 180, 220, 180, 200, 240, 140, 200, 200, 220, 160, 3060]
[1375, 140, 140, 220, 160, 120, 220, 140, 180, 180, 120, 200, 220, 180, 200, 240, 140, 200, 200, 220, 160, 3080]
[1381, 140, 140, 220, 160, 120, 220, 140, 180, 180, 160, 200, 220, 180, 200, 240, 140, 200, 200, 220, 160, 3100]
[1390, 140, 140, 220, 160, 120, 220, 140, 180, 180, 160, 200, 220, 180, 200, 240, 140, 200, 200, 220, 220, 3120]
[1409, 140, 140, 220, 160, 120, 220, 140, 180, 180, 160, 200, 220, 180, 200, 240, 160, 200, 200, 220, 220, 3140]
[1416, 140, 140, 220, 160, 120, 220, 140, 180, 200, 160, 200, 220, 180, 200, 240, 160, 200, 200, 220, 220, 3160]
[1420, 140, 140, 220, 160, 120, 220, 140, 180, 200, 160, 200, 220, 180, 200, 240, 160, 200, 240, 220, 220, 3180]
[1426, 140, 140, 240, 160, 120, 220, 140, 180, 200, 160, 200, 220, 180, 200, 240, 160, 200, 240, 220, 220, 3200]
[1444, 140, 160, 240, 160, 120, 220, 140, 180, 200, 160, 200, 220, 180, 200, 240, 160, 200, 240, 220, 220, 3220]
[1445, 140, 160, 240, 160, 120, 220, 140, 220, 200, 160, 200, 220, 180, 200, 240, 160, 200, 240, 220, 220, 3240]
[1460, 140, 160, 240, 180, 120, 220, 140, 220, 200, 160, 200, 220, 180, 200, 240, 160, 200, 240, 220, 220, 3260]
[1467, 140, 160, 240, 180, 120, 220, 140, 220, 200, 180, 200, 220, 180, 200, 240, 160, 200, 240, 220, 220, 3280]
[1485, 140, 160, 240, 180, 120, 220, 140, 220, 200, 180, 200, 220, 200, 200, 260, 160, 200, 240, 220, 220, 3320]
[1486, 140, 160, 240, 180, 120, 240, 140, 220, 200, 180, 200, 220, 200, 200, 260, 160, 200, 240, 220, 220, 3340]
[1490, 160, 160, 240, 180, 120, 240, 140, 220, 200, 180, 200, 220, 200, 200, 260, 160, 200, 240, 220, 220, 3360]
[1491, 160, 160, 240, 180, 140, 240, 140, 220, 200, 180, 200, 220, 200, 200, 260, 160, 200, 240, 220, 220, 3380]
[1501, 160, 160, 240, 180, 140, 240, 140, 220, 200, 180, 220, 220, 200, 200, 260, 160, 200, 240, 260, 220, 3420]
[1512, 160, 160, 240, 180, 140, 240, 140, 220, 200, 180, 220, 220, 200, 200, 260, 160, 200, 240, 260, 240, 3440]
[1526, 160, 160, 240, 180, 140, 240, 140, 220, 200, 180, 220, 240, 200, 200, 260, 160, 200, 240, 260, 240, 3460]
[1549, 160, 160, 240, 180, 140, 240, 140, 220, 200, 180, 220, 240, 200, 200, 260, 160, 240, 240, 260, 240, 3480]
[1569, 160, 160, 240, 180, 140, 240, 140, 220, 200, 180, 220, 240, 200, 200, 260, 160, 240, 260, 260, 240, 3500]
[1571, 160, 160, 240, 180, 140, 240, 180, 220, 200, 180, 220, 240, 200, 200, 260, 160, 240, 260, 260, 240, 3520]
[1578, 160, 180, 240, 180, 140, 240, 180, 220, 200, 180, 220, 240, 200, 200, 260, 160, 240, 260, 260, 240, 3540]
[1590, 160, 180, 240, 180, 140, 240, 180, 220, 220, 180, 220, 240, 200, 200, 260, 160, 240, 260, 260, 240, 3560]
[1601, 160, 180, 240, 180, 140, 240, 180, 220, 220, 180, 220, 240, 200, 240, 260, 160, 240, 260, 260, 240, 3580]
[1605, 160, 180, 240, 180, 160, 240, 180, 220, 220, 180, 220, 240, 200, 240, 260, 160, 240, 260, 260, 240, 3600]
[1607, 160, 180, 240, 180, 160, 240, 180, 220, 220, 180, 220, 240, 200, 240, 280, 160, 240, 260, 260, 240, 3620]
[1609, 160, 180, 240, 180, 160, 240, 180, 220, 220, 180, 220, 240, 200, 240, 280, 180, 240, 260, 260, 240, 3640]
[1621, 160, 180, 260, 180, 160, 240, 180, 220, 220, 180, 220, 240, 200, 240, 280, 180, 240, 260, 260, 240, 3660]
[1623, 160, 180, 260, 180, 160, 240, 180, 220, 220, 200, 220, 240, 200, 240, 280, 180, 240, 260, 260, 240, 3680]
[1631, 160, 180, 260, 180, 160, 240, 180, 220, 220, 200, 220, 240, 200, 240, 280, 180, 260, 260, 260, 240, 3700]
[1636, 160, 180, 260, 200, 160, 240, 180, 220, 220, 200, 220, 240, 200, 240, 280, 180, 260, 260, 260, 240, 3720]
[1643, 180, 180, 260, 200, 160, 240, 180, 220, 220, 200, 220, 240, 200, 240, 280, 180, 260, 260, 260, 240, 3740]
[1649, 180, 180, 260, 200, 160, 240, 180, 220, 240, 200, 220, 240, 200, 240, 280, 180, 260, 260, 260, 240, 3760]
[1653, 180, 180, 260, 200, 160, 260, 180, 220, 240, 200, 220, 240, 200, 240, 280, 180, 260, 260, 260, 240, 3780]
[1659, 180, 180, 260, 200, 160, 260, 200, 220, 240, 200, 220, 260, 200, 240, 280, 180, 260, 260, 260, 240, 3820]
[1680, 180, 180, 260, 200, 180, 260, 200, 220, 240, 200, 220, 260, 200, 240, 280, 180, 260, 260, 280, 240, 3860]
[1722, 180, 180, 260, 200, 180, 260, 200, 220, 260, 200, 220, 260, 200, 240, 280, 180, 260, 260, 280, 240, 3880]
[1732, 180, 180, 260, 200, 180, 260, 200, 220, 260, 220, 220, 260, 200, 240, 280, 180, 260, 260, 280, 240, 3900]
[1740, 180, 180, 260, 200, 180, 260, 200, 220, 260, 220, 220, 260, 200, 240, 280, 180, 280, 260, 280, 240, 3920]
[1741, 180, 180, 260, 200, 180, 260, 200, 220, 260, 220, 220, 260, 200, 260, 280, 200, 280, 260, 280, 240, 3960]
[1774, 180, 180, 260, 200, 180, 260, 200, 220, 260, 220, 220, 260, 220, 260, 280, 200, 280, 260, 280, 240, 3980]
[1781, 180, 180, 260, 220, 180, 260, 200, 220, 260, 220, 220, 260, 220, 260, 280, 200, 280, 260, 280, 240, 4000]
[1793, 180, 180, 260, 220, 180, 260, 200, 240, 260, 220, 220, 260, 220, 260, 280, 200, 280, 260, 280, 240, 4020]
[1798, 180, 180, 260, 220, 180, 260, 200, 240, 260, 220, 220, 280, 220, 260, 280, 200, 280, 260, 280, 240, 4040]
[1804, 180, 180, 260, 220, 180, 280, 200, 240, 260, 220, 220, 280, 220, 260, 280, 200, 280, 260, 280, 240, 4060]
[1806, 180, 180, 260, 220, 180, 280, 200, 240, 260, 220, 220, 280, 220, 260, 280, 200, 280, 260, 280, 260, 4080]
[1810, 180, 180, 260, 220, 180, 280, 220, 240, 260, 220, 220, 280, 220, 260, 280, 200, 280, 260, 280, 260, 4100]
[1811, 180, 180, 260, 220, 180, 280, 220, 240, 280, 220, 220, 280, 220, 260, 280, 200, 280, 260, 280, 260, 4120]
[1844, 180, 180, 260, 220, 180, 280, 220, 240, 280, 240, 220, 280, 220, 260, 280, 200, 280, 260, 280, 260, 4140]
[1867, 180, 180, 260, 220, 180, 280, 220, 240, 280, 240, 260, 280, 220, 260, 280, 200, 280, 260, 280, 260, 4160]
[1869, 180, 180, 260, 220, 180, 300, 220, 260, 280, 240, 260, 280, 220, 260, 280, 200, 280, 260, 280, 260, 4200]
[1878, 180, 180, 260, 220, 180, 300, 220, 260, 280, 240, 260, 280, 220, 260, 320, 200, 280, 260, 280, 260, 4220]
[1891, 180, 180, 320, 220, 180, 300, 220, 260, 280, 240, 260, 280, 220, 260, 320, 200, 280, 260, 280, 260, 4240]
[1892, 180, 200, 320, 220, 180, 300, 220, 260, 280, 240, 260, 280, 220, 260, 320, 220, 280, 260, 280, 260, 4280]
[1896, 180, 200, 320, 220, 180, 300, 220, 260, 280, 240, 260, 280, 240, 260, 320, 220, 280, 260, 280, 260, 4300]
[1897, 180, 200, 320, 220, 180, 300, 220, 260, 280, 240, 260, 280, 240, 260, 320, 220, 280, 300, 280, 260, 4320]
[1902, 180, 200, 320, 220, 180, 300, 220, 260, 280, 240, 260, 280, 240, 260, 320, 220, 280, 300, 320, 260, 4340]
[1912, 180, 200, 320, 220, 180, 300, 240, 260, 280, 240, 260, 280, 240, 260, 320, 220, 280, 300, 320, 260, 4360]
[1918, 180, 200, 320, 220, 180, 300, 240, 260, 280, 240, 260, 280, 240, 260, 320, 220, 280, 300, 320, 280, 4380]
[1923, 180, 200, 320, 240, 180, 300, 240, 260, 280, 240, 260, 280, 240, 260, 320, 220, 280, 300, 320, 280, 4400]
[1929, 180, 200, 320, 240, 180, 300, 240, 260, 280, 240, 260, 300, 240, 260, 320, 220, 280, 300, 320, 280, 4420]
[1941, 180, 200, 320, 240, 180, 300, 240, 260, 300, 240, 260, 300, 240, 260, 320, 220, 280, 300, 320, 280, 4440]
[1952, 180, 200, 320, 240, 180, 300, 240, 260, 300, 240, 260, 300, 240, 260, 340, 220, 280, 300, 320, 280, 4460]
[1958, 180, 200, 320, 240, 180, 300, 240, 260, 300, 240, 260, 300, 240, 260, 340, 220, 320, 300, 320, 280, 4480]
[1959, 180, 200, 320, 240, 220, 300, 240, 260, 300, 240, 260, 300, 240, 260, 340, 220, 320, 300, 320, 280, 4500]
[1961, 180, 200, 320, 240, 220, 320, 240, 260, 300, 240, 260, 300, 240, 260, 340, 220, 320, 300, 320, 280, 4520]
[1967, 180, 200, 320, 240, 220, 320, 240, 260, 300, 240, 280, 300, 240, 260, 340, 220, 320, 300, 320, 280, 4540]
[1978, 180, 200, 320, 240, 220, 320, 240, 260, 300, 240, 280, 300, 260, 260, 340, 220, 320, 300, 320, 280, 4560]
[1983, 180, 200, 320, 240, 220, 320, 240, 260, 300, 240, 280, 300, 260, 260, 340, 240, 320, 300, 320, 280, 4580]
[1985, 180, 200, 320, 240, 220, 320, 240, 260, 300, 240, 280, 300, 260, 280, 340, 240, 320, 300, 320, 280, 4600]
[1988, 180, 200, 320, 240, 220, 320, 240, 280, 300, 240, 280, 300, 260, 280, 340, 240, 320, 300, 320, 280, 4620]
[2008, 220, 200, 320, 240, 220, 320, 240, 280, 300, 240, 280, 300, 260, 280, 340, 240, 320, 300, 320, 280, 4640]
[2015, 220, 200, 320, 240, 220, 320, 240, 280, 300, 240, 280, 320, 260, 280, 340, 240, 320, 300, 320, 280, 4660]
[2024, 220, 200, 320, 240, 220, 320, 240, 280, 300, 240, 280, 320, 260, 280, 360, 240, 320, 300, 320, 280, 4680]
[2030, 220, 220, 320, 240, 220, 320, 240, 280, 300, 240, 280, 320, 260, 280, 360, 240, 320, 300, 320, 280, 4700]
[2030, 220, 220, 340, 240, 220, 320, 240, 280, 300, 240, 280, 320, 260, 280, 360, 240, 320, 300, 320, 280, 4720]
[2042, 220, 220, 340, 240, 220, 320, 240, 280, 300, 240, 280, 320, 260, 280, 360, 240, 320, 300, 320, 300, 4740]
[2048, 220, 220, 340, 240, 220, 320, 240, 280, 300, 240, 280, 320, 260, 280, 360, 240, 320, 320, 320, 300, 4760]
[2063, 220, 220, 340, 260, 220, 320, 240, 280, 300, 240, 280, 320, 260, 280, 360, 240, 320, 320, 320, 300, 4780]
[2065, 220, 220, 340, 260, 220, 320, 240, 280, 300, 260, 280, 320, 260, 280, 360, 240, 320, 320, 320, 300, 4800]
[2071, 220, 220, 340, 260, 220, 340, 240, 280, 300, 260, 280, 320, 260, 280, 360, 240, 320, 320, 320, 300, 4820]
[2078, 220, 220, 340, 260, 220, 340, 240, 280, 300, 260, 280, 320, 260, 280, 360, 240, 340, 320, 320, 300, 4840]
[2085, 220, 220, 340, 260, 220, 340, 240, 280, 300, 260, 280, 320, 260, 280, 360, 240, 340, 320, 340, 300, 4860]
[2089, 220, 220, 340, 260, 220, 340, 240, 280, 300, 260, 280, 320, 260, 280, 360, 260, 340, 320, 340, 300, 4880]
[2104, 220, 220, 340, 260, 220, 340, 240, 280, 300, 260, 280, 320, 260, 280, 380, 260, 340, 320, 340, 300, 4900]
[2106, 220, 220, 340, 260, 220, 340, 240, 280, 300, 260, 280, 340, 260, 280, 380, 260, 340, 320, 340, 300, 4920]
[2125, 220, 220, 340, 260, 220, 340, 260, 280, 300, 260, 280, 340, 260, 280, 380, 260, 340, 320, 340, 300, 4940]
[2128, 220, 220, 340, 260, 220, 340, 260, 280, 300, 260, 280, 340, 260, 300, 380, 260, 340, 320, 340, 300, 4960]
[2151, 220, 220, 340, 260, 220, 340, 260, 300, 300, 260, 280, 340, 260, 300, 380, 260, 340, 320, 340, 300, 4980]
[2171, 220, 220, 340, 260, 220, 340, 260, 300, 300, 260, 280, 340, 260, 300, 380, 260, 340, 320, 340, 320, 5000]
[2172, 220, 240, 340, 260, 220, 340, 260, 300, 300, 260, 280, 340, 260, 300, 380, 260, 340, 320, 340, 320, 5020]
[2175, 220, 240, 340, 260, 220, 340, 260, 300, 300, 260, 280, 340, 260, 300, 380, 260, 340, 340, 340, 320, 5040]
[2177, 220, 240, 340, 260, 220, 340, 260, 300, 320, 260, 280, 340, 260, 300, 380, 260, 340, 340, 340, 320, 5060]
[2182, 220, 240, 340, 260, 220, 340, 260, 300, 320, 260, 280, 340, 300, 300, 380, 260, 340, 340, 340, 320, 5080]
[2190, 220, 240, 360, 260, 220, 340, 260, 300, 320, 260, 280, 340, 300, 300, 380, 260, 340, 340, 340, 320, 5100]
[2196, 220, 240, 360, 260, 220, 340, 260, 300, 320, 280, 280, 340, 300, 300, 380, 260, 340, 340, 340, 320, 5120]
[2199, 220, 240, 360, 260, 220, 340, 260, 300, 320, 280, 280, 340, 300, 300, 380, 260, 360, 340, 340, 320, 5140]
[2201, 220, 240, 360, 260, 220, 340, 260, 300, 320, 280, 300, 340, 300, 300, 380, 260, 360, 340, 340, 320, 5160]
[2208, 240, 240, 360, 260, 220, 340, 260, 300, 320, 280, 300, 340, 300, 300, 380, 260, 360, 340, 340, 320, 5180]
[2222, 240, 240, 360, 260, 220, 360, 260, 300, 320, 280, 300, 340, 300, 300, 380, 260, 360, 340, 340, 320, 5200]
[2231, 240, 240, 360, 260, 220, 360, 260, 300, 320, 280, 300, 340, 300, 300, 400, 260, 360, 340, 340, 320, 5220]
[2249, 240, 240, 360, 260, 220, 360, 260, 300, 320, 280, 300, 360, 300, 300, 400, 260, 360, 340, 340, 320, 5240]
[2252, 240, 240, 360, 260, 220, 360, 260, 300, 320, 280, 300, 360, 300, 320, 400, 260, 360, 340, 340, 320, 5260]
[2270, 240, 240, 360, 260, 220, 360, 260, 300, 320, 280, 300, 360, 300, 320, 400, 260, 360, 360, 340, 320, 5280]
[2283, 240, 260, 360, 260, 220, 360, 260, 300, 320, 280, 300, 360, 300, 320, 400, 260, 360, 360, 340, 320, 5300]
[2288, 240, 260, 360, 260, 220, 360, 260, 300, 320, 280, 300, 360, 300, 320, 400, 260, 360, 360, 340, 340, 5320]
[2293, 240, 260, 380, 260, 220, 360, 260, 300, 320, 280, 300, 360, 300, 320, 400, 260, 360, 360, 340, 340, 5340]
[2298, 240, 260, 380, 260, 220, 360, 260, 320, 320, 280, 300, 360, 300, 320, 400, 260, 360, 360, 340, 340, 5360]
[2299, 240, 260, 380, 260, 220, 360, 260, 320, 340, 280, 300, 360, 300, 320, 400, 260, 360, 360, 340, 340, 5380]
[2308, 260, 260, 380, 260, 220, 360, 260, 320, 340, 280, 300, 360, 300, 320, 400, 260, 360, 360, 340, 340, 5400]
[2323, 260, 260, 380, 260, 220, 380, 260, 320, 340, 280, 300, 360, 300, 320, 400, 260, 360, 360, 340, 340, 5420]
[2332, 260, 260, 380, 260, 220, 380, 260, 320, 340, 280, 300, 360, 300, 320, 420, 260, 360, 360, 340, 340, 5440]
[2356, 260, 260, 380, 260, 220, 380, 260, 320, 340, 280, 300, 360, 320, 320, 420, 260, 360, 360, 340, 340, 5460]
[2377, 260, 260, 380, 260, 220, 380, 260, 320, 340, 280, 300, 380, 320, 320, 420, 260, 360, 360, 340, 340, 5480]
[2379, 260, 260, 380, 260, 220, 380, 260, 320, 340, 300, 300, 380, 320, 320, 420, 260, 360, 360, 340, 340, 5500]
[2384, 260, 260, 380, 260, 220, 380, 260, 320, 340, 300, 300, 380, 320, 320, 420, 280, 360, 360, 340, 340, 5520]
[2388, 260, 260, 380, 260, 260, 380, 260, 320, 340, 300, 300, 380, 320, 320, 420, 280, 360, 360, 340, 340, 5540]
[2394, 260, 260, 380, 260, 260, 380, 260, 320, 340, 300, 300, 380, 320, 340, 420, 280, 360, 360, 340, 340, 5560]
[2400, 260, 280, 380, 260, 260, 380, 260, 320, 340, 300, 300, 380, 320, 340, 420, 280, 360, 360, 340, 340, 5580]
[2402, 260, 280, 380, 260, 260, 380, 260, 320, 340, 300, 300, 380, 320, 340, 420, 280, 360, 360, 380, 340, 5600]
[2408, 260, 280, 400, 260, 260, 380, 260, 320, 340, 300, 300, 380, 320, 340, 420, 280, 360, 360, 380, 340, 5620]
[2408, 260, 280, 400, 260, 260, 380, 260, 320, 340, 300, 300, 380, 320, 340, 420, 280, 360, 380, 380, 340, 5640]
[2409, 260, 280, 400, 300, 260, 380, 260, 320, 340, 300, 300, 380, 320, 340, 420, 280, 360, 380, 380, 340, 5660]
[2411, 260, 280, 400, 300, 260, 380, 260, 320, 340, 300, 300, 380, 320, 340, 420, 280, 360, 380, 380, 360, 5680]
[2449, 260, 280, 400, 300, 260, 400, 280, 320, 340, 300, 300, 380, 320, 340, 420, 280, 360, 380, 380, 360, 5720]
[2450, 260, 280, 400, 300, 260, 400, 280, 340, 340, 300, 300, 380, 320, 340, 420, 280, 360, 380, 380, 360, 5740]
[2452, 260, 280, 400, 300, 260, 400, 280, 340, 340, 300, 340, 380, 320, 340, 420, 280, 360, 380, 380, 360, 5760]
[2482, 260, 280, 400, 320, 260, 400, 280, 340, 340, 300, 340, 380, 320, 340, 420, 280, 400, 380, 380, 360, 5800]
[2483, 260, 280, 400, 320, 260, 400, 280, 340, 340, 300, 340, 380, 320, 340, 440, 280, 400, 380, 380, 360, 5820]
[2490, 260, 280, 400, 320, 260, 400, 280, 340, 340, 300, 340, 380, 340, 340, 440, 280, 400, 380, 380, 360, 5840]
[2493, 260, 280, 400, 320, 260, 400, 280, 340, 360, 300, 340, 380, 340, 340, 440, 280, 400, 380, 380, 360, 5860]
[2494, 260, 280, 400, 320, 260, 400, 280, 340, 360, 300, 340, 400, 340, 340, 440, 280, 400, 380, 380, 360, 5880]
[2496, 260, 280, 400, 320, 260, 420, 280, 340, 360, 300, 340, 400, 340, 340, 440, 280, 400, 380, 380, 360, 5900]
[2498, 260, 280, 400, 320, 260, 420, 280, 340, 360, 300, 340, 400, 340, 340, 440, 280, 400, 380, 400, 360, 5920]
[2499, 300, 280, 400, 320, 260, 420, 280, 340, 360, 300, 340, 400, 340, 340, 440, 300, 400, 380, 400, 360, 5960]
[2512, 300, 280, 420, 320, 260, 420, 280, 340, 360, 300, 340, 400, 340, 340, 440, 300, 400, 380, 400, 360, 5980]
[2514, 300, 280, 420, 320, 260, 420, 280, 340, 360, 320, 340, 400, 340, 340, 440, 300, 400, 380, 400, 360, 6000]
[2521, 300, 280, 420, 320, 280, 420, 280, 340, 360, 320, 340, 400, 340, 340, 440, 300, 400, 380, 400, 360, 6020]
[2528, 300, 300, 420, 320, 280, 420, 280, 340, 360, 320, 340, 400, 340, 340, 440, 300, 400, 380, 400, 360, 6040]
[2537, 300, 300, 420, 320, 280, 420, 280, 340, 360, 320, 340, 400, 340, 340, 440, 300, 400, 400, 400, 360, 6060]
[2544, 300, 300, 420, 320, 280, 420, 280, 340, 360, 320, 340, 400, 340, 360, 440, 300, 400, 400, 400, 360, 6080]
[2560, 300, 300, 420, 320, 280, 420, 300, 340, 360, 320, 340, 400, 340, 360, 440, 300, 400, 400, 400, 360, 6100]
[2561, 300, 300, 420, 320, 280, 420, 300, 340, 360, 320, 360, 400, 340, 360, 440, 300, 400, 400, 400, 360, 6120]
[2580, 300, 300, 420, 320, 280, 420, 300, 340, 360, 320, 360, 420, 340, 360, 440, 300, 400, 400, 400, 360, 6140]
[2585, 300, 300, 420, 320, 280, 420, 300, 360, 360, 320, 360, 420, 340, 360, 440, 300, 400, 400, 400, 360, 6160]
[2591, 300, 300, 420, 320, 280, 420, 300, 360, 380, 320, 360, 420, 340, 360, 440, 300, 400, 400, 400, 360, 6180]
[2598, 320, 300, 420, 320, 280, 420, 300, 360, 380, 320, 360, 420, 340, 360, 440, 300, 400, 400, 400, 360, 6200]
[2605, 320, 300, 420, 340, 280, 420, 300, 360, 380, 320, 360, 420, 340, 360, 440, 300, 400, 400, 400, 360, 6220]
[2615, 320, 300, 420, 340, 280, 420, 320, 360, 380, 320, 360, 420, 340, 360, 440, 300, 400, 400, 400, 360, 6240]
[2616, 320, 300, 420, 340, 280, 420, 320, 360, 380, 340, 360, 420, 340, 360, 440, 300, 400, 400, 400, 360, 6260]
[2619, 320, 300, 420, 340, 280, 440, 320, 360, 380, 340, 360, 420, 340, 360, 440, 300, 400, 400, 400, 360, 6280]
[2626, 320, 300, 440, 340, 280, 440, 320, 360, 380, 340, 360, 420, 340, 360, 440, 300, 400, 400, 400, 360, 6300]
[2628, 320, 300, 440, 340, 280, 440, 320, 360, 380, 340, 360, 420, 340, 360, 440, 320, 400, 400, 400, 360, 6320]
[2649, 320, 300, 440, 340, 280, 440, 320, 360, 380, 340, 360, 420, 360, 360, 440, 320, 400, 400, 400, 360, 6340]
[2662, 320, 300, 440, 340, 280, 440, 320, 360, 380, 340, 360, 420, 360, 360, 460, 320, 400, 400, 400, 360, 6360]
[2666, 320, 300, 440, 340, 280, 440, 320, 360, 380, 340, 360, 420, 360, 360, 460, 320, 400, 420, 400, 360, 6380]
[2676, 320, 300, 440, 340, 280, 440, 320, 360, 380, 340, 360, 420, 360, 360, 460, 320, 420, 420, 400, 360, 6400]
[2693, 320, 320, 440, 340, 280, 440, 320, 360, 380, 340, 360, 420, 360, 360, 460, 320, 420, 420, 400, 360, 6420]
[2696, 320, 320, 440, 340, 280, 440, 320, 360, 380, 340, 360, 420, 360, 380, 460, 320, 420, 420, 400, 360, 6440]
[2709, 340, 320, 440, 340, 280, 440, 320, 360, 380, 340, 360, 420, 360, 380, 460, 320, 420, 420, 400, 360, 6460]
[2710, 340, 320, 440, 360, 280, 440, 320, 360, 380, 340, 360, 420, 360, 380, 460, 320, 420, 420, 400, 360, 6480]
[2716, 340, 320, 440, 360, 280, 460, 320, 360, 380, 340, 360, 420, 360, 380, 460, 320, 420, 420, 400, 360, 6500]
[2738, 340, 320, 440, 360, 280, 460, 320, 360, 380, 340, 360, 420, 360, 380, 460, 320, 420, 420, 400, 420, 6520]
[2746, 340, 320, 440, 360, 320, 460, 320, 360, 380, 340, 360, 420, 360, 380, 460, 320, 420, 420, 400, 420, 6540]
[2752, 340, 320, 440, 360, 320, 460, 320, 360, 380, 360, 360, 420, 360, 380, 460, 320, 420, 420, 400, 420, 6560]
[2764, 340, 320, 440, 360, 320, 460, 320, 360, 380, 360, 400, 420, 360, 380, 460, 320, 420, 420, 400, 420, 6580]
[2781, 340, 320, 440, 360, 320, 460, 320, 360, 380, 360, 400, 420, 380, 380, 460, 320, 420, 420, 400, 420, 6600]
[2783, 340, 320, 480, 360, 320, 460, 320, 360, 380, 360, 400, 420, 380, 380, 460, 340, 420, 420, 400, 420, 6640]
[2791, 340, 320, 480, 360, 320, 460, 340, 360, 380, 360, 400, 420, 380, 380, 460, 340, 420, 420, 400, 420, 6660]
[2796, 340, 320, 480, 360, 320, 460, 340, 360, 380, 360, 400, 420, 380, 380, 480, 340, 420, 420, 400, 420, 6680]
[2803, 340, 320, 480, 360, 320, 460, 340, 360, 420, 360, 400, 420, 380, 380, 480, 340, 420, 420, 400, 420, 6700]
[2829, 340, 320, 480, 360, 320, 460, 340, 360, 420, 360, 400, 440, 380, 380, 480, 340, 420, 420, 400, 420, 6720]
[2831, 360, 320, 480, 360, 320, 460, 340, 360, 420, 360, 400, 440, 380, 380, 480, 340, 420, 420, 400, 420, 6740]
[2833, 360, 320, 480, 360, 320, 480, 340, 360, 420, 360, 400, 440, 380, 380, 480, 340, 420, 420, 400, 420, 6760]
[2834, 360, 320, 480, 360, 320, 480, 340, 360, 420, 360, 400, 440, 380, 380, 480, 340, 420, 420, 440, 420, 6780]
[2839, 360, 320, 480, 360, 320, 480, 340, 360, 420, 380, 400, 440, 380, 380, 480, 340, 420, 420, 440, 420, 6800]
[2865, 360, 320, 480, 360, 320, 480, 340, 380, 420, 380, 400, 440, 380, 380, 480, 340, 420, 420, 440, 420, 6820]
[2880, 360, 320, 480, 360, 320, 480, 340, 380, 420, 380, 400, 440, 380, 380, 480, 340, 420, 440, 440, 420, 6840]
[2883, 360, 320, 480, 360, 320, 480, 340, 380, 420, 380, 400, 440, 380, 380, 500, 340, 420, 440, 440, 420, 6860]
[2887, 360, 320, 480, 360, 320, 480, 340, 380, 440, 380, 400, 440, 380, 380, 500, 340, 420, 440, 440, 420, 6880]
[2903, 360, 320, 480, 360, 320, 480, 340, 380, 440, 380, 400, 440, 380, 380, 500, 360, 420, 440, 440, 420, 6900]
[2907, 360, 320, 480, 360, 320, 480, 340, 380, 440, 380, 400, 440, 400, 380, 500, 360, 420, 440, 440, 420, 6920]
[2915, 360, 320, 480, 360, 320, 480, 340, 380, 440, 380, 400, 440, 400, 380, 500, 360, 420, 440, 440, 440, 6940]
[2922, 360, 320, 480, 360, 320, 480, 360, 380, 440, 380, 400, 440, 400, 380, 500, 360, 420, 440, 440, 440, 6960]
[2925, 360, 320, 480, 360, 320, 480, 360, 380, 440, 400, 400, 440, 400, 380, 500, 360, 420, 440, 440, 440, 6980]
[2936, 360, 320, 480, 360, 320, 480, 360, 380, 440, 400, 400, 440, 400, 400, 500, 360, 420, 440, 440, 440, 7000]
[2937, 380, 320, 480, 360, 320, 480, 360, 380, 440, 400, 400, 440, 400, 400, 500, 360, 420, 440, 440, 440, 7020]
[2944, 380, 320, 500, 360, 320, 480, 360, 380, 440, 400, 400, 440, 400, 400, 500, 360, 420, 440, 440, 440, 7040]
[2954, 380, 320, 500, 360, 320, 480, 360, 380, 440, 400, 400, 440, 400, 400, 500, 360, 420, 440, 460, 440, 7060]
[2956, 380, 320, 500, 360, 320, 480, 360, 380, 440, 400, 400, 460, 400, 400, 500, 360, 420, 440, 460, 440, 7080]
[2959, 380, 320, 500, 360, 340, 480, 360, 380, 440, 400, 400, 460, 400, 400, 500, 360, 420, 440, 460, 440, 7100]
[2967, 380, 320, 500, 360, 340, 480, 360, 380, 440, 400, 420, 460, 400, 400, 500, 360, 420, 440, 460, 440, 7120]
[2969, 380, 320, 500, 360, 340, 480, 360, 380, 440, 400, 420, 460, 400, 400, 520, 360, 420, 440, 460, 440, 7140]
[2975, 380, 320, 500, 360, 340, 500, 360, 380, 440, 400, 420, 460, 400, 400, 520, 360, 420, 440, 460, 440, 7160]
[2975, 380, 320, 500, 360, 340, 500, 360, 380, 440, 400, 420, 460, 400, 400, 520, 360, 420, 460, 460, 440, 7180]
[2990, 380, 320, 500, 360, 340, 500, 360, 380, 440, 400, 420, 460, 400, 400, 520, 360, 460, 460, 460, 440, 7200]
[3010, 380, 360, 500, 360, 340, 500, 360, 380, 440, 400, 420, 460, 400, 400, 520, 360, 460, 460, 460, 440, 7220]
[3012, 380, 360, 500, 360, 340, 500, 360, 380, 440, 420, 420, 460, 400, 400, 520, 360, 460, 460, 460, 440, 7240]
[3018, 380, 360, 500, 360, 340, 500, 360, 380, 440, 420, 420, 460, 420, 400, 520, 360, 460, 460, 460, 440, 7260]
[3034, 400, 360, 500, 360, 340, 500, 360, 380, 440, 420, 420, 460, 420, 400, 520, 360, 460, 460, 460, 440, 7280]
[3042, 400, 360, 500, 360, 340, 500, 360, 400, 440, 420, 420, 460, 420, 400, 520, 360, 460, 460, 460, 440, 7300]
[3044, 400, 360, 500, 360, 340, 500, 360, 400, 440, 420, 420, 460, 420, 400, 520, 360, 460, 460, 460, 460, 7320]
[3049, 400, 360, 500, 360, 340, 500, 360, 400, 440, 420, 420, 460, 420, 420, 520, 360, 460, 460, 460, 460, 7340]
[3060, 400, 360, 500, 360, 340, 500, 360, 400, 440, 420, 420, 480, 420, 420, 520, 360, 460, 460, 460, 460, 7360]
[3066, 400, 360, 500, 360, 360, 500, 360, 400, 440, 420, 420, 480, 420, 420, 520, 360, 460, 460, 460, 460, 7380]
[3067, 400, 360, 500, 360, 360, 500, 360, 400, 440, 420, 420, 480, 420, 420, 540, 360, 460, 460, 460, 460, 7400]
[3075, 400, 360, 520, 360, 360, 500, 360, 400, 440, 420, 420, 480, 420, 420, 540, 360, 460, 460, 460, 460, 7420]
[3085, 400, 360, 520, 360, 360, 500, 380, 400, 440, 420, 420, 480, 420, 420, 540, 360, 460, 460, 460, 460, 7440]
[3096, 400, 360, 520, 360, 360, 520, 380, 400, 440, 420, 420, 480, 420, 420, 540, 360, 460, 460, 460, 460, 7460]
[3105, 400, 360, 520, 360, 360, 520, 380, 400, 440, 420, 420, 480, 420, 420, 540, 360, 460, 460, 480, 460, 7480]
[3107, 400, 360, 520, 360, 360, 520, 380, 400, 440, 420, 440, 480, 420, 420, 540, 360, 460, 460, 480, 460, 7500]
[3113, 400, 360, 520, 360, 360, 520, 380, 400, 440, 420, 440, 480, 420, 420, 540, 360, 460, 480, 480, 460, 7520]
[3121, 400, 360, 520, 400, 360, 520, 380, 400, 440, 420, 440, 480, 420, 420, 540, 360, 460, 480, 480, 460, 7540]
[3130, 400, 360, 520, 400, 360, 520, 380, 400, 440, 420, 440, 480, 440, 420, 540, 360, 460, 480, 480, 460, 7560]
[3135, 400, 360, 520, 400, 360, 520, 380, 400, 440, 420, 440, 480, 440, 420, 540, 380, 460, 480, 480, 460, 7580]
[3143, 400, 380, 520, 400, 360, 520, 380, 400, 440, 420, 440, 480, 440, 420, 540, 380, 460, 480, 480, 460, 7600]
[3156, 400, 380, 520, 400, 360, 520, 380, 400, 440, 420, 440, 480, 440, 420, 540, 380, 480, 480, 480, 460, 7620]
[3169, 400, 380, 520, 400, 360, 520, 400, 400, 440, 420, 440, 480, 440, 420, 540, 380, 480, 480, 480, 460, 7640]
[3169, 400, 380, 520, 400, 360, 520, 400, 420, 440, 420, 440, 480, 440, 420, 540, 380, 480, 480, 480, 460, 7660]
[3184, 400, 380, 520, 400, 360, 520, 400, 420, 440, 420, 440, 480, 440, 440, 540, 380, 480, 480, 480, 460, 7680]
[3196, 400, 380, 540, 400, 360, 520, 400, 420, 440, 420, 440, 480, 440, 440, 540, 380, 480, 480, 480, 460, 7700]
[3212, 400, 380, 540, 400, 360, 520, 400, 420, 440, 420, 440, 480, 440, 440, 540, 380, 480, 480, 480, 480, 7720]
[3217, 400, 380, 540, 400, 360, 540, 400, 420, 440, 420, 440, 480, 440, 440, 540, 380, 480, 480, 480, 480, 7740]
[3219, 400, 380, 540, 400, 360, 540, 400, 420, 440, 420, 440, 480, 440, 440, 580, 380, 480, 480, 480, 480, 7760]
[3226, 400, 380, 540, 400, 360, 540, 400, 420, 440, 420, 460, 480, 440, 440, 580, 380, 480, 480, 480, 480, 7780]
[3244, 400, 380, 540, 400, 360, 540, 400, 420, 440, 420, 460, 480, 440, 440, 580, 380, 480, 500, 480, 480, 7800]
[3255, 400, 380, 540, 400, 400, 540, 400, 420, 440, 420, 460, 480, 440, 440, 580, 380, 480, 500, 480, 480, 7820]
[3257, 400, 380, 540, 400, 400, 540, 400, 440, 440, 420, 460, 480, 440, 440, 580, 380, 480, 500, 480, 480, 7840]
[3261, 400, 380, 540, 400, 400, 540, 400, 440, 500, 420, 460, 480, 440, 440, 580, 380, 480, 500, 480, 480, 7860]
[3264, 400, 380, 540, 400, 400, 540, 400, 440, 500, 420, 460, 480, 460, 440, 580, 380, 480, 500, 480, 480, 7880]
[3267, 400, 380, 540, 400, 400, 540, 400, 440, 500, 460, 460, 480, 460, 440, 580, 380, 480, 500, 480, 480, 7900]
[3279, 400, 380, 540, 400, 400, 540, 420, 440, 500, 460, 460, 480, 460, 440, 580, 380, 480, 500, 480, 480, 7920]
[3284, 400, 380, 540, 400, 400, 540, 420, 440, 500, 460, 460, 480, 460, 440, 580, 400, 480, 500, 480, 480, 7940]
[3295, 400, 380, 540, 400, 400, 540, 420, 440, 500, 460, 460, 480, 460, 440, 580, 400, 500, 500, 480, 480, 7960]
[3311, 400, 380, 540, 400, 400, 540, 420, 440, 500, 460, 460, 480, 460, 460, 580, 400, 500, 500, 480, 480, 7980]
[3328, 400, 380, 540, 400, 400, 560, 420, 440, 500, 460, 460, 480, 460, 460, 580, 400, 500, 500, 480, 480, 8000]
[3331, 400, 380, 560, 400, 400, 560, 420, 440, 500, 460, 460, 480, 460, 460, 580, 400, 500, 500, 480, 480, 8020]
[3335, 400, 380, 560, 400, 400, 560, 420, 440, 500, 460, 460, 480, 460, 460, 580, 400, 500, 500, 480, 500, 8040]
[3344, 400, 400, 560, 400, 400, 560, 420, 440, 500, 460, 460, 480, 460, 460, 580, 400, 500, 500, 480, 500, 8060]
[3350, 400, 400, 560, 400, 400, 560, 420, 440, 520, 460, 460, 480, 460, 460, 580, 400, 500, 500, 480, 500, 8080]
[3352, 400, 400, 560, 400, 400, 560, 420, 440, 520, 460, 460, 480, 460, 460, 580, 400, 500, 500, 520, 500, 8100]
[3353, 400, 400, 560, 400, 400, 560, 420, 440, 520, 460, 460, 480, 480, 460, 580, 400, 500, 500, 520, 500, 8120]
[3387, 400, 400, 560, 440, 400, 560, 420, 440, 520, 460, 460, 480, 480, 460, 580, 400, 500, 500, 520, 500, 8140]
[3389, 400, 400, 560, 440, 400, 560, 420, 440, 520, 460, 460, 480, 480, 460, 580, 400, 500, 520, 520, 500, 8160]
[3391, 400, 400, 560, 440, 400, 560, 420, 440, 520, 460, 480, 540, 480, 460, 580, 400, 500, 520, 520, 500, 8200]
[3398, 400, 400, 560, 440, 400, 560, 420, 440, 520, 460, 480, 540, 480, 460, 580, 420, 500, 520, 520, 500, 8220]
[3403, 400, 400, 560, 440, 400, 560, 420, 440, 520, 460, 480, 540, 480, 460, 620, 420, 500, 520, 520, 500, 8240]
[3415, 400, 400, 560, 440, 400, 560, 440, 440, 520, 460, 480, 540, 480, 460, 620, 420, 500, 520, 520, 500, 8260]
[3419, 400, 400, 560, 440, 400, 560, 440, 440, 520, 460, 480, 540, 480, 480, 620, 420, 500, 520, 520, 500, 8280]
[3420, 400, 400, 560, 440, 400, 580, 440, 440, 520, 460, 480, 540, 480, 480, 620, 420, 500, 520, 520, 500, 8300]
[3426, 400, 400, 560, 440, 400, 580, 440, 440, 520, 460, 480, 540, 500, 480, 620, 420, 500, 520, 520, 500, 8320]
[3439, 400, 400, 560, 440, 400, 580, 440, 440, 520, 480, 480, 540, 500, 480, 620, 420, 500, 520, 520, 500, 8340]
[3468, 400, 400, 580, 440, 400, 580, 440, 440, 520, 480, 480, 540, 500, 480, 620, 420, 500, 520, 520, 500, 8360]
[3490, 400, 400, 580, 440, 400, 580, 440, 440, 520, 480, 500, 540, 500, 480, 620, 420, 500, 520, 520, 500, 8380]
[3497, 400, 400, 580, 440, 400, 580, 440, 440, 520, 480, 500, 560, 500, 480, 620, 420, 500, 520, 520, 500, 8400]
[3519, 400, 400, 580, 440, 400, 580, 440, 440, 520, 480, 500, 560, 500, 500, 620, 420, 500, 520, 540, 500, 8440]
[3519, 400, 400, 580, 440, 400, 580, 440, 460, 520, 480, 500, 560, 500, 500, 620, 420, 500, 520, 540, 500, 8460]
[3528, 400, 400, 580, 440, 400, 600, 440, 460, 520, 480, 500, 560, 500, 500, 620, 420, 500, 520, 540, 500, 8480]
[3531, 400, 400, 580, 440, 400, 600, 440, 460, 520, 480, 500, 560, 500, 500, 620, 440, 500, 520, 540, 500, 8500]
[3540, 400, 400, 580, 440, 400, 600, 440, 460, 520, 480, 500, 560, 520, 500, 620, 440, 500, 520, 540, 500, 8520]
[3549, 400, 400, 580, 440, 400, 600, 440, 460, 520, 480, 500, 560, 520, 500, 640, 440, 500, 520, 540, 500, 8540]
[3563, 420, 400, 600, 440, 400, 600, 460, 460, 520, 480, 500, 560, 520, 500, 640, 440, 500, 520, 540, 500, 8600]
[3579, 420, 400, 600, 440, 400, 600, 460, 460, 520, 480, 500, 560, 520, 500, 640, 440, 540, 520, 540, 500, 8620]
[3583, 420, 400, 600, 440, 400, 600, 460, 460, 560, 480, 500, 560, 520, 500, 640, 440, 540, 520, 540, 500, 8640]
[3590, 420, 420, 600, 440, 400, 600, 460, 460, 560, 480, 500, 560, 520, 500, 640, 440, 540, 520, 540, 500, 8660]
[3604, 420, 420, 600, 480, 400, 600, 460, 460, 560, 480, 500, 560, 520, 500, 640, 440, 540, 520, 540, 500, 8680]
[3635, 420, 420, 600, 480, 400, 600, 460, 460, 560, 480, 500, 560, 520, 520, 640, 440, 540, 520, 540, 500, 8700]
[3640, 420, 420, 600, 480, 400, 600, 460, 460, 560, 480, 500, 560, 520, 520, 660, 440, 540, 520, 540, 500, 8720]
[3662, 420, 420, 600, 480, 400, 600, 460, 480, 560, 480, 500, 560, 520, 520, 660, 440, 540, 520, 540, 500, 8740]
[3667, 420, 420, 600, 480, 400, 600, 460, 480, 560, 480, 500, 560, 520, 520, 660, 460, 540, 520, 540, 500, 8760]
[3670, 420, 420, 600, 480, 400, 600, 460, 480, 560, 480, 500, 560, 520, 520, 660, 460, 540, 520, 560, 500, 8780]
[3676, 420, 420, 600, 480, 400, 600, 480, 480, 560, 480, 500, 560, 520, 520, 660, 460, 540, 520, 560, 500, 8800]
[3683, 420, 420, 600, 480, 400, 600, 480, 480, 560, 480, 540, 560, 520, 520, 660, 460, 540, 520, 560, 500, 8820]
