[1, 0, 0, 0, 0, 0, 0, 0, 0, 0, 0, 0, 0, 0, 0, 0, 0, 0, 0, 0, 0, 0, 0, 0, 0, 0, 0, 0, 0, 0, 0, 0, 0, 0, 0, 0, 0, 0, 0, 0, 0, 0, 0, 0, 0, 0, 0, 0, 0, 0, 0, 0, 0, 0, 0, 0, 0, 0, 0, 0, 0, 0, 0, 0, 0, 0, 0, 0, 0, 0, 0, 0, 0, 0, 0, 0, 0, 0, 0, 0, 0, 0, 0, 1, 0, 0, 0, 0, 0, 0, 0, 0, 0, 0, 0, 0, 0, 0, 0, 0, 0]
[11, 0, 0, 0, 0, 0, 0, 0, 0, 0, 0, 0, 0, 0, 0, 0, 0, 0, 0, 0, 0, 0, 0, 0, 0, 0, 0, 0, 0, 0, 0, 0, 0, 0, 0, 0, 0, 0, 0, 0, 0, 0, 0, 0, 0, 0, 0, 0, 0, 0, 0, 0, 0, 0, 0, 0, 0, 0, 1, 0, 0, 0, 0, 0, 0, 0, 0, 0, 0, 0, 0, 0, 0, 0, 0, 0, 0, 0, 0, 0, 0, 0, 0, 1, 0, 0, 0, 0, 0, 0, 0, 0, 0, 0, 0, 0, 0, 0, 0, 0, 0]
[12, 0, 0, 0, 0, 0, 0, 0, 0, 0, 0, 0, 0, 0, 0, 0, 0, 0, 0, 0, 0, 0, 0, 0, 0, 0, 0, 0, 0, 0, 0, 0, 0, 0, 0, 0, 0, 0, 0, 0, 0, 0, 0, 0, 0, 0, 0, 0, 0, 0, 0, 0, 0, 0, 0, 0, 0, 0, 2, 0, 0, 0, 0, 0, 0, 0, 0, 0, 0, 0, 0, 0, 0, 0, 0, 0, 0, 0, 0, 0, 0, 0, 0, 2, 0, 0, 0, 0, 0, 0, 0, 0, 0, 0, 0, 0, 0, 0, 0, 0, 0]
[13, 0, 0, 0, 0, 0, 0, 0, 0, 0, 0, 0, 0, 0, 0, 0, 0, 0, 0, 0, 0, 0, 0, 0, 0, 0, 0, 0, 0, 0, 0, 0, 0, 0, 0, 0, 0, 0, 0, 0, 0, 0, 0, 0, 0, 0, 0, 0, 0, 0, 0, 0, 0, 0, 0, 0, 0, 0, 3, 0, 0, 0, 0, 0, 0, 0, 0, 0, 0, 0, 0, 0, 0, 0, 0, 0, 0, 0, 0, 0, 0, 0, 0, 3, 0, 0, 0, 0, 0, 0, 0, 0, 0, 0, 0, 0, 0, 0, 0, 0, 0]
[14, 0, 0, 0, 0, 0, 0, 0, 0, 0, 0, 0, 0, 0, 0, 0, 0, 0, 0, 0, 0, 0, 0, 0, 0, 0, 0, 0, 0, 0, 0, 0, 0, 0, 0, 0, 0, 0, 0, 0, 0, 0, 0, 0, 0, 0, 0, 0, 0, 0, 0, 0, 0, 0, 0, 0, 0, 0, 3, 0, 0, 0, 0, 0, 0, 0, 0, 0, 0, 0, 0, 0, 0, 0, 0, 0, 0, 0, 0, 0, 0, 0, 0, 4, 0, 0, 0, 0, 0, 0, 0, 0, 0, 0, 0, 0, 0, 0, 0, 0, 0]
[15, 0, 0, 0, 0, 0, 0, 0, 0, 0, 0, 0, 0, 0, 0, 0, 0, 0, 0, 0, 0, 0, 0, 0, 0, 0, 0, 0, 0, 0, 0, 0, 0, 0, 0, 0, 0, 0, 0, 0, 0, 0, 0, 0, 0, 0, 0, 0, 0, 0, 0, 0, 0, 0, 0, 0, 0, 0, 3, 0, 0, 0, 0, 0, 0, 0, 0, 0, 0, 0, 0, 0, 0, 0, 0, 0, 0, 0, 0, 0, 0, 0, 0, 5, 0, 0, 0, 0, 0, 0, 0, 0, 0, 0, 0, 0, 0, 0, 0, 0, 0]
[16, 0, 0, 0, 0, 0, 0, 0, 0, 0, 0, 0, 0, 0, 0, 0, 0, 0, 0, 0, 0, 0, 0, 0, 0, 0, 0, 0, 0, 0, 0, 0, 0, 0, 0, 0, 0, 0, 0, 0, 0, 0, 0, 0, 0, 0, 0, 0, 0, 0, 0, 0, 0, 0, 0, 0, 0, 0, 3, 0, 0, 0, 0, 0, 0, 0, 0, 0, 0, 0, 0, 0, 0, 0, 0, 0, 0, 0, 0, 0, 0, 0, 0, 6, 0, 0, 0, 0, 0, 0, 0, 0, 0, 0, 0, 0, 0, 0, 0, 0, 0]
[17, 0, 0, 0, 0, 0, 0, 0, 0, 0, 0, 0, 0, 0, 0, 0, 0, 0, 0, 0, 0, 0, 0, 0, 0, 0, 0, 0, 0, 0, 0, 0, 0, 0, 0, 0, 0, 0, 0, 0, 0, 0, 0, 0, 0, 0, 0, 0, 0, 0, 0, 0, 0, 0, 0, 0, 0, 0, 3, 0, 0, 0, 0, 0, 0, 0, 0, 0, 0, 0, 0, 0, 0, 0, 0, 0, 0, 0, 0, 0, 0, 0, 0, 7, 0, 0, 0, 0, 0, 0, 0, 0, 0, 0, 0, 0, 0, 0, 0, 0, 0]
[18, 0, 0, 0, 0, 0, 0, 0, 0, 0, 0, 0, 0, 0, 0, 0, 0, 0, 0, 0, 0, 0, 0, 0, 0, 0, 0, 0, 0, 0, 0, 0, 0, 0, 0, 0, 0, 0, 0, 0, 0, 0, 0, 0, 0, 0, 0, 0, 0, 0, 0, 0, 0, 0, 0, 0, 0, 0, 3, 0, 0, 0, 0, 0, 0, 0, 0, 0, 0, 0, 0, 0, 0, 0, 0, 0, 0, 0, 0, 0, 0, 0, 0, 8, 0, 0, 0, 0, 0, 0, 0, 0, 0, 0, 0, 0, 0, 0, 0, 0, 0]
[19, 0, 0, 0, 0, 0, 0, 0, 0, 0, 0, 0, 0, 0, 0, 0, 0, 0, 0, 0, 0, 0, 0, 0, 0, 0, 0, 0, 0, 0, 0, 0, 0, 0, 0, 0, 0, 0, 0, 0, 0, 0, 0, 0, 0, 0, 0, 0, 0, 0, 0, 0, 0, 0, 0, 0, 0, 0, 3, 0, 0, 0, 0, 0, 0, 0, 0, 0, 0, 0, 0, 0, 0, 0, 0, 0, 0, 0, 0, 0, 0, 0, 0, 9, 0, 0, 0, 0, 0, 0, 0, 0, 0, 0, 0, 0, 0, 0, 0, 0, 0]
[20, 0, 0, 0, 0, 0, 0, 0, 0, 0, 0, 0, 0, 0, 0, 0, 0, 0, 0, 0, 0, 0, 0, 0, 0, 0, 0, 0, 0, 0, 0, 0, 0, 0, 0, 0, 0, 0, 0, 0, 0, 0, 0, 0, 0, 0, 0, 0, 0, 0, 0, 0, 0, 0, 0, 0, 0, 0, 3, 0, 0, 0, 0, 0, 0, 0, 0, 0, 0, 0, 0, 0, 0, 0, 0, 0, 0, 0, 0, 0, 0, 0, 0, 10, 0, 0, 0, 0, 0, 0, 0, 0, 0, 0, 0, 0, 0, 0, 0, 0, 0]
[24, 0, 0, 0, 0, 0, 0, 0, 0, 0, 0, 0, 0, 0, 0, 0, 0, 0, 0, 0, 0, 0, 0, 0, 0, 0, 0, 0, 0, 0, 0, 0, 0, 0, 0, 0, 0, 0, 0, 0, 0, 0, 0, 0, 0, 0, 0, 0, 0, 0, 0, 0, 0, 0, 0, 0, 0, 0, 4, 0, 0, 0, 0, 0, 0, 0, 0, 0, 0, 0, 0, 0, 0, 0, 0, 0, 0, 0, 0, 0, 0, 0, 0, 10, 0, 0, 0, 0, 0, 0, 0, 0, 0, 0, 0, 0, 0, 0, 0, 0, 0]
[25, 0, 0, 0, 0, 0, 0, 0, 0, 0, 0, 0, 0, 0, 0, 0, 0, 0, 0, 0, 0, 0, 0, 0, 0, 0, 0, 0, 0, 0, 0, 0, 0, 0, 0, 0, 0, 0, 0, 0, 0, 0, 0, 0, 0, 0, 0, 0, 0, 0, 0, 0, 0, 0, 0, 0, 0, 0, 5, 0, 0, 0, 0, 0, 0, 0, 0, 0, 0, 0, 0, 0, 0, 0, 0, 0, 0, 0, 0, 0, 0, 0, 0, 10, 0, 0, 0, 0, 0, 0, 0, 0, 0, 0, 0, 0, 0, 0, 0, 0, 0]
[26, 0, 0, 0, 0, 0, 0, 0, 0, 0, 0, 0, 0, 0, 0, 0, 0, 0, 0, 0, 0, 0, 0, 0, 0, 0, 0, 0, 0, 0, 0, 0, 0, 0, 0, 0, 0, 0, 0, 0, 0, 0, 0, 0, 0, 0, 0, 0, 0, 0, 0, 0, 0, 0, 0, 0, 0, 0, 6, 0, 0, 0, 0, 0, 0, 0, 0, 0, 0, 0, 0, 0, 0, 0, 0, 0, 0, 0, 0, 0, 0, 0, 0, 10, 0, 0, 0, 0, 0, 0, 0, 0, 0, 0, 0, 0, 0, 0, 0, 0, 0]
[27, 0, 0, 0, 0, 0, 0, 0, 0, 0, 0, 0, 0, 0, 0, 0, 0, 0, 0, 0, 0, 0, 0, 0, 0, 0, 0, 0, 0, 0, 0, 0, 0, 0, 0, 0, 0, 0, 0, 0, 0, 0, 0, 0, 0, 0, 0, 0, 0, 0, 0, 0, 0, 0, 0, 0, 0, 0, 7, 0, 0, 0, 0, 0, 0, 0, 0, 0, 0, 0, 0, 0, 0, 0, 0, 0, 0, 0, 0, 0, 0, 0, 0, 10, 0, 0, 0, 0, 0, 0, 0, 0, 0, 0, 0, 0, 0, 0, 0, 0, 0]
[28, 0, 0, 0, 0, 0, 0, 0, 0, 0, 0, 0, 0, 0, 0, 0, 0, 0, 0, 0, 0, 0, 0, 0, 0, 0, 0, 0, 0, 0, 0, 0, 0, 0, 0, 0, 0, 0, 0, 0, 0, 0, 0, 0, 0, 0, 0, 0, 0, 0, 0, 0, 0, 0, 0, 0, 0, 0, 8, 0, 0, 0, 0, 0, 0, 0, 0, 0, 0, 0, 0, 0, 0, 0, 0, 0, 0, 0, 0, 0, 0, 0, 0, 10, 0, 0, 0, 0, 0, 0, 0, 0, 0, 0, 0, 0, 0, 0, 0, 0, 0]
[29, 0, 0, 0, 0, 0, 0, 0, 0, 0, 0, 0, 0, 0, 0, 0, 0, 0, 0, 0, 0, 0, 0, 0, 0, 0, 0, 0, 0, 0, 0, 0, 0, 0, 0, 0, 0, 0, 0, 0, 0, 0, 0, 0, 0, 0, 0, 0, 0, 0, 0, 0, 0, 0, 0, 0, 0, 0, 9, 0, 0, 0, 0, 0, 0, 0, 0, 0, 0, 0, 0, 0, 0, 0, 0, 0, 0, 0, 0, 0, 0, 0, 0, 10, 0, 0, 0, 0, 0, 0, 0, 0, 0, 0, 0, 0, 0, 0, 0, 0, 0]
[30, 0, 0, 0, 0, 0, 0, 0, 0, 0, 0, 0, 0, 0, 0, 0, 0, 0, 0, 0, 0, 0, 0, 0, 0, 0, 0, 0, 0, 0, 0, 0, 0, 0, 0, 0, 0, 0, 0, 0, 0, 0, 0, 0, 0, 0, 0, 0, 0, 0, 0, 0, 0, 0, 0, 0, 0, 0, 10, 0, 0, 0, 0, 0, 0, 0, 0, 0, 0, 0, 0, 0, 0, 0, 0, 0, 0, 0, 0, 0, 0, 0, 0, 10, 0, 0, 0, 0, 0, 0, 0, 0, 0, 0, 0, 0, 0, 0, 0, 0, 0]
[41, 0, 0, 0, 0, 0, 0, 0, 1, 0, 0, 0, 0, 0, 0, 0, 0, 0, 0, 0, 0, 0, 0, 0, 0, 0, 0, 0, 0, 0, 0, 0, 0, 0, 0, 0, 0, 0, 0, 0, 0, 0, 0, 0, 0, 0, 0, 0, 0, 0, 0, 0, 0, 0, 0, 0, 0, 0, 10, 0, 0, 0, 0, 0, 0, 0, 0, 0, 0, 0, 0, 0, 0, 0, 0, 0, 0, 0, 0, 0, 0, 0, 0, 10, 0, 0, 0, 0, 0, 0, 0, 0, 0, 0, 0, 0, 0, 0, 0, 0, 0]
[51, 0, 0, 0, 0, 0, 0, 0, 1, 0, 0, 0, 0, 0, 0, 1, 0, 0, 0, 0, 0, 0, 0, 0, 0, 0, 0, 0, 0, 0, 0, 0, 0, 0, 0, 0, 0, 0, 0, 0, 0, 0, 0, 0, 0, 0, 0, 0, 0, 0, 0, 0, 0, 0, 0, 0, 0, 0, 10, 0, 0, 0, 0, 0, 0, 0, 0, 0, 0, 0, 0, 0, 0, 0, 0, 0, 0, 0, 0, 0, 0, 0, 0, 10, 0, 0, 0, 0, 0, 0, 0, 0, 0, 0, 0, 0, 0, 0, 0, 0, 0]
[52, 0, 0, 0, 0, 0, 0, 0, 2, 0, 0, 0, 0, 0, 0, 2, 0, 0, 0, 0, 0, 0, 0, 0, 0, 0, 0, 0, 0, 0, 0, 0, 0, 0, 0, 0, 0, 0, 0, 0, 0, 0, 0, 0, 0, 0, 0, 0, 0, 0, 0, 0, 0, 0, 0, 0, 0, 0, 10, 0, 0, 0, 0, 0, 0, 0, 0, 0, 0, 0, 0, 0, 0, 0, 0, 0, 0, 0, 0, 0, 0, 0, 0, 10, 0, 0, 0, 0, 0, 0, 0, 0, 0, 0, 0, 0, 0, 0, 0, 0, 0]
[53, 0, 0, 0, 0, 0, 0, 0, 3, 0, 0, 0, 0, 0, 0, 3, 0, 0, 0, 0, 0, 0, 0, 0, 0, 0, 0, 0, 0, 0, 0, 0, 0, 0, 0, 0, 0, 0, 0, 0, 0, 0, 0, 0, 0, 0, 0, 0, 0, 0, 0, 0, 0, 0, 0, 0, 0, 0, 10, 0, 0, 0, 0, 0, 0, 0, 0, 0, 0, 0, 0, 0, 0, 0, 0, 0, 0, 0, 0, 0, 0, 0, 0, 10, 0, 0, 0, 0, 0, 0, 0, 0, 0, 0, 0, 0, 0, 0, 0, 0, 0]
[54, 0, 0, 0, 0, 0, 0, 0, 4, 0, 0, 0, 0, 0, 0, 4, 0, 0, 0, 0, 0, 0, 0, 0, 0, 0, 0, 0, 0, 0, 0, 0, 0, 0, 0, 0, 0, 0, 0, 0, 0, 0, 0, 0, 0, 0, 0, 0, 0, 0, 0, 0, 0, 0, 0, 0, 0, 0, 10, 0, 0, 0, 0, 0, 0, 0, 0, 0, 0, 0, 0, 0, 0, 0, 0, 0, 0, 0, 0, 0, 0, 0, 0, 10, 0, 0, 0, 0, 0, 0, 0, 0, 0, 0, 0, 0, 0, 0, 0, 0, 0]
[55, 0, 0, 0, 0, 0, 0, 0, 5, 0, 0, 0, 0, 0, 0, 5, 0, 0, 0, 0, 0, 0, 0, 0, 0, 0, 0, 0, 0, 0, 0, 0, 0, 0, 0, 0, 0, 0, 0, 0, 0, 0, 0, 0, 0, 0, 0, 0, 0, 0, 0, 0, 0, 0, 0, 0, 0, 0, 10, 0, 0, 0, 0, 0, 0, 0, 0, 0, 0, 0, 0, 0, 0, 0, 0, 0, 0, 0, 0, 0, 0, 0, 0, 10, 0, 0, 0, 0, 0, 0, 0, 0, 0, 0, 0, 0, 0, 0, 0, 0, 0]
[56, 0, 0, 0, 0, 0, 0, 0, 6, 0, 0, 0, 0, 0, 0, 6, 0, 0, 0, 0, 0, 0, 0, 0, 0, 0, 0, 0, 0, 0, 0, 0, 0, 0, 0, 0, 0, 0, 0, 0, 0, 0, 0, 0, 0, 0, 0, 0, 0, 0, 0, 0, 0, 0, 0, 0, 0, 0, 10, 0, 0, 0, 0, 0, 0, 0, 0, 0, 0, 0, 0, 0, 0, 0, 0, 0, 0, 0, 0, 0, 0, 0, 0, 10, 0, 0, 0, 0, 0, 0, 0, 0, 0, 0, 0, 0, 0, 0, 0, 0, 0]
[57, 0, 0, 0, 0, 0, 0, 0, 7, 0, 0, 0, 0, 0, 0, 7, 0, 0, 0, 0, 0, 0, 0, 0, 0, 0, 0, 0, 0, 0, 0, 0, 0, 0, 0, 0, 0, 0, 0, 0, 0, 0, 0, 0, 0, 0, 0, 0, 0, 0, 0, 0, 0, 0, 0, 0, 0, 0, 10, 0, 0, 0, 0, 0, 0, 0, 0, 0, 0, 0, 0, 0, 0, 0, 0, 0, 0, 0, 0, 0, 0, 0, 0, 10, 0, 0, 0, 0, 0, 0, 0, 0, 0, 0, 0, 0, 0, 0, 0, 0, 0]
[58, 0, 0, 0, 0, 0, 0, 0, 8, 0, 0, 0, 0, 0, 0, 8, 0, 0, 0, 0, 0, 0, 0, 0, 0, 0, 0, 0, 0, 0, 0, 0, 0, 0, 0, 0, 0, 0, 0, 0, 0, 0, 0, 0, 0, 0, 0, 0, 0, 0, 0, 0, 0, 0, 0, 0, 0, 0, 10, 0, 0, 0, 0, 0, 0, 0, 0, 0, 0, 0, 0, 0, 0, 0, 0, 0, 0, 0, 0, 0, 0, 0, 0, 10, 0, 0, 0, 0, 0, 0, 0, 0, 0, 0, 0, 0, 0, 0, 0, 0, 0]
[59, 0, 0, 0, 0, 0, 0, 0, 9, 0, 0, 0, 0, 0, 0, 9, 0, 0, 0, 0, 0, 0, 0, 0, 0, 0, 0, 0, 0, 0, 0, 0, 0, 0, 0, 0, 0, 0, 0, 0, 0, 0, 0, 0, 0, 0, 0, 0, 0, 0, 0, 0, 0, 0, 0, 0, 0, 0, 10, 0, 0, 0, 0, 0, 0, 0, 0, 0, 0, 0, 0, 0, 0, 0, 0, 0, 0, 0, 0, 0, 0, 0, 0, 10, 0, 0, 0, 0, 0, 0, 0, 0, 0, 0, 0, 0, 0, 0, 0, 0, 0]
[60, 0, 0, 0, 0, 0, 0, 0, 10, 0, 0, 0, 0, 0, 0, 10, 0, 0, 0, 0, 0, 0, 0, 0, 0, 0, 0, 0, 0, 0, 0, 0, 0, 0, 0, 0, 0, 0, 0, 0, 0, 0, 0, 0, 0, 0, 0, 0, 0, 0, 0, 0, 0, 0, 0, 0, 0, 0, 10, 0, 0, 0, 0, 0, 0, 0, 0, 0, 0, 0, 0, 0, 0, 0, 0, 0, 0, 0, 0, 0, 0, 0, 0, 10, 0, 0, 0, 0, 0, 0, 0, 0, 0, 0, 0, 0, 0, 0, 0, 0, 0]
[862, 0, 0, 0, 0, 1, 0, 0, 10, 0, 0, 0, 0, 0, 0, 10, 0, 0, 0, 0, 0, 0, 0, 0, 0, 0, 0, 0, 0, 0, 0, 0, 0, 0, 0, 0, 0, 0, 0, 0, 0, 0, 0, 0, 0, 0, 0, 0, 0, 0, 0, 0, 0, 0, 0, 0, 0, 0, 10, 0, 0, 0, 0, 0, 0, 0, 0, 0, 0, 0, 0, 0, 0, 0, 0, 0, 0, 0, 0, 0, 0, 0, 0, 10, 0, 0, 0, 0, 0, 0, 0, 1, 0, 0, 0, 0, 0, 0, 0, 0, 0]
[882, 0, 0, 0, 0, 2, 0, 0, 10, 0, 0, 0, 0, 0, 0, 10, 0, 0, 0, 0, 0, 0, 0, 0, 0, 0, 0, 0, 0, 0, 0, 0, 0, 0, 0, 1, 0, 0, 0, 0, 0, 0, 0, 0, 0, 0, 1, 0, 0, 0, 0, 0, 0, 0, 0, 0, 0, 0, 10, 0, 0, 0, 0, 0, 0, 0, 0, 0, 0, 0, 0, 0, 0, 0, 0, 0, 0, 0, 0, 0, 0, 0, 0, 10, 0, 0, 0, 0, 0, 0, 0, 2, 0, 0, 0, 0, 0, 0, 0, 0, 0]
[887, 0, 0, 0, 0, 2, 0, 0, 10, 0, 0, 0, 0, 0, 0, 10, 0, 0, 0, 0, 0, 0, 0, 0, 0, 0, 0, 0, 0, 0, 0, 0, 0, 0, 0, 2, 0, 0, 0, 0, 0, 0, 0, 0, 0, 0, 2, 0, 0, 0, 0, 0, 0, 0, 0, 0, 0, 0, 10, 0, 0, 0, 0, 0, 0, 0, 0, 0, 0, 0, 0, 0, 0, 0, 0, 0, 0, 0, 0, 0, 0, 0, 0, 10, 0, 0, 0, 0, 0, 0, 0, 2, 0, 0, 0, 0, 0, 0, 0, 0, 0]
[894, 0, 0, 0, 0, 2, 0, 0, 10, 0, 0, 0, 0, 0, 0, 10, 0, 0, 0, 0, 0, 0, 0, 0, 0, 0, 0, 0, 0, 0, 0, 0, 0, 0, 0, 3, 0, 0, 0, 0, 0, 0, 0, 0, 0, 0, 3, 0, 0, 0, 0, 0, 0, 0, 0, 0, 0, 0, 10, 0, 0, 0, 0, 0, 0, 0, 0, 0, 0, 0, 0, 0, 0, 0, 0, 0, 0, 0, 0, 0, 0, 0, 0, 10, 0, 0, 0, 0, 0, 0, 0, 2, 0, 0, 0, 0, 0, 0, 0, 0, 0]
[902, 0, 0, 0, 0, 2, 0, 0, 10, 0, 0, 0, 0, 0, 0, 10, 0, 0, 0, 0, 0, 0, 0, 0, 0, 0, 0, 0, 0, 0, 0, 0, 0, 0, 0, 4, 0, 0, 0, 0, 0, 0, 0, 0, 0, 0, 4, 0, 0, 0, 0, 0, 0, 0, 0, 0, 0, 0, 10, 0, 0, 0, 0, 0, 0, 0, 0, 0, 0, 0, 0, 0, 0, 0, 0, 0, 0, 0, 0, 0, 0, 0, 0, 10, 0, 0, 0, 0, 0, 0, 0, 2, 0, 0, 0, 0, 0, 0, 0, 0, 0]
[922, 0, 0, 0, 0, 2, 0, 0, 10, 0, 0, 0, 0, 0, 0, 10, 0, 0, 0, 0, 0, 0, 0, 0, 0, 0, 0, 0, 0, 0, 0, 0, 0, 0, 0, 4, 0, 0, 0, 0, 0, 0, 0, 0, 0, 0, 4, 1, 0, 0, 0, 0, 0, 0, 0, 0, 0, 0, 10, 0, 0, 0, 0, 1, 0, 0, 0, 0, 0, 0, 0, 0, 0, 0, 0, 0, 0, 0, 0, 0, 0, 0, 0, 10, 0, 0, 0, 0, 0, 0, 0, 2, 0, 0, 0, 0, 0, 0, 0, 0, 0]
[930, 0, 0, 0, 0, 2, 0, 0, 10, 0, 0, 0, 0, 0, 0, 10, 0, 0, 0, 0, 0, 0, 0, 0, 1, 0, 0, 0, 0, 0, 0, 0, 0, 0, 0, 4, 0, 0, 0, 0, 0, 0, 0, 0, 0, 0, 4, 1, 0, 0, 0, 0, 0, 0, 0, 0, 0, 0, 10, 0, 0, 1, 0, 1, 0, 0, 0, 0, 0, 0, 0, 0, 0, 0, 0, 0, 0, 1, 0, 0, 0, 0, 0, 10, 0, 0, 0, 0, 0, 0, 0, 2, 0, 0, 0, 0, 0, 0, 0, 0, 0]
[933, 0, 0, 0, 0, 2, 0, 0, 10, 0, 0, 0, 0, 0, 0, 10, 0, 0, 0, 0, 0, 0, 0, 0, 1, 0, 0, 0, 0, 0, 0, 0, 0, 0, 0, 4, 0, 0, 0, 0, 0, 0, 0, 0, 0, 0, 4, 1, 0, 0, 0, 0, 0, 0, 0, 0, 0, 0, 10, 0, 0, 1, 0, 1, 0, 0, 0, 0, 0, 0, 0, 0, 0, 0, 0, 0, 0, 1, 0, 0, 1, 0, 0, 10, 0, 0, 0, 0, 0, 0, 0, 2, 0, 0, 0, 0, 0, 0, 0, 0, 0]
[936, 0, 0, 0, 0, 2, 0, 0, 10, 0, 0, 0, 0, 0, 0, 10, 0, 0, 0, 0, 0, 0, 0, 0, 2, 0, 0, 0, 0, 0, 0, 0, 0, 0, 0, 4, 0, 0, 0, 0, 0, 0, 0, 0, 0, 0, 4, 1, 0, 0, 0, 0, 0, 0, 0, 0, 0, 0, 10, 0, 0, 2, 0, 1, 0, 0, 0, 0, 0, 0, 0, 0, 0, 0, 0, 0, 0, 1, 0, 0, 1, 0, 0, 10, 0, 0, 0, 0, 0, 0, 0, 2, 0, 0, 0, 0, 0, 0, 0, 0, 0]
[937, 0, 0, 0, 0, 2, 0, 0, 10, 0, 0, 0, 0, 0, 0, 10, 0, 0, 0, 0, 0, 0, 0, 0, 2, 0, 0, 0, 0, 0, 0, 0, 0, 0, 0, 4, 0, 0, 0, 0, 0, 0, 0, 0, 0, 0, 4, 2, 0, 0, 0, 0, 0, 0, 0, 0, 0, 0, 10, 0, 0, 2, 0, 2, 0, 0, 0, 0, 0, 0, 0, 0, 0, 0, 0, 0, 0, 1, 0, 0, 2, 0, 0, 10, 0, 0, 0, 0, 0, 0, 0, 2, 0, 0, 0, 0, 0, 0, 0, 0, 0]
[942, 0, 0, 0, 0, 2, 0, 0, 10, 0, 0, 0, 0, 0, 0, 10, 0, 0, 0, 0, 0, 0, 0, 0, 2, 0, 0, 0, 0, 0, 0, 0, 0, 0, 0, 4, 0, 0, 0, 0, 0, 0, 0, 0, 0, 0, 4, 3, 0, 0, 0, 0, 0, 0, 0, 0, 0, 0, 10, 0, 0, 3, 0, 3, 0, 0, 0, 0, 0, 0, 0, 0, 0, 0, 0, 0, 0, 1, 0, 0, 3, 0, 0, 10, 0, 0, 0, 0, 0, 0, 0, 2, 0, 0, 0, 0, 0, 0, 0, 0, 0]
[949, 0, 0, 0, 0, 2, 0, 0, 10, 0, 0, 0, 0, 0, 0, 10, 0, 0, 0, 0, 0, 0, 0, 0, 2, 0, 0, 0, 0, 0, 0, 0, 0, 0, 0, 4, 0, 0, 0, 0, 0, 0, 0, 0, 0, 0, 4, 3, 0, 0, 0, 0, 0, 0, 0, 0, 0, 0, 10, 0, 0, 4, 0, 3, 0, 0, 0, 0, 0, 0, 0, 0, 0, 0, 0, 0, 0, 1, 0, 0, 3, 0, 0, 10, 0, 0, 0, 0, 0, 0, 0, 2, 0, 0, 0, 0, 0, 0, 0, 0, 0]
[959, 0, 0, 0, 0, 2, 0, 0, 10, 0, 0, 0, 0, 0, 0, 10, 0, 0, 0, 0, 0, 0, 0, 0, 2, 0, 0, 0, 0, 0, 0, 0, 0, 0, 0, 4, 0, 0, 0, 0, 0, 0, 0, 0, 0, 0, 4, 3, 0, 0, 0, 0, 0, 0, 0, 0, 0, 0, 10, 0, 0, 4, 0, 3, 0, 0, 0, 0, 0, 0, 0, 0, 0, 0, 0, 0, 0, 2, 0, 0, 3, 0, 0, 10, 0, 0, 0, 0, 0, 0, 0, 2, 0, 0, 0, 0, 0, 0, 0, 0, 0]
[966, 0, 0, 0, 0, 2, 0, 0, 10, 0, 0, 0, 0, 0, 0, 10, 0, 0, 0, 0, 0, 0, 0, 0, 3, 0, 0, 0, 0, 0, 0, 0, 0, 0, 0, 4, 0, 0, 0, 0, 0, 0, 0, 0, 0, 0, 4, 3, 0, 0, 0, 0, 0, 0, 0, 0, 0, 0, 10, 0, 0, 4, 0, 3, 0, 0, 0, 0, 0, 0, 0, 0, 0, 0, 0, 0, 0, 3, 0, 0, 3, 0, 0, 10, 0, 0, 0, 0, 0, 0, 0, 2, 0, 0, 0, 0, 0, 0, 0, 0, 0]
[973, 0, 0, 0, 0, 2, 0, 0, 10, 0, 0, 0, 0, 0, 0, 10, 0, 0, 0, 0, 0, 0, 0, 0, 3, 0, 1, 0, 0, 0, 0, 0, 0, 0, 0, 4, 0, 0, 0, 0, 0, 0, 0, 0, 0, 0, 4, 3, 0, 0, 0, 0, 0, 0, 0, 0, 0, 0, 10, 0, 0, 4, 0, 3, 0, 0, 0, 0, 0, 0, 0, 0, 0, 0, 0, 0, 0, 3, 0, 0, 3, 0, 0, 10, 0, 0, 0, 0, 0, 0, 0, 2, 0, 0, 0, 0, 0, 0, 0, 0, 0]
[1002, 0, 0, 0, 0, 2, 0, 0, 10, 0, 0, 0, 0, 0, 0, 10, 0, 0, 0, 0, 0, 0, 0, 0, 3, 0, 2, 0, 0, 0, 0, 0, 0, 0, 0, 4, 0, 0, 0, 0, 0, 0, 0, 0, 0, 0, 4, 3, 0, 0, 0, 0, 0, 0, 0, 0, 0, 0, 10, 0, 0, 4, 0, 3, 0, 0, 0, 0, 0, 0, 0, 0, 0, 0, 0, 0, 0, 3, 0, 0, 3, 0, 0, 10, 0, 0, 0, 0, 0, 0, 0, 2, 0, 0, 0, 0, 0, 0, 0, 0, 0]
[1004, 0, 0, 0, 0, 2, 0, 0, 10, 0, 0, 0, 0, 0, 0, 10, 0, 0, 0, 0, 0, 0, 0, 0, 3, 0, 2, 0, 0, 0, 0, 0, 0, 0, 0, 4, 0, 1, 0, 0, 0, 0, 0, 0, 0, 0, 4, 3, 0, 0, 0, 0, 0, 0, 0, 0, 0, 0, 10, 0, 0, 4, 0, 3, 0, 0, 0, 0, 1, 0, 0, 0, 0, 0, 0, 0, 0, 3, 0, 0, 3, 0, 0, 10, 0, 0, 0, 0, 0, 0, 0, 2, 0, 0, 0, 0, 0, 0, 0, 0, 0]
[1010, 0, 0, 0, 0, 2, 0, 0, 10, 0, 0, 0, 0, 0, 0, 10, 0, 0, 0, 0, 0, 0, 0, 0, 3, 0, 3, 0, 0, 0, 0, 0, 0, 0, 0, 4, 0, 1, 0, 0, 0, 0, 0, 0, 0, 0, 4, 3, 0, 0, 0, 0, 0, 0, 0, 0, 0, 0, 10, 0, 0, 4, 0, 3, 0, 0, 0, 0, 1, 0, 0, 0, 0, 0, 0, 0, 0, 3, 0, 0, 3, 0, 0, 10, 0, 0, 0, 0, 0, 0, 0, 2, 0, 0, 0, 0, 0, 0, 0, 0, 0]
[1010, 0, 0, 0, 0, 2, 0, 0, 10, 0, 0, 0, 0, 0, 0, 10, 0, 0, 0, 0, 0, 0, 0, 0, 3, 0, 3, 0, 0, 0, 0, 0, 0, 0, 0, 4, 0, 2, 0, 0, 0, 0, 0, 0, 0, 0, 4, 3, 0, 0, 0, 0, 0, 0, 0, 0, 0, 0, 10, 0, 0, 4, 0, 3, 0, 0, 0, 0, 2, 0, 0, 0, 0, 0, 0, 0, 0, 3, 0, 0, 3, 0, 0, 10, 0, 0, 0, 0, 0, 0, 0, 2, 0, 0, 0, 0, 0, 0, 0, 0, 0]
[1025, 0, 0, 0, 0, 2, 0, 0, 10, 0, 0, 0, 0, 0, 0, 10, 0, 0, 0, 0, 0, 0, 0, 0, 3, 0, 3, 0, 0, 0, 0, 0, 0, 0, 0, 4, 0, 3, 0, 0, 0, 0, 0, 0, 0, 0, 4, 3, 0, 0, 0, 0, 0, 0, 0, 0, 0, 0, 10, 0, 0, 4, 0, 3, 0, 0, 0, 0, 3, 0, 0, 0, 0, 0, 0, 0, 0, 3, 0, 0, 3, 0, 0, 10, 0, 0, 0, 0, 0, 0, 0, 2, 0, 0, 0, 0, 0, 0, 0, 0, 0]
[1031, 0, 0, 0, 0, 2, 0, 0, 10, 0, 0, 0, 0, 0, 0, 10, 0, 0, 0, 0, 0, 0, 0, 0, 3, 0, 3, 0, 0, 0, 0, 0, 0, 0, 0, 4, 0, 4, 0, 0, 0, 0, 0, 0, 0, 0, 4, 3, 0, 0, 0, 0, 0, 0, 0, 0, 0, 0, 10, 0, 0, 4, 0, 3, 0, 0, 0, 0, 3, 0, 0, 0, 0, 0, 0, 0, 0, 3, 0, 0, 3, 0, 0, 10, 0, 0, 0, 0, 0, 0, 0, 2, 0, 0, 0, 0, 0, 0, 0, 0, 0]
[1046, 0, 0, 0, 0, 2, 0, 0, 10, 0, 0, 0, 0, 0, 0, 10, 0, 0, 0, 0, 0, 0, 0, 0, 3, 0, 3, 0, 0, 0, 0, 0, 0, 0, 0, 4, 0, 4, 0, 0, 0, 0, 0, 0, 0, 0, 4, 3, 0, 0, 0, 0, 0, 0, 0, 0, 0, 0, 10, 0, 1, 4, 0, 3, 0, 0, 0, 0, 3, 0, 0, 0, 0, 0, 0, 0, 0, 3, 0, 0, 3, 0, 0, 10, 0, 0, 0, 0, 0, 0, 0, 2, 0, 0, 0, 0, 0, 0, 0, 0, 0]
[1051, 0, 0, 0, 0, 2, 0, 0, 10, 0, 0, 0, 0, 0, 0, 10, 0, 0, 0, 0, 0, 0, 0, 0, 3, 0, 3, 0, 0, 0, 0, 0, 0, 0, 0, 4, 0, 4, 0, 1, 0, 0, 0, 0, 0, 0, 4, 3, 0, 0, 0, 0, 0, 0, 0, 0, 0, 0, 10, 0, 1, 4, 0, 3, 0, 0, 0, 0, 3, 0, 0, 0, 0, 0, 0, 0, 0, 3, 0, 0, 3, 0, 0, 10, 0, 0, 0, 0, 0, 0, 0, 2, 0, 0, 0, 1, 0, 0, 0, 0, 0]
[1053, 0, 0, 0, 0, 2, 0, 0, 10, 0, 0, 0, 0, 0, 0, 10, 0, 0, 0, 0, 0, 0, 0, 0, 3, 0, 3, 0, 0, 0, 0, 0, 1, 0, 0, 4, 0, 4, 0, 1, 0, 0, 0, 0, 0, 0, 4, 3, 0, 0, 0, 0, 0, 0, 0, 0, 0, 0, 10, 0, 1, 4, 0, 3, 0, 0, 0, 0, 3, 0, 0, 0, 0, 0, 0, 0, 0, 3, 0, 0, 3, 0, 1, 10, 0, 0, 0, 0, 0, 0, 0, 2, 0, 0, 0, 1, 0, 0, 0, 0, 0]
[1059, 0, 0, 0, 0, 2, 0, 0, 10, 0, 0, 0, 0, 0, 0, 10, 0, 0, 0, 0, 0, 0, 0, 0, 3, 0, 3, 0, 0, 0, 0, 0, 2, 0, 0, 4, 0, 4, 0, 2, 0, 0, 0, 0, 0, 0, 4, 3, 0, 0, 0, 0, 0, 0, 0, 0, 0, 0, 10, 0, 1, 4, 0, 3, 0, 0, 0, 0, 3, 0, 0, 0, 0, 0, 0, 0, 0, 3, 0, 0, 3, 0, 1, 10, 0, 0, 0, 0, 0, 0, 0, 2, 0, 0, 0, 2, 0, 0, 0, 0, 0]
[1065, 0, 0, 0, 0, 2, 0, 0, 10, 0, 0, 0, 0, 0, 0, 10, 0, 0, 0, 0, 0, 0, 0, 0, 3, 0, 3, 0, 0, 0, 0, 0, 3, 0, 0, 4, 0, 4, 0, 2, 0, 0, 0, 0, 0, 0, 4, 3, 0, 0, 0, 0, 0, 0, 0, 0, 0, 0, 10, 0, 1, 4, 0, 3, 0, 0, 0, 0, 3, 0, 0, 0, 0, 0, 0, 0, 0, 3, 0, 0, 3, 0, 1, 10, 0, 0, 0, 0, 0, 0, 0, 2, 0, 0, 0, 3, 0, 0, 0, 0, 0]
[1086, 0, 0, 0, 0, 2, 0, 0, 10, 0, 0, 0, 1, 0, 0, 10, 0, 0, 1, 0, 0, 0, 0, 0, 3, 0, 3, 0, 0, 0, 0, 0, 3, 0, 0, 4, 0, 4, 0, 2, 0, 0, 0, 0, 0, 0, 4, 3, 0, 0, 0, 0, 0, 0, 0, 0, 0, 0, 10, 0, 1, 4, 0, 3, 0, 0, 0, 0, 3, 0, 0, 0, 0, 0, 0, 0, 0, 3, 0, 0, 3, 0, 1, 10, 0, 0, 0, 0, 0, 0, 0, 2, 0, 0, 0, 3, 0, 0, 0, 0, 0]
[1108, 0, 0, 0, 0, 2, 0, 0, 10, 0, 0, 0, 2, 0, 0, 10, 0, 0, 2, 0, 0, 0, 0, 0, 3, 0, 3, 0, 0, 0, 0, 0, 3, 0, 0, 4, 0, 4, 0, 2, 0, 0, 0, 0, 0, 0, 4, 3, 0, 0, 0, 0, 0, 0, 0, 0, 0, 0, 10, 0, 1, 4, 0, 3, 0, 0, 0, 0, 3, 0, 0, 0, 0, 0, 0, 0, 0, 3, 0, 0, 3, 0, 1, 10, 0, 0, 0, 0, 0, 0, 0, 2, 0, 0, 0, 3, 0, 0, 0, 0, 0]
[1114, 0, 0, 0, 0, 2, 0, 0, 10, 0, 0, 0, 2, 0, 0, 10, 0, 0, 2, 0, 0, 0, 0, 0, 3, 0, 3, 0, 0, 0, 0, 0, 3, 0, 0, 4, 0, 4, 0, 2, 0, 1, 0, 0, 0, 0, 4, 3, 0, 0, 0, 0, 0, 0, 0, 0, 0, 0, 10, 0, 1, 4, 0, 3, 0, 0, 0, 0, 3, 0, 0, 0, 0, 0, 0, 0, 0, 3, 0, 0, 3, 0, 1, 10, 0, 0, 0, 0, 0, 0, 0, 2, 0, 0, 0, 3, 0, 0, 0, 0, 0]
[1121, 0, 0, 0, 0, 2, 0, 0, 10, 0, 0, 0, 2, 0, 0, 10, 0, 0, 2, 0, 0, 0, 0, 0, 3, 0, 3, 0, 0, 0, 0, 0, 3, 0, 0, 4, 0, 4, 0, 2, 0, 2, 0, 0, 0, 0, 4, 3, 0, 0, 0, 0, 0, 0, 0, 0, 0, 0, 10, 0, 1, 4, 0, 3, 0, 0, 0, 0, 3, 0, 0, 0, 0, 0, 0, 0, 0, 3, 0, 0, 3, 0, 1, 10, 0, 0, 0, 0, 0, 0, 0, 2, 0, 0, 0, 3, 0, 0, 0, 0, 0]
[1121, 0, 0, 0, 1, 2, 0, 0, 10, 0, 0, 0, 2, 0, 0, 10, 0, 0, 2, 0, 0, 0, 0, 0, 3, 0, 3, 0, 0, 0, 0, 0, 3, 0, 0, 4, 0, 4, 0, 2, 0, 2, 0, 0, 0, 0, 4, 3, 0, 0, 0, 0, 0, 0, 0, 0, 0, 0, 10, 0, 1, 4, 0, 3, 0, 0, 1, 0, 3, 0, 0, 0, 0, 0, 0, 0, 0, 3, 0, 0, 3, 0, 1, 10, 0, 0, 0, 0, 0, 1, 0, 2, 0, 0, 0, 3, 0, 0, 0, 0, 0]
[1127, 0, 0, 0, 1, 2, 0, 0, 10, 0, 0, 0, 2, 0, 0, 10, 0, 0, 2, 0, 0, 0, 0, 0, 3, 0, 3, 0, 0, 0, 0, 0, 3, 0, 0, 4, 0, 4, 0, 2, 0, 3, 0, 0, 0, 0, 4, 3, 0, 0, 0, 0, 0, 0, 0, 0, 0, 0, 10, 0, 1, 4, 0, 3, 0, 0, 1, 0, 3, 0, 0, 0, 0, 0, 0, 0, 0, 3, 0, 0, 3, 0, 1, 10, 0, 0, 0, 0, 0, 1, 0, 2, 0, 0, 0, 3, 0, 0, 0, 0, 0]
[1137, 0, 0, 0, 2, 2, 0, 0, 10, 0, 0, 0, 2, 0, 0, 10, 0, 0, 2, 0, 0, 0, 0, 0, 3, 0, 3, 0, 0, 0, 0, 0, 3, 0, 0, 4, 0, 4, 0, 2, 0, 3, 0, 0, 0, 0, 4, 3, 0, 0, 0, 0, 0, 0, 0, 0, 0, 0, 10, 0, 1, 4, 0, 3, 0, 0, 1, 0, 3, 0, 0, 0, 0, 0, 0, 0, 0, 3, 0, 0, 3, 0, 1, 10, 0, 0, 0, 0, 0, 1, 0, 2, 0, 0, 0, 3, 0, 0, 0, 0, 0]
[1143, 0, 0, 0, 2, 2, 0, 0, 10, 0, 0, 0, 2, 0, 0, 10, 0, 0, 2, 0, 0, 0, 0, 0, 3, 0, 3, 0, 0, 0, 0, 0, 3, 0, 0, 4, 0, 4, 0, 2, 0, 3, 0, 0, 0, 0, 4, 3, 0, 0, 0, 0, 0, 0, 0, 0, 0, 0, 10, 0, 1, 4, 0, 3, 0, 0, 2, 0, 3, 0, 0, 0, 0, 0, 0, 0, 0, 3, 0, 0, 3, 0, 1, 10, 0, 0, 0, 0, 0, 2, 0, 2, 0, 0, 0, 3, 0, 0, 0, 0, 0]
[1151, 0, 0, 0, 2, 2, 0, 0, 10, 0, 0, 0, 2, 1, 0, 10, 0, 0, 2, 0, 0, 0, 0, 0, 3, 0, 3, 0, 0, 0, 0, 0, 3, 0, 0, 4, 0, 4, 0, 2, 0, 3, 0, 0, 0, 0, 4, 3, 0, 0, 0, 0, 0, 0, 0, 0, 0, 0, 10, 0, 1, 4, 0, 3, 0, 0, 2, 0, 3, 0, 0, 0, 0, 0, 1, 0, 0, 3, 0, 0, 3, 0, 1, 10, 0, 0, 0, 0, 0, 2, 0, 2, 0, 0, 1, 3, 0, 0, 0, 0, 0]
[1164, 0, 0, 0, 2, 2, 0, 0, 10, 0, 0, 0, 2, 2, 0, 10, 0, 0, 2, 0, 0, 0, 0, 0, 3, 0, 3, 0, 0, 0, 0, 0, 3, 0, 0, 4, 0, 4, 0, 2, 0, 3, 0, 0, 0, 0, 4, 3, 0, 0, 0, 0, 0, 0, 0, 0, 0, 0, 10, 0, 1, 4, 0, 3, 0, 0, 2, 0, 3, 0, 0, 0, 0, 0, 1, 0, 0, 3, 0, 0, 3, 0, 1, 10, 0, 0, 0, 0, 0, 2, 0, 2, 0, 0, 2, 3, 0, 0, 0, 0, 0]
[1170, 0, 0, 0, 2, 2, 0, 0, 10, 0, 0, 0, 2, 3, 0, 10, 0, 0, 2, 0, 0, 0, 0, 0, 3, 0, 3, 0, 0, 0, 0, 0, 3, 0, 0, 4, 0, 4, 0, 2, 0, 3, 0, 0, 0, 0, 4, 3, 0, 0, 0, 0, 0, 0, 0, 0, 0, 0, 10, 0, 1, 4, 0, 3, 0, 0, 2, 0, 3, 0, 0, 0, 0, 0, 1, 0, 0, 3, 0, 0, 3, 0, 1, 10, 0, 0, 0, 0, 0, 2, 0, 2, 0, 0, 3, 3, 0, 0, 0, 0, 0]
[1173, 0, 0, 0, 2, 2, 0, 0, 10, 0, 0, 0, 2, 4, 0, 10, 0, 0, 2, 0, 0, 0, 0, 0, 3, 0, 3, 0, 0, 0, 0, 0, 3, 0, 0, 4, 0, 4, 0, 2, 0, 3, 0, 0, 0, 0, 4, 3, 0, 0, 0, 0, 0, 0, 0, 0, 0, 0, 10, 0, 1, 4, 0, 3, 0, 0, 2, 0, 3, 0, 0, 0, 0, 0, 1, 0, 0, 3, 0, 0, 3, 0, 1, 10, 0, 0, 0, 0, 0, 2, 0, 2, 0, 0, 4, 3, 0, 0, 0, 0, 0]
[1180, 0, 0, 0, 2, 2, 0, 0, 10, 0, 0, 0, 2, 5, 0, 10, 0, 0, 2, 0, 0, 0, 0, 0, 3, 0, 3, 0, 0, 0, 0, 0, 3, 0, 0, 4, 0, 4, 0, 2, 0, 3, 0, 0, 0, 0, 4, 3, 0, 0, 0, 0, 0, 0, 0, 0, 0, 0, 10, 0, 1, 4, 0, 3, 0, 0, 2, 0, 3, 0, 0, 0, 0, 0, 1, 0, 0, 3, 0, 0, 3, 0, 1, 10, 0, 0, 0, 0, 0, 2, 0, 2, 0, 0, 5, 3, 0, 0, 0, 0, 0]
[1182, 0, 0, 0, 2, 2, 0, 0, 10, 0, 0, 0, 2, 5, 0, 10, 0, 0, 2, 0, 0, 0, 0, 0, 3, 0, 3, 0, 0, 0, 0, 0, 3, 0, 0, 4, 0, 4, 0, 2, 0, 3, 0, 0, 0, 0, 4, 3, 0, 0, 0, 0, 0, 0, 0, 0, 0, 0, 10, 0, 1, 4, 0, 3, 0, 0, 2, 0, 3, 0, 0, 0, 0, 0, 2, 0, 0, 3, 0, 0, 3, 0, 1, 10, 0, 0, 0, 0, 0, 2, 0, 2, 0, 0, 5, 3, 0, 0, 0, 0, 0]
[1186, 0, 0, 0, 2, 2, 0, 0, 10, 0, 0, 0, 2, 6, 0, 10, 0, 0, 2, 0, 0, 0, 0, 0, 3, 0, 3, 0, 0, 0, 0, 0, 3, 0, 0, 4, 0, 4, 0, 2, 0, 3, 0, 0, 0, 0, 4, 3, 0, 0, 0, 0, 0, 0, 0, 0, 0, 0, 10, 0, 1, 4, 0, 3, 0, 0, 2, 0, 3, 0, 0, 0, 0, 0, 2, 0, 0, 3, 0, 0, 3, 0, 1, 10, 0, 0, 0, 0, 0, 2, 0, 2, 0, 0, 5, 3, 0, 0, 0, 0, 0]
[1191, 1, 0, 0, 2, 2, 0, 0, 10, 0, 0, 0, 2, 6, 0, 10, 0, 0, 2, 0, 1, 0, 0, 0, 3, 0, 3, 0, 0, 0, 0, 0, 3, 0, 0, 4, 0, 4, 0, 2, 0, 3, 0, 0, 0, 0, 4, 3, 0, 0, 0, 0, 0, 0, 0, 0, 0, 0, 10, 0, 1, 4, 0, 3, 0, 0, 2, 0, 3, 0, 0, 0, 0, 0, 2, 0, 0, 3, 0, 1, 3, 0, 1, 10, 0, 0, 0, 0, 1, 2, 1, 2, 0, 0, 5, 3, 0, 0, 0, 0, 0]
[1204, 1, 0, 0, 2, 2, 1, 0, 10, 0, 0, 0, 2, 6, 0, 10, 0, 0, 2, 0, 1, 0, 0, 0, 3, 0, 3, 0, 0, 0, 0, 0, 3, 0, 0, 4, 0, 4, 0, 2, 1, 3, 0, 0, 0, 0, 4, 3, 0, 0, 0, 0, 0, 0, 0, 0, 1, 0, 10, 0, 1, 4, 0, 3, 1, 0, 2, 0, 3, 0, 0, 0, 0, 0, 2, 0, 0, 3, 0, 1, 3, 0, 1, 10, 0, 0, 0, 0, 1, 2, 1, 2, 0, 0, 5, 3, 0, 0, 0, 0, 0]
[1206, 2, 0, 0, 2, 2, 1, 0, 10, 0, 0, 0, 2, 6, 0, 10, 0, 0, 2, 0, 1, 0, 0, 0, 3, 0, 3, 0, 0, 0, 0, 0, 3, 0, 0, 4, 0, 4, 0, 2, 1, 3, 0, 0, 0, 0, 4, 3, 0, 0, 0, 0, 0, 0, 0, 0, 1, 0, 10, 0, 1, 4, 0, 3, 2, 0, 2, 0, 3, 0, 0, 0, 0, 0, 2, 0, 0, 3, 0, 1, 3, 0, 1, 10, 0, 0, 0, 0, 1, 2, 1, 2, 0, 0, 5, 3, 0, 0, 0, 0, 0]
[1210, 2, 0, 0, 2, 2, 1, 0, 10, 0, 0, 0, 2, 6, 0, 10, 0, 0, 2, 0, 1, 0, 0, 0, 3, 0, 3, 0, 0, 0, 0, 0, 3, 0, 0, 4, 0, 4, 0, 2, 1, 3, 0, 0, 0, 0, 4, 3, 0, 0, 0, 0, 0, 0, 0, 0, 1, 0, 10, 0, 1, 4, 0, 3, 3, 0, 2, 0, 3, 0, 0, 0, 0, 0, 2, 0, 0, 3, 0, 1, 3, 0, 1, 10, 0, 0, 0, 0, 1, 2, 1, 2, 0, 0, 5, 3, 0, 0, 0, 0, 0]
[1213, 2, 0, 0, 2, 2, 1, 0, 10, 0, 0, 0, 2, 6, 0, 10, 0, 0, 2, 0, 2, 0, 0, 0, 3, 0, 3, 0, 0, 0, 0, 0, 3, 0, 0, 4, 0, 4, 0, 2, 1, 3, 0, 0, 0, 0, 4, 3, 0, 0, 0, 0, 0, 0, 0, 0, 1, 0, 10, 0, 1, 4, 0, 3, 3, 0, 2, 0, 3, 0, 0, 0, 0, 0, 2, 0, 0, 3, 0, 2, 3, 0, 1, 10, 0, 0, 0, 0, 1, 2, 2, 2, 0, 0, 5, 3, 0, 0, 0, 0, 0]
[1220, 2, 0, 1, 2, 2, 1, 0, 10, 0, 0, 0, 2, 6, 0, 10, 0, 0, 2, 0, 2, 1, 0, 0, 3, 0, 3, 0, 0, 0, 0, 0, 3, 0, 0, 4, 1, 4, 0, 2, 1, 3, 0, 0, 0, 0, 4, 3, 0, 1, 0, 0, 0, 0, 0, 0, 1, 0, 10, 0, 1, 4, 0, 3, 3, 0, 2, 0, 3, 0, 0, 0, 0, 0, 2, 0, 0, 3, 0, 2, 3, 0, 1, 10, 0, 0, 0, 0, 1, 2, 2, 2, 0, 0, 5, 3, 0, 0, 0, 0, 0]
[1237, 2, 0, 1, 2, 2, 1, 0, 10, 0, 0, 0, 2, 6, 0, 10, 0, 0, 2, 0, 2, 1, 1, 0, 3, 0, 3, 0, 0, 0, 0, 0, 3, 1, 0, 4, 1, 4, 0, 2, 1, 3, 0, 0, 0, 0, 4, 3, 0, 1, 0, 0, 0, 0, 0, 0, 1, 0, 10, 0, 1, 4, 0, 3, 3, 0, 2, 0, 3, 0, 0, 0, 0, 0, 2, 0, 0, 3, 0, 2, 3, 0, 1, 10, 0, 0, 0, 0, 1, 2, 2, 2, 0, 0, 5, 3, 0, 0, 0, 0, 1]
[1238, 2, 0, 1, 2, 2, 1, 0, 10, 0, 0, 1, 2, 6, 0, 10, 0, 0, 2, 0, 2, 1, 1, 0, 3, 0, 3, 0, 0, 0, 0, 0, 3, 1, 0, 4, 1, 4, 0, 2, 1, 3, 0, 0, 0, 0, 4, 3, 0, 1, 0, 0, 0, 0, 0, 0, 1, 0, 10, 1, 1, 4, 0, 3, 3, 0, 2, 0, 3, 1, 0, 0, 0, 0, 2, 0, 0, 3, 0, 2, 3, 0, 1, 10, 0, 0, 0, 0, 1, 2, 2, 2, 0, 0, 5, 3, 0, 0, 0, 0, 1]
[1241, 2, 0, 2, 2, 2, 1, 0, 10, 0, 0, 1, 2, 6, 0, 10, 0, 0, 2, 0, 2, 2, 2, 0, 3, 0, 3, 0, 0, 0, 0, 0, 3, 2, 0, 4, 1, 4, 0, 2, 1, 3, 0, 0, 0, 0, 4, 3, 0, 1, 0, 0, 0, 0, 0, 0, 1, 0, 10, 1, 1, 4, 0, 3, 3, 0, 2, 0, 3, 1, 0, 0, 0, 0, 2, 0, 0, 3, 0, 2, 3, 0, 1, 10, 0, 0, 0, 0, 1, 2, 2, 2, 0, 0, 5, 3, 0, 0, 0, 0, 2]
[1241, 2, 0, 2, 2, 2, 1, 0, 10, 0, 0, 2, 2, 6, 0, 10, 0, 0, 2, 0, 2, 2, 2, 0, 3, 0, 3, 0, 0, 0, 0, 0, 3, 2, 0, 4, 2, 4, 0, 2, 1, 3, 0, 0, 0, 0, 4, 3, 0, 2, 0, 0, 0, 0, 0, 0, 1, 0, 10, 1, 1, 4, 0, 3, 3, 0, 2, 0, 3, 2, 0, 0, 0, 0, 2, 0, 0, 3, 0, 2, 3, 0, 1, 10, 0, 0, 0, 0, 1, 2, 2, 2, 0, 0, 5, 3, 0, 0, 0, 0, 2]
[1244, 2, 0, 2, 2, 2, 1, 0, 10, 0, 0, 3, 2, 6, 0, 10, 0, 0, 2, 0, 3, 3, 2, 0, 3, 0, 3, 0, 0, 0, 0, 0, 3, 2, 0, 4, 3, 4, 0, 2, 1, 3, 0, 0, 0, 0, 4, 3, 0, 3, 0, 0, 0, 0, 0, 0, 1, 0, 10, 1, 1, 4, 0, 3, 3, 0, 2, 0, 3, 3, 0, 0, 0, 0, 2, 0, 0, 3, 0, 2, 3, 0, 1, 10, 0, 0, 0, 0, 1, 2, 2, 2, 0, 0, 5, 3, 0, 0, 0, 0, 3]
[1253, 2, 0, 2, 2, 2, 1, 0, 10, 0, 0, 3, 2, 6, 0, 10, 0, 0, 2, 0, 3, 3, 2, 0, 3, 0, 3, 0, 0, 0, 0, 0, 3, 3, 0, 4, 3, 4, 0, 2, 1, 3, 0, 0, 0, 0, 4, 3, 0, 3, 0, 0, 0, 0, 0, 0, 1, 0, 10, 1, 1, 4, 0, 3, 3, 0, 2, 0, 3, 3, 0, 0, 0, 0, 2, 0, 0, 3, 0, 2, 3, 0, 1, 10, 0, 0, 0, 0, 1, 2, 2, 2, 0, 0, 5, 3, 0, 0, 0, 0, 3]
[1254, 2, 0, 2, 2, 2, 1, 0, 10, 0, 0, 3, 2, 6, 0, 10, 0, 0, 2, 1, 3, 3, 2, 0, 3, 0, 3, 0, 0, 0, 0, 0, 3, 3, 0, 4, 3, 4, 0, 2, 1, 3, 0, 0, 0, 0, 4, 3, 0, 3, 0, 0, 0, 0, 0, 0, 1, 0, 10, 1, 1, 4, 0, 3, 3, 0, 2, 0, 3, 3, 0, 0, 0, 0, 2, 0, 0, 3, 0, 2, 3, 0, 1, 10, 0, 0, 0, 0, 1, 2, 2, 2, 0, 0, 5, 3, 0, 0, 0, 0, 3]
[1260, 2, 0, 2, 2, 2, 1, 0, 10, 0, 0, 3, 2, 6, 0, 10, 0, 0, 2, 2, 3, 3, 2, 0, 3, 0, 3, 0, 0, 0, 0, 0, 3, 3, 0, 4, 3, 4, 0, 2, 1, 3, 0, 0, 0, 0, 4, 3, 0, 3, 0, 0, 0, 0, 0, 0, 1, 0, 10, 1, 1, 4, 0, 3, 3, 0, 2, 0, 3, 3, 0, 0, 0, 0, 2, 0, 0, 3, 0, 2, 3, 0, 1, 10, 0, 0, 0, 0, 1, 2, 2, 2, 0, 0, 5, 3, 0, 0, 0, 0, 3]
[1280, 2, 0, 2, 2, 2, 1, 0, 10, 0, 0, 3, 2, 6, 0, 10, 0, 0, 2, 3, 3, 3, 2, 0, 3, 0, 3, 0, 0, 0, 0, 0, 3, 3, 0, 4, 3, 4, 0, 2, 1, 3, 0, 0, 0, 0, 4, 3, 0, 3, 0, 0, 0, 0, 0, 0, 1, 0, 10, 1, 1, 4, 0, 3, 3, 0, 2, 0, 3, 3, 0, 0, 0, 0, 2, 0, 0, 3, 0, 2, 3, 0, 1, 10, 0, 0, 0, 0, 1, 2, 2, 2, 0, 0, 5, 3, 0, 0, 0, 0, 3]
[1286, 2, 0, 2, 2, 2, 1, 0, 10, 0, 0, 3, 2, 6, 0, 10, 0, 0, 2, 4, 3, 3, 2, 0, 3, 0, 3, 0, 0, 0, 0, 0, 3, 3, 0, 4, 3, 4, 0, 2, 1, 3, 0, 0, 0, 0, 4, 3, 0, 3, 0, 0, 0, 0, 0, 0, 1, 0, 10, 1, 1, 4, 0, 3, 3, 0, 2, 0, 3, 3, 0, 0, 0, 0, 2, 0, 0, 3, 0, 2, 3, 0, 1, 10, 0, 0, 0, 0, 1, 2, 2, 2, 0, 0, 5, 3, 0, 0, 0, 0, 3]
[1294, 2, 0, 2, 2, 2, 1, 0, 10, 0, 0, 3, 2, 6, 0, 10, 0, 0, 2, 4, 3, 3, 2, 0, 3, 0, 3, 0, 0, 0, 0, 0, 3, 3, 0, 4, 3, 4, 0, 2, 1, 3, 0, 0, 0, 0, 4, 3, 0, 3, 1, 0, 0, 0, 0, 1, 1, 0, 10, 1, 1, 4, 0, 3, 3, 0, 2, 0, 3, 3, 0, 0, 0, 0, 2, 0, 0, 3, 0, 2, 3, 0, 1, 10, 0, 0, 0, 0, 1, 2, 2, 2, 0, 0, 5, 3, 0, 0, 0, 1, 3]
[1298, 2, 0, 2, 2, 2, 1, 0, 10, 0, 0, 3, 2, 6, 0, 10, 0, 0, 2, 4, 3, 3, 2, 0, 3, 0, 3, 0, 0, 0, 0, 0, 3, 3, 0, 4, 3, 4, 0, 2, 1, 3, 0, 0, 0, 0, 4, 3, 0, 3, 2, 0, 0, 0, 0, 2, 1, 0, 10, 1, 1, 4, 0, 3, 3, 0, 2, 0, 3, 3, 0, 0, 0, 0, 2, 0, 0, 3, 0, 2, 3, 0, 1, 10, 0, 0, 0, 0, 1, 2, 2, 2, 0, 0, 5, 3, 0, 0, 0, 2, 3]
[1299, 2, 0, 2, 2, 2, 1, 0, 10, 0, 0, 3, 2, 6, 0, 10, 0, 0, 2, 4, 3, 3, 2, 0, 3, 0, 3, 0, 0, 0, 0, 0, 3, 3, 0, 4, 3, 4, 0, 2, 1, 3, 0, 0, 0, 0, 4, 3, 0, 3, 3, 0, 0, 0, 0, 2, 1, 0, 10, 1, 1, 4, 0, 3, 3, 0, 2, 0, 3, 3, 0, 0, 0, 0, 2, 0, 0, 3, 0, 2, 3, 0, 1, 10, 0, 0, 0, 0, 1, 2, 2, 2, 0, 0, 5, 3, 0, 0, 0, 3, 3]
[1304, 2, 0, 2, 2, 2, 1, 0, 10, 0, 0, 3, 2, 6, 0, 10, 0, 0, 2, 4, 3, 3, 2, 0, 3, 0, 3, 0, 0, 0, 0, 0, 3, 3, 0, 4, 3, 4, 0, 2, 1, 3, 0, 0, 0, 0, 4, 3, 0, 3, 4, 0, 0, 0, 0, 2, 1, 0, 10, 1, 1, 4, 0, 3, 3, 0, 2, 0, 3, 3, 0, 0, 0, 0, 2, 0, 0, 3, 0, 2, 3, 0, 1, 10, 0, 0, 0, 0, 1, 2, 2, 2, 0, 0, 5, 3, 0, 0, 0, 4, 3]
[1313, 2, 0, 2, 2, 2, 1, 0, 10, 0, 0, 3, 2, 6, 0, 10, 0, 0, 2, 4, 3, 3, 2, 0, 3, 0, 3, 0, 0, 0, 0, 0, 3, 3, 0, 4, 3, 4, 0, 2, 1, 3, 0, 0, 0, 0, 4, 3, 0, 3, 5, 0, 0, 0, 0, 2, 1, 0, 10, 1, 1, 4, 0, 3, 3, 0, 2, 0, 3, 3, 0, 0, 0, 0, 2, 0, 0, 3, 0, 2, 3, 0, 1, 10, 0, 0, 0, 0, 1, 2, 2, 2, 0, 0, 5, 3, 0, 0, 0, 5, 3]
[1319, 2, 0, 2, 2, 2, 1, 0, 10, 0, 0, 3, 2, 6, 0, 10, 0, 0, 2, 4, 3, 3, 2, 0, 3, 0, 3, 0, 0, 0, 0, 0, 3, 3, 0, 4, 3, 4, 0, 2, 1, 3, 1, 0, 0, 0, 4, 3, 0, 3, 5, 0, 0, 0, 0, 2, 1, 0, 10, 1, 1, 4, 0, 3, 3, 0, 2, 0, 3, 3, 0, 0, 0, 0, 2, 0, 0, 3, 0, 2, 3, 0, 1, 10, 0, 0, 0, 0, 1, 2, 2, 2, 1, 0, 5, 3, 0, 0, 0, 5, 3]
[1333, 2, 0, 2, 2, 2, 1, 0, 10, 0, 0, 3, 2, 6, 0, 10, 0, 0, 2, 4, 3, 3, 2, 0, 3, 0, 3, 0, 1, 0, 0, 0, 3, 3, 0, 4, 3, 4, 0, 2, 1, 3, 1, 0, 0, 0, 4, 3, 0, 3, 5, 0, 0, 0, 0, 2, 1, 0, 10, 1, 1, 4, 0, 3, 3, 1, 2, 0, 3, 3, 0, 0, 0, 0, 2, 0, 0, 3, 0, 2, 3, 0, 1, 10, 0, 1, 0, 0, 1, 2, 2, 2, 1, 0, 5, 3, 0, 0, 0, 5, 3]
[1337, 2, 0, 2, 2, 2, 1, 0, 10, 0, 0, 3, 2, 6, 0, 10, 0, 1, 2, 4, 3, 3, 2, 0, 3, 0, 3, 0, 1, 0, 0, 0, 3, 3, 0, 4, 3, 4, 0, 2, 1, 3, 1, 0, 0, 1, 4, 3, 0, 3, 5, 0, 0, 0, 0, 2, 1, 0, 10, 1, 1, 4, 0, 3, 3, 1, 2, 0, 3, 3, 0, 0, 0, 0, 2, 0, 0, 3, 0, 2, 3, 0, 1, 10, 0, 1, 0, 0, 1, 2, 2, 2, 1, 0, 5, 3, 0, 0, 0, 5, 3]
[1340, 2, 0, 2, 2, 2, 1, 0, 10, 0, 0, 3, 2, 6, 0, 10, 0, 1, 2, 4, 3, 3, 2, 0, 3, 0, 3, 0, 2, 0, 0, 0, 3, 3, 0, 4, 3, 4, 0, 2, 1, 3, 1, 0, 0, 1, 4, 3, 0, 3, 5, 0, 0, 0, 0, 2, 1, 0, 10, 1, 1, 4, 0, 3, 3, 2, 2, 0, 3, 3, 0, 0, 0, 0, 2, 0, 0, 3, 0, 2, 3, 0, 1, 10, 0, 1, 0, 0, 1, 2, 2, 2, 1, 0, 5, 3, 0, 0, 0, 5, 3]
[1343, 2, 0, 2, 2, 2, 1, 0, 10, 0, 0, 3, 2, 6, 0, 10, 0, 1, 2, 4, 3, 3, 2, 0, 3, 0, 3, 0, 2, 0, 0, 0, 3, 3, 0, 4, 3, 4, 0, 2, 1, 3, 1, 0, 0, 2, 4, 3, 0, 3, 5, 0, 0, 0, 0, 2, 1, 0, 10, 1, 1, 4, 0, 3, 3, 2, 2, 0, 3, 3, 0, 0, 0, 0, 2, 0, 0, 3, 0, 2, 3, 0, 1, 10, 0, 1, 0, 0, 1, 2, 2, 2, 1, 0, 5, 3, 0, 0, 0, 5, 3]
[1346, 2, 0, 2, 2, 2, 1, 0, 10, 0, 0, 3, 2, 6, 0, 10, 0, 1, 2, 4, 3, 3, 2, 0, 3, 0, 3, 0, 3, 0, 0, 0, 3, 3, 0, 4, 3, 4, 0, 2, 1, 3, 1, 0, 0, 2, 4, 3, 0, 3, 5, 0, 0, 0, 0, 2, 1, 0, 10, 1, 1, 4, 0, 3, 3, 3, 2, 0, 3, 3, 0, 0, 0, 0, 2, 0, 0, 3, 0, 2, 3, 0, 1, 10, 0, 1, 0, 0, 1, 2, 2, 2, 1, 0, 5, 3, 0, 0, 0, 5, 3]
[1349, 2, 0, 2, 2, 2, 1, 0, 10, 0, 0, 3, 2, 6, 0, 10, 0, 1, 2, 4, 3, 3, 2, 0, 3, 0, 3, 1, 3, 0, 0, 0, 3, 3, 1, 4, 3, 4, 0, 2, 1, 3, 1, 0, 0, 2, 4, 3, 0, 3, 5, 0, 0, 0, 0, 2, 1, 0, 10, 1, 1, 4, 0, 3, 3, 3, 2, 0, 3, 3, 0, 0, 0, 0, 2, 0, 1, 3, 0, 2, 3, 0, 1, 10, 0, 1, 0, 0, 1, 2, 2, 2, 1, 0, 5, 3, 0, 0, 0, 5, 3]
[1355, 2, 0, 2, 2, 2, 1, 0, 10, 0, 0, 3, 2, 6, 0, 10, 0, 2, 2, 4, 3, 3, 2, 0, 3, 0, 3, 2, 3, 0, 0, 0, 3, 3, 1, 4, 3, 4, 0, 2, 1, 3, 1, 0, 0, 2, 4, 3, 0, 3, 5, 0, 0, 0, 0, 2, 1, 0, 10, 1, 1, 4, 0, 3, 3, 3, 2, 0, 3, 3, 0, 0, 0, 0, 2, 0, 1, 3, 0, 2, 3, 0, 1, 10, 0, 2, 0, 0, 1, 2, 2, 2, 1, 0, 5, 3, 0, 0, 0, 5, 3]
[1360, 2, 0, 2, 2, 2, 1, 0, 10, 0, 0, 3, 2, 6, 0, 10, 0, 3, 2, 4, 3, 3, 2, 0, 3, 0, 3, 2, 3, 0, 0, 0, 3, 3, 1, 4, 3, 4, 0, 2, 1, 3, 1, 0, 0, 3, 4, 3, 0, 3, 5, 0, 0, 0, 0, 2, 1, 0, 10, 1, 1, 4, 0, 3, 3, 3, 2, 0, 3, 3, 0, 0, 0, 0, 2, 0, 1, 3, 0, 2, 3, 0, 1, 10, 0, 2, 0, 0, 1, 2, 2, 2, 1, 0, 5, 3, 0, 0, 0, 5, 3]
[1372, 2, 0, 2, 2, 2, 1, 0, 10, 0, 1, 3, 2, 6, 0, 10, 0, 3, 2, 4, 3, 3, 2, 0, 3, 0, 3, 2, 3, 0, 0, 0, 3, 3, 1, 4, 3, 4, 0, 2, 1, 3, 1, 0, 0, 3, 4, 3, 0, 3, 5, 0, 0, 0, 0, 2, 1, 0, 10, 1, 1, 4, 0, 3, 3, 3, 2, 0, 3, 3, 0, 0, 0, 0, 2, 0, 1, 3, 0, 2, 3, 0, 1, 10, 0, 2, 0, 1, 1, 2, 2, 2, 1, 0, 5, 3, 0, 0, 0, 5, 3]
[1389, 2, 0, 2, 2, 2, 1, 0, 10, 0, 2, 3, 2, 6, 0, 10, 0, 3, 2, 4, 3, 3, 2, 0, 3, 0, 3, 2, 3, 0, 0, 0, 3, 3, 1, 4, 3, 4, 0, 2, 1, 3, 1, 0, 0, 3, 4, 3, 0, 3, 5, 0, 0, 0, 0, 2, 1, 0, 10, 1, 1, 4, 0, 3, 3, 3, 2, 0, 3, 3, 0, 0, 0, 0, 2, 0, 1, 3, 0, 2, 3, 0, 1, 10, 0, 2, 0, 2, 1, 2, 2, 2, 1, 0, 5, 3, 0, 0, 0, 5, 3]
[1393, 2, 0, 2, 2, 2, 1, 0, 10, 0, 2, 3, 2, 6, 1, 10, 0, 3, 2, 4, 3, 3, 2, 0, 3, 0, 3, 2, 3, 0, 0, 0, 3, 3, 1, 4, 3, 4, 0, 2, 1, 3, 1, 0, 0, 3, 4, 3, 0, 3, 5, 0, 0, 0, 0, 2, 1, 0, 10, 1, 1, 4, 1, 3, 3, 3, 2, 0, 3, 3, 0, 0, 0, 0, 2, 0, 1, 3, 0, 2, 3, 1, 1, 10, 0, 2, 0, 2, 1, 2, 2, 2, 1, 0, 5, 3, 0, 0, 0, 5, 3]
[1399, 2, 0, 2, 2, 2, 1, 0, 10, 0, 3, 3, 2, 6, 1, 10, 0, 3, 2, 4, 3, 3, 2, 0, 3, 0, 3, 2, 3, 0, 0, 0, 3, 3, 1, 4, 3, 4, 0, 2, 1, 3, 1, 0, 0, 3, 4, 3, 0, 3, 5, 0, 0, 0, 0, 2, 1, 0, 10, 1, 1, 4, 1, 3, 3, 3, 2, 0, 3, 3, 0, 0, 0, 0, 2, 0, 1, 3, 0, 2, 3, 1, 1, 10, 0, 2, 0, 3, 1, 2, 2, 2, 1, 0, 5, 3, 0, 0, 0, 5, 3]
[1400, 2, 0, 2, 2, 2, 1, 0, 10, 0, 3, 3, 2, 6, 1, 10, 0, 3, 2, 4, 3, 3, 2, 0, 3, 0, 3, 2, 3, 0, 0, 0, 3, 3, 1, 4, 3, 4, 0, 2, 1, 3, 1, 0, 0, 3, 4, 3, 0, 3, 5, 0, 0, 0, 0, 2, 1, 0, 10, 1, 1, 4, 2, 3, 3, 3, 2, 0, 3, 3, 0, 0, 0, 0, 2, 0, 1, 3, 0, 2, 3, 1, 1, 10, 0, 2, 0, 3, 1, 2, 2, 2, 1, 0, 5, 3, 0, 0, 0, 5, 3]
[1408, 2, 0, 2, 2, 2, 1, 0, 10, 0, 3, 3, 2, 6, 2, 10, 0, 3, 2, 4, 3, 3, 2, 0, 3, 0, 3, 2, 3, 0, 0, 0, 3, 3, 1, 4, 3, 4, 0, 2, 1, 3, 1, 0, 0, 3, 4, 3, 0, 3, 5, 0, 0, 0, 0, 2, 1, 0, 10, 1, 1, 4, 2, 3, 3, 3, 2, 0, 3, 3, 0, 0, 0, 0, 2, 0, 1, 3, 0, 2, 3, 2, 1, 10, 0, 2, 0, 3, 1, 2, 2, 2, 1, 0, 5, 3, 0, 0, 0, 5, 3]
[1431, 2, 0, 2, 2, 2, 1, 0, 10, 0, 3, 3, 2, 6, 2, 10, 0, 3, 2, 4, 3, 3, 2, 0, 3, 0, 3, 2, 3, 0, 0, 0, 3, 3, 1, 4, 3, 4, 0, 2, 1, 3, 1, 0, 0, 3, 4, 3, 0, 3, 5, 0, 0, 0, 0, 2, 1, 0, 10, 1, 1, 4, 2, 3, 3, 3, 2, 0, 3, 3, 0, 0, 0, 0, 2, 0, 1, 3, 0, 2, 3, 2, 1, 10, 0, 2, 0, 3, 1, 2, 2, 2, 1, 0, 5, 3, 1, 0, 0, 5, 3]
[1437, 2, 0, 2, 2, 2, 1, 0, 10, 0, 3, 3, 2, 6, 2, 10, 0, 3, 2, 4, 3, 3, 2, 0, 3, 0, 3, 2, 3, 0, 0, 0, 3, 3, 1, 4, 3, 4, 0, 2, 1, 3, 1, 0, 0, 3, 4, 3, 0, 3, 5, 0, 0, 0, 0, 2, 1, 0, 10, 1, 1, 4, 2, 3, 3, 3, 2, 0, 3, 3, 0, 0, 0, 0, 2, 0, 1, 3, 0, 2, 3, 2, 1, 10, 0, 2, 0, 3, 1, 2, 2, 2, 1, 0, 5, 3, 2, 0, 0, 5, 3]
[1446, 2, 0, 2, 2, 2, 1, 0, 10, 0, 3, 3, 2, 6, 2, 10, 0, 3, 2, 4, 3, 3, 2, 0, 3, 0, 3, 2, 3, 0, 0, 0, 3, 3, 1, 4, 3, 4, 0, 2, 1, 3, 1, 0, 0, 3, 4, 3, 0, 3, 5, 0, 0, 0, 0, 2, 1, 0, 10, 1, 1, 4, 2, 3, 3, 3, 2, 0, 3, 3, 0, 0, 0, 0, 2, 0, 1, 3, 0, 2, 3, 2, 1, 10, 0, 2, 0, 3, 1, 2, 2, 2, 1, 0, 5, 3, 3, 0, 0, 5, 3]
[1450, 2, 0, 2, 2, 2, 1, 0, 10, 0, 3, 3, 2, 6, 2, 10, 0, 3, 2, 4, 3, 3, 2, 0, 3, 0, 3, 2, 3, 0, 0, 0, 3, 3, 1, 4, 3, 4, 0, 2, 1, 3, 1, 0, 0, 3, 4, 3, 0, 3, 5, 0, 0, 0, 0, 2, 1, 0, 10, 1, 1, 4, 2, 3, 3, 3, 2, 0, 3, 3, 1, 0, 0, 1, 2, 0, 1, 3, 0, 2, 3, 2, 1, 10, 0, 2, 0, 3, 1, 2, 2, 2, 1, 0, 5, 3, 3, 0, 0, 5, 3]
[1452, 2, 0, 2, 2, 2, 1, 0, 10, 0, 3, 3, 2, 6, 2, 10, 0, 3, 2, 4, 3, 3, 2, 0, 3, 0, 3, 2, 3, 0, 0, 0, 3, 3, 1, 4, 3, 4, 0, 2, 1, 3, 1, 0, 0, 3, 4, 3, 0, 3, 5, 0, 0, 0, 0, 2, 1, 0, 10, 1, 1, 4, 2, 3, 3, 3, 2, 0, 3, 3, 1, 0, 0, 1, 2, 0, 1, 3, 0, 2, 3, 2, 1, 10, 0, 2, 0, 3, 1, 2, 2, 2, 1, 0, 5, 3, 4, 0, 0, 5, 3]
[1469, 2, 0, 2, 2, 2, 1, 0, 10, 0, 3, 3, 2, 6, 2, 10, 0, 3, 2, 4, 3, 3, 2, 0, 3, 0, 3, 2, 3, 0, 0, 0, 3, 3, 1, 4, 3, 4, 0, 2, 1, 3, 1, 0, 0, 3, 4, 3, 0, 3, 5, 0, 0, 0, 0, 2, 1, 0, 10, 1, 1, 4, 2, 3, 3, 3, 2, 0, 3, 3, 2, 0, 0, 2, 2, 0, 1, 3, 0, 2, 3, 2, 1, 10, 0, 2, 0, 3, 1, 2, 2, 2, 1, 0, 5, 3, 4, 0, 0, 5, 3]
[1486, 2, 0, 2, 2, 2, 1, 1, 10, 0, 3, 3, 2, 6, 2, 10, 1, 3, 2, 4, 3, 3, 2, 0, 3, 0, 3, 2, 3, 0, 1, 0, 3, 3, 1, 4, 3, 4, 0, 2, 1, 3, 1, 0, 0, 3, 4, 3, 0, 3, 5, 0, 0, 0, 0, 2, 1, 0, 10, 1, 1, 4, 2, 3, 3, 3, 2, 0, 3, 3, 2, 0, 0, 2, 2, 0, 1, 3, 0, 2, 3, 2, 1, 10, 0, 2, 0, 3, 1, 2, 2, 2, 1, 0, 5, 3, 4, 0, 0, 5, 3]
[1493, 2, 0, 2, 2, 2, 1, 2, 10, 0, 3, 3, 2, 6, 2, 10, 1, 3, 2, 4, 3, 3, 2, 0, 3, 0, 3, 2, 3, 0, 2, 0, 3, 3, 1, 4, 3, 4, 0, 2, 1, 3, 1, 0, 0, 3, 4, 3, 0, 3, 5, 0, 0, 0, 0, 2, 1, 0, 10, 1, 1, 4, 2, 3, 3, 3, 2, 0, 3, 3, 2, 0, 0, 2, 2, 0, 1, 3, 0, 2, 3, 2, 1, 10, 0, 2, 0, 3, 1, 2, 2, 2, 1, 0, 5, 3, 4, 0, 0, 5, 3]
[1507, 2, 0, 2, 2, 2, 1, 3, 10, 0, 3, 3, 2, 6, 2, 10, 1, 3, 2, 4, 3, 3, 2, 0, 3, 0, 3, 2, 3, 0, 3, 0, 3, 3, 1, 4, 3, 4, 0, 2, 1, 3, 1, 0, 0, 3, 4, 3, 0, 3, 5, 0, 0, 0, 0, 2, 1, 0, 10, 1, 1, 4, 2, 3, 3, 3, 2, 0, 3, 3, 2, 0, 0, 2, 2, 0, 1, 3, 0, 2, 3, 2, 1, 10, 0, 2, 0, 3, 1, 2, 2, 2, 1, 0, 5, 3, 4, 0, 0, 5, 3]
[1523, 2, 0, 2, 2, 2, 1, 3, 10, 0, 3, 3, 2, 6, 2, 10, 1, 3, 2, 4, 3, 3, 2, 0, 3, 0, 3, 2, 3, 1, 3, 0, 3, 3, 1, 4, 3, 4, 0, 2, 1, 3, 1, 0, 0, 3, 4, 3, 0, 3, 5, 0, 0, 0, 0, 2, 1, 0, 10, 1, 1, 4, 2, 3, 3, 3, 2, 0, 3, 3, 2, 1, 0, 2, 2, 0, 1, 3, 0, 2, 3, 2, 1, 10, 0, 2, 0, 3, 1, 2, 2, 2, 1, 1, 5, 3, 4, 0, 0, 5, 3]
[1543, 2, 0, 2, 2, 2, 1, 3, 10, 0, 3, 3, 2, 6, 2, 10, 1, 3, 2, 4, 3, 3, 2, 0, 3, 0, 3, 2, 3, 2, 3, 0, 3, 3, 1, 4, 3, 4, 0, 2, 1, 3, 1, 0, 0, 3, 4, 3, 0, 3, 5, 0, 0, 0, 0, 2, 1, 0, 10, 1, 1, 4, 2, 3, 3, 3, 2, 0, 3, 3, 2, 2, 0, 2, 2, 0, 1, 3, 0, 2, 3, 2, 1, 10, 0, 2, 0, 3, 1, 2, 2, 2, 1, 2, 5, 3, 4, 0, 0, 5, 3]
