1 0 0 0 0 0 0 0 0 0 0 0 0 0 0 0 0 0 0 0 0 0 0 0 0 0 0 0 0 0 0 0 0 0 0 0 0 0 0 0 0 0 0 0 0 0 0 0 0 0 0 0 0 0 0 0 0 0 0 0 0 0 0 0 0 0 0 0 0 0 0 0 0 0 0 0 0 0 0 0 0 0 0 1 0 0 0 0 0 0 0 0 0 0 0 0 0 0 0 0 0   0
2 0 0 0 0 0 0 0 0 0 0 0 0 0 0 0 0 0 0 0 0 0 0 0 0 0 0 0 0 0 0 0 0 0 0 0 0 0 0 0 0 0 0 0 0 0 0 0 0 0 0 0 0 0 0 0 0 0 0 0 0 0 0 0 0 0 0 0 0 0 0 0 0 0 0 0 0 0 0 0 0 0 0 2 0 0 0 0 0 0 0 0 0 0 0 0 0 0 0 0 0   0
11 0 0 0 0 0 0 0 1 0 0 0 0 0 0 0 0 0 0 0 0 0 0 0 0 0 0 0 0 0 0 0 0 0 0 0 0 0 0 0 0 0 0 0 0 0 0 0 0 0 0 0 0 0 0 0 0 0 1 0 0 0 0 0 0 0 0 0 0 0 0 0 0 0 0 0 0 0 0 0 0 0 0 2 0 0 0 0 0 0 0 0 0 0 0 0 0 0 0 0 0   0
12 0 0 0 0 0 0 0 1 0 0 0 0 0 0 0 0 0 0 0 0 0 0 0 0 0 0 0 0 0 0 0 0 0 0 0 0 0 0 0 0 0 0 0 0 0 0 0 0 0 0 0 0 0 0 0 0 0 2 0 0 0 0 0 0 0 0 0 0 0 0 0 0 0 0 0 0 0 0 0 0 0 0 2 0 0 0 0 0 0 0 0 0 0 0 0 0 0 0 0 0   0
13 0 0 0 0 0 0 0 1 0 0 0 0 0 0 0 0 0 0 0 0 0 0 0 0 0 0 0 0 0 0 0 0 0 0 0 0 0 0 0 0 0 0 0 0 0 0 0 0 0 0 0 0 0 0 0 0 0 2 0 0 0 0 0 0 0 0 0 0 0 0 0 0 0 0 0 0 0 0 0 0 0 0 3 0 0 0 0 0 0 0 0 0 0 0 0 0 0 0 0 0   0
14 0 0 0 0 0 0 0 1 0 0 0 0 0 0 0 0 0 0 0 0 0 0 0 0 0 0 0 0 0 0 0 0 0 0 0 0 0 0 0 0 0 0 0 0 0 0 0 0 0 0 0 0 0 0 0 0 0 2 0 0 0 0 0 0 0 0 0 0 0 0 0 0 0 0 0 0 0 0 0 0 0 0 4 0 0 0 0 0 0 0 0 0 0 0 0 0 0 0 0 0   0
15 0 0 0 0 0 0 0 1 0 0 0 0 0 0 0 0 0 0 0 0 0 0 0 0 0 0 0 0 0 0 0 0 0 0 0 0 0 0 0 0 0 0 0 0 0 0 0 0 0 0 0 0 0 0 0 0 0 2 0 0 0 0 0 0 0 0 0 0 0 0 0 0 0 0 0 0 0 0 0 0 0 0 5 0 0 0 0 0 0 0 0 0 0 0 0 0 0 0 0 0   0
16 0 0 0 0 0 0 0 1 0 0 0 0 0 0 0 0 0 0 0 0 0 0 0 0 0 0 0 0 0 0 0 0 0 0 0 0 0 0 0 0 0 0 0 0 0 0 0 0 0 0 0 0 0 0 0 0 0 2 0 0 0 0 0 0 0 0 0 0 0 0 0 0 0 0 0 0 0 0 0 0 0 0 6 0 0 0 0 0 0 0 0 0 0 0 0 0 0 0 0 0   0
17 0 0 0 0 0 0 0 1 0 0 0 0 0 0 0 0 0 0 0 0 0 0 0 0 0 0 0 0 0 0 0 0 0 0 0 0 0 0 0 0 0 0 0 0 0 0 0 0 0 0 0 0 0 0 0 0 0 2 0 0 0 0 0 0 0 0 0 0 0 0 0 0 0 0 0 0 0 0 0 0 0 0 7 0 0 0 0 0 0 0 0 0 0 0 0 0 0 0 0 0   0
18 0 0 0 0 0 0 0 1 0 0 0 0 0 0 0 0 0 0 0 0 0 0 0 0 0 0 0 0 0 0 0 0 0 0 0 0 0 0 0 0 0 0 0 0 0 0 0 0 0 0 0 0 0 0 0 0 0 2 0 0 0 0 0 0 0 0 0 0 0 0 0 0 0 0 0 0 0 0 0 0 0 0 8 0 0 0 0 0 0 0 0 0 0 0 0 0 0 0 0 0   0
19 0 0 0 0 0 0 0 1 0 0 0 0 0 0 0 0 0 0 0 0 0 0 0 0 0 0 0 0 0 0 0 0 0 0 0 0 0 0 0 0 0 0 0 0 0 0 0 0 0 0 0 0 0 0 0 0 0 2 0 0 0 0 0 0 0 0 0 0 0 0 0 0 0 0 0 0 0 0 0 0 0 0 9 0 0 0 0 0 0 0 0 0 0 0 0 0 0 0 0 0   0
20 0 0 0 0 0 0 0 1 0 0 0 0 0 0 0 0 0 0 0 0 0 0 0 0 0 0 0 0 0 0 0 0 0 0 0 0 0 0 0 0 0 0 0 0 0 0 0 0 0 0 0 0 0 0 0 0 0 2 0 0 0 0 0 0 0 0 0 0 0 0 0 0 0 0 0 0 0 0 0 0 0 0 10 0 0 0 0 0 0 0 0 0 0 0 0 0 0 0 0 0   0
23 0 0 0 0 0 0 0 1 0 0 0 0 0 0 0 0 0 0 0 0 0 0 0 0 0 0 0 0 0 0 0 0 0 0 0 0 0 0 0 0 0 0 0 0 0 0 0 0 0 0 0 0 0 0 0 0 0 3 0 0 0 0 0 0 0 0 0 0 0 0 0 0 0 0 0 0 0 0 0 0 0 0 10 0 0 0 0 0 0 0 0 0 0 0 0 0 0 0 0 0   0
31 0 0 0 0 0 0 0 1 0 0 0 0 0 0 1 0 0 0 0 0 0 0 0 0 0 0 0 0 0 0 0 0 0 0 0 0 0 0 0 0 0 0 0 0 0 0 0 0 0 0 0 0 0 0 0 0 0 3 0 0 0 0 0 0 0 0 0 0 0 0 0 0 0 0 0 0 0 0 0 0 0 0 10 0 0 0 0 0 0 0 0 0 0 0 0 0 0 0 0 0   0
32 0 0 0 0 0 0 0 2 0 0 0 0 0 0 2 0 0 0 0 0 0 0 0 0 0 0 0 0 0 0 0 0 0 0 0 0 0 0 0 0 0 0 0 0 0 0 0 0 0 0 0 0 0 0 0 0 0 3 0 0 0 0 0 0 0 0 0 0 0 0 0 0 0 0 0 0 0 0 0 0 0 0 10 0 0 0 0 0 0 0 0 0 0 0 0 0 0 0 0 0   0
34 0 0 0 0 0 0 0 2 0 0 0 0 0 0 2 0 0 0 0 0 0 0 0 0 0 0 0 0 0 0 0 0 0 0 0 0 0 0 0 0 0 0 0 0 0 0 0 0 0 0 0 0 0 0 0 0 0 4 0 0 0 0 0 0 0 0 0 0 0 0 0 0 0 0 0 0 0 0 0 0 0 0 10 0 0 0 0 0 0 0 0 0 0 0 0 0 0 0 0 0   0
35 0 0 0 0 0 0 0 2 0 0 0 0 0 0 2 0 0 0 0 0 0 0 0 0 0 0 0 0 0 0 0 0 0 0 0 0 0 0 0 0 0 0 0 0 0 0 0 0 0 0 0 0 0 0 0 0 0 5 0 0 0 0 0 0 0 0 0 0 0 0 0 0 0 0 0 0 0 0 0 0 0 0 10 0 0 0 0 0 0 0 0 0 0 0 0 0 0 0 0 0   40
36 0 0 0 0 0 0 0 2 0 0 0 0 0 0 2 0 0 0 0 0 0 0 0 0 0 0 0 0 0 0 0 0 0 0 0 0 0 0 0 0 0 0 0 0 0 0 0 0 0 0 0 0 0 0 0 0 0 6 0 0 0 0 0 0 0 0 0 0 0 0 0 0 0 0 0 0 0 0 0 0 0 0 10 0 0 0 0 0 0 0 0 0 0 0 0 0 0 0 0 0   40
37 0 0 0 0 0 0 0 2 0 0 0 0 0 0 2 0 0 0 0 0 0 0 0 0 0 0 0 0 0 0 0 0 0 0 0 0 0 0 0 0 0 0 0 0 0 0 0 0 0 0 0 0 0 0 0 0 0 7 0 0 0 0 0 0 0 0 0 0 0 0 0 0 0 0 0 0 0 0 0 0 0 0 10 0 0 0 0 0 0 0 0 0 0 0 0 0 0 0 0 0   40
38 0 0 0 0 0 0 0 2 0 0 0 0 0 0 2 0 0 0 0 0 0 0 0 0 0 0 0 0 0 0 0 0 0 0 0 0 0 0 0 0 0 0 0 0 0 0 0 0 0 0 0 0 0 0 0 0 0 8 0 0 0 0 0 0 0 0 0 0 0 0 0 0 0 0 0 0 0 0 0 0 0 0 10 0 0 0 0 0 0 0 0 0 0 0 0 0 0 0 0 0   40
39 0 0 0 0 0 0 0 2 0 0 0 0 0 0 2 0 0 0 0 0 0 0 0 0 0 0 0 0 0 0 0 0 0 0 0 0 0 0 0 0 0 0 0 0 0 0 0 0 0 0 0 0 0 0 0 0 0 9 0 0 0 0 0 0 0 0 0 0 0 0 0 0 0 0 0 0 0 0 0 0 0 0 10 0 0 0 0 0 0 0 0 0 0 0 0 0 0 0 0 0   40
40 0 0 0 0 0 0 0 2 0 0 0 0 0 0 2 0 0 0 0 0 0 0 0 0 0 0 0 0 0 0 0 0 0 0 0 0 0 0 0 0 0 0 0 0 0 0 0 0 0 0 0 0 0 0 0 0 0 10 0 0 0 0 0 0 0 0 0 0 0 0 0 0 0 0 0 0 0 0 0 0 0 0 10 0 0 0 0 0 0 0 0 0 0 0 0 0 0 0 0 0   40
43 0 0 0 0 0 0 0 3 0 0 0 0 0 0 3 0 0 0 0 0 0 0 0 0 0 0 0 0 0 0 0 0 0 0 0 0 0 0 0 0 0 0 0 0 0 0 0 0 0 0 0 0 0 0 0 0 0 10 0 0 0 0 0 0 0 0 0 0 0 0 0 0 0 0 0 0 0 0 0 0 0 0 10 0 0 0 0 0 0 0 0 0 0 0 0 0 0 0 0 0   80
44 0 0 0 0 0 0 0 4 0 0 0 0 0 0 4 0 0 0 0 0 0 0 0 0 0 0 0 0 0 0 0 0 0 0 0 0 0 0 0 0 0 0 0 0 0 0 0 0 0 0 0 0 0 0 0 0 0 10 0 0 0 0 0 0 0 0 0 0 0 0 0 0 0 0 0 0 0 0 0 0 0 0 10 0 0 0 0 0 0 0 0 0 0 0 0 0 0 0 0 0   80
45 0 0 0 0 0 0 0 5 0 0 0 0 0 0 5 0 0 0 0 0 0 0 0 0 0 0 0 0 0 0 0 0 0 0 0 0 0 0 0 0 0 0 0 0 0 0 0 0 0 0 0 0 0 0 0 0 0 10 0 0 0 0 0 0 0 0 0 0 0 0 0 0 0 0 0 0 0 0 0 0 0 0 10 0 0 0 0 0 0 0 0 0 0 0 0 0 0 0 0 0   80
46 0 0 0 0 0 0 0 6 0 0 0 0 0 0 6 0 0 0 0 0 0 0 0 0 0 0 0 0 0 0 0 0 0 0 0 0 0 0 0 0 0 0 0 0 0 0 0 0 0 0 0 0 0 0 0 0 0 10 0 0 0 0 0 0 0 0 0 0 0 0 0 0 0 0 0 0 0 0 0 0 0 0 10 0 0 0 0 0 0 0 0 0 0 0 0 0 0 0 0 0   100
47 0 0 0 0 0 0 0 7 0 0 0 0 0 0 7 0 0 0 0 0 0 0 0 0 0 0 0 0 0 0 0 0 0 0 0 0 0 0 0 0 0 0 0 0 0 0 0 0 0 0 0 0 0 0 0 0 0 10 0 0 0 0 0 0 0 0 0 0 0 0 0 0 0 0 0 0 0 0 0 0 0 0 10 0 0 0 0 0 0 0 0 0 0 0 0 0 0 0 0 0   100
48 0 0 0 0 0 0 0 8 0 0 0 0 0 0 8 0 0 0 0 0 0 0 0 0 0 0 0 0 0 0 0 0 0 0 0 0 0 0 0 0 0 0 0 0 0 0 0 0 0 0 0 0 0 0 0 0 0 10 0 0 0 0 0 0 0 0 0 0 0 0 0 0 0 0 0 0 0 0 0 0 0 0 10 0 0 0 0 0 0 0 0 0 0 0 0 0 0 0 0 0   100
49 0 0 0 0 0 0 0 8 0 0 0 0 0 0 9 0 0 0 0 0 0 0 0 0 0 0 0 0 0 0 0 0 0 0 0 0 0 0 0 0 0 0 0 0 0 0 0 0 0 0 0 0 0 0 0 0 0 10 0 0 0 0 0 0 0 0 0 0 0 0 0 0 0 0 0 0 0 0 0 0 0 0 10 0 0 0 0 0 0 0 0 0 0 0 0 0 0 0 0 0   120
50 0 0 0 0 0 0 0 8 0 0 0 0 0 0 10 0 0 0 0 0 0 0 0 0 0 0 0 0 0 0 0 0 0 0 0 0 0 0 0 0 0 0 0 0 0 0 0 0 0 0 0 0 0 0 0 0 0 10 0 0 0 0 0 0 0 0 0 0 0 0 0 0 0 0 0 0 0 0 0 0 0 0 10 0 0 0 0 0 0 0 0 0 0 0 0 0 0 0 0 0   120
59 0 0 0 0 0 0 0 9 0 0 0 0 0 0 10 0 0 0 0 0 0 0 0 0 0 0 0 0 0 0 0 0 0 0 0 0 0 0 0 0 0 0 0 0 0 0 0 0 0 0 0 0 0 0 0 0 0 10 0 0 0 0 0 0 0 0 0 0 0 0 0 0 0 0 0 0 0 0 0 0 0 0 10 0 0 0 0 0 0 0 0 0 0 0 0 0 0 0 0 0   200
60 0 0 0 0 0 0 0 10 0 0 0 0 0 0 10 0 0 0 0 0 0 0 0 0 0 0 0 0 0 0 0 0 0 0 0 0 0 0 0 0 0 0 0 0 0 0 0 0 0 0 0 0 0 0 0 0 0 10 0 0 0 0 0 0 0 0 0 0 0 0 0 0 0 0 0 0 0 0 0 0 0 0 10 0 0 0 0 0 0 0 0 0 0 0 0 0 0 0 0 0   200
875 0 0 0 0 1 0 0 10 0 0 0 0 0 0 10 0 0 0 0 0 0 0 0 0 0 0 0 0 0 0 0 0 0 0 1 0 0 0 0 0 0 0 0 0 0 1 0 0 0 0 0 0 0 0 0 0 0 10 0 0 0 0 0 0 0 0 0 0 0 0 0 0 0 0 0 0 0 0 0 0 0 0 10 0 0 0 0 0 0 0 0 0 0 0 0 0 0 0 0 0   15500
882 0 0 0 0 2 0 0 10 0 0 0 0 0 0 10 0 0 0 0 0 0 0 0 0 0 0 0 0 0 0 0 0 0 0 2 0 0 0 0 0 0 0 0 0 0 2 0 0 0 0 0 0 0 0 0 0 0 10 0 0 0 0 0 0 0 0 0 0 0 0 0 0 0 0 0 0 0 0 0 0 0 0 10 0 0 0 0 0 0 0 0 0 0 0 0 0 0 0 0 0   15540
911 0 0 0 0 2 0 0 10 0 0 0 0 0 0 10 0 0 0 0 0 0 0 0 0 0 0 0 0 0 0 1 0 0 0 2 0 0 0 0 0 0 0 0 0 0 2 1 0 0 0 0 0 0 0 0 0 0 10 0 0 1 0 1 0 0 0 0 0 0 0 0 0 0 0 0 0 0 0 0 1 0 0 10 0 0 0 0 0 0 0 0 0 0 0 0 0 0 0 0 0   16000
922 0 0 0 0 2 0 0 10 0 0 0 0 0 0 10 0 0 0 0 0 0 0 0 0 0 0 0 0 0 0 2 0 0 0 2 0 0 0 0 0 0 0 0 0 0 2 1 0 0 0 0 0 0 0 0 0 0 10 0 0 2 0 2 0 0 0 0 0 0 0 0 0 0 0 0 0 0 0 0 2 0 0 10 0 0 0 0 0 0 0 0 0 0 0 0 0 0 0 0 0   16240
927 0 0 0 0 2 0 0 10 0 0 0 0 0 0 10 0 0 0 0 0 0 0 0 0 0 0 0 0 0 0 2 0 0 0 2 0 0 0 0 0 0 0 0 0 0 2 2 0 0 0 0 0 0 0 0 0 0 10 0 0 2 0 2 0 0 0 0 0 0 0 0 0 0 0 0 0 0 0 0 2 0 0 10 0 0 0 0 0 0 0 0 0 0 0 0 0 0 0 0 0   16280
929 0 0 0 0 2 0 0 10 0 0 0 0 0 0 10 0 0 0 0 0 0 0 0 0 0 0 0 0 0 0 2 0 0 0 2 0 0 0 0 0 0 0 0 0 0 2 3 0 0 0 0 0 0 0 0 0 0 10 0 0 3 0 3 0 0 0 0 0 0 0 0 0 0 0 0 0 0 0 0 3 0 0 10 0 0 0 0 0 0 0 0 0 0 0 0 0 0 0 0 0   16300
933 0 0 0 0 2 0 0 10 0 0 0 0 0 0 10 0 0 0 0 0 0 0 0 0 0 0 0 0 0 0 2 0 0 0 2 0 0 0 0 0 0 0 0 0 0 2 4 0 0 0 0 0 0 0 0 0 0 10 0 0 3 0 4 0 0 0 0 0 0 0 0 0 0 0 0 0 0 0 0 4 0 0 10 0 0 0 0 0 0 0 0 0 0 0 0 0 0 0 0 0   16360
985 0 0 0 0 2 0 0 10 0 0 0 0 0 0 10 0 0 0 0 0 0 0 0 0 0 1 0 0 0 0 2 0 0 0 2 0 0 0 0 0 0 0 0 0 0 2 4 0 0 0 0 0 0 0 0 0 0 10 0 0 3 0 4 0 0 0 0 0 0 0 0 0 0 0 0 0 0 0 0 4 0 0 10 0 0 0 0 0 0 0 0 0 0 0 0 0 0 0 0 0   17200
991 0 0 0 0 2 0 0 10 0 0 0 0 0 0 10 0 0 0 0 0 0 0 0 0 0 2 0 0 0 0 2 0 0 0 2 0 0 0 0 0 0 0 0 0 0 2 4 0 0 0 0 0 0 0 0 0 0 10 0 0 3 0 4 0 0 0 0 0 0 0 0 0 0 0 0 0 0 0 0 4 0 0 10 0 0 0 0 0 0 0 0 0 0 0 0 0 0 0 0 0   17300
1021 0 0 0 0 2 0 0 10 0 0 0 0 0 0 10 0 0 0 0 0 0 0 0 0 0 2 0 0 0 0 2 0 0 0 2 0 1 0 0 0 0 0 0 0 0 2 4 0 0 0 0 0 0 0 0 0 0 10 0 0 3 0 4 0 0 0 0 1 0 0 0 0 0 0 0 0 0 0 0 4 0 0 10 0 0 0 0 0 0 0 0 0 0 0 0 0 0 1 0 0   17860
1027 0 0 0 0 2 0 0 10 0 0 0 0 0 0 10 0 0 0 0 0 0 0 0 0 0 2 0 0 0 0 2 0 0 0 2 0 2 0 0 0 0 0 0 0 0 2 4 0 0 0 0 0 0 0 0 0 0 10 0 0 3 0 4 0 0 0 0 2 0 0 0 0 0 0 0 0 0 0 0 4 0 0 10 0 0 0 0 0 0 0 0 0 0 0 0 0 0 2 0 0   17940
1031 0 0 0 0 2 0 0 10 0 0 0 0 0 0 10 0 0 0 0 0 0 0 0 0 0 2 0 0 0 0 2 0 0 0 2 0 2 0 0 0 0 0 0 0 0 2 4 0 0 0 0 0 0 0 0 0 1 10 0 1 3 0 4 0 0 0 0 2 0 0 0 0 0 0 0 0 0 0 0 4 0 0 10 0 0 0 0 0 0 0 0 0 0 0 0 0 0 2 0 0   17980
1037 0 0 0 0 2 0 0 10 0 0 0 0 0 0 10 0 0 0 0 0 0 0 0 0 0 2 0 0 0 0 2 0 0 0 2 0 2 0 0 0 0 0 0 0 0 2 4 0 0 0 0 0 0 0 0 0 2 10 0 2 3 0 4 0 0 0 0 2 0 0 0 0 0 0 0 0 0 0 0 4 0 0 10 0 0 0 0 0 0 0 0 0 0 0 0 0 0 2 0 0   18060
1057 0 1 0 0 2 0 0 10 0 0 0 0 0 0 10 0 0 0 0 0 0 0 0 0 0 2 0 0 0 0 2 0 0 0 2 0 2 0 0 0 0 0 0 0 0 2 4 0 0 0 0 0 0 0 0 0 2 10 0 2 3 0 4 0 0 0 0 2 0 0 0 0 0 0 0 0 0 0 0 4 0 0 10 0 0 0 0 0 0 0 0 0 0 0 1 0 0 2 0 0   18460
1062 0 1 0 0 2 0 0 10 0 0 0 0 0 0 10 0 0 0 0 0 0 0 0 0 0 2 0 0 0 0 2 0 0 0 2 0 2 0 0 0 0 0 0 0 0 2 4 0 0 0 0 0 0 0 0 0 3 10 0 2 3 0 4 0 0 0 0 2 0 0 0 0 0 0 0 0 0 0 0 4 0 0 10 0 0 0 0 0 0 0 0 0 0 0 1 0 0 2 0 0   18560
1086 0 1 0 0 2 0 0 10 0 0 0 1 0 0 10 0 0 1 0 0 0 0 0 0 0 2 0 0 0 0 2 0 0 0 2 0 2 0 0 0 0 0 0 0 0 2 4 0 0 0 0 0 0 0 0 0 3 10 0 2 3 0 4 0 0 0 0 2 0 0 0 0 0 0 0 0 0 0 0 4 0 0 10 0 0 0 0 0 0 0 0 0 0 0 1 0 0 2 0 0   18980
1100 0 1 0 0 2 0 0 10 0 0 0 2 0 0 10 0 0 1 0 0 0 0 0 0 0 2 0 0 0 0 2 0 0 0 2 0 2 0 0 0 0 0 0 0 0 2 4 0 0 0 0 0 0 0 0 0 3 10 0 2 3 0 4 0 0 0 0 2 0 0 0 0 0 0 0 0 0 0 0 4 0 0 10 0 0 0 0 0 0 0 0 0 0 0 1 0 0 2 0 0   19280
1106 0 1 0 0 2 0 0 10 0 0 0 3 0 0 10 0 0 1 0 0 0 0 0 0 0 2 0 0 0 0 2 0 0 0 2 0 2 0 0 0 0 0 0 0 0 2 4 0 0 0 0 0 0 0 0 0 3 10 0 2 3 0 4 0 0 0 0 2 0 0 0 0 0 0 0 0 0 0 0 4 0 0 10 0 0 0 0 0 0 0 0 0 0 0 1 0 0 2 0 0   19440
1109 0 1 0 0 2 0 0 10 0 0 0 3 0 0 10 0 0 2 0 0 0 0 0 0 0 2 0 0 0 0 2 0 0 0 2 0 2 0 0 0 0 0 0 0 0 2 4 0 0 0 0 0 0 0 0 0 3 10 0 2 3 0 4 0 0 0 0 2 0 0 0 0 0 0 0 0 0 0 0 4 0 0 10 0 0 0 0 0 0 0 0 0 0 0 1 0 0 2 0 0   19500
1113 0 1 0 0 2 0 0 10 0 0 0 4 0 0 10 0 0 2 0 0 0 0 0 0 0 2 0 0 0 0 2 0 0 0 2 0 2 0 0 0 0 0 0 0 0 2 4 0 0 0 0 0 0 0 0 0 3 10 0 2 3 0 4 0 0 0 0 2 0 0 0 0 0 0 0 0 0 0 0 4 0 0 10 0 0 0 0 0 0 0 0 0 0 0 1 0 0 2 0 0   19560
1120 0 1 0 1 2 0 0 10 0 0 0 4 0 0 10 0 0 2 0 0 0 0 0 0 0 2 0 0 0 0 2 0 0 0 2 0 2 0 0 0 0 0 0 0 0 2 4 0 0 0 0 0 0 0 0 0 3 10 0 2 3 0 4 0 0 1 0 2 0 0 0 0 0 0 0 0 0 0 0 4 0 0 10 0 0 0 0 0 1 0 0 0 0 0 1 0 0 2 0 0   19680
1120 0 1 0 1 2 0 0 10 0 0 0 4 0 0 10 0 0 2 0 0 0 0 0 0 0 2 0 0 0 0 2 0 0 0 2 0 2 0 0 0 1 0 0 0 0 2 4 0 0 0 0 0 0 0 0 0 3 10 0 2 3 0 4 0 0 1 0 2 0 0 0 0 0 0 0 0 0 0 0 4 0 0 10 0 0 0 0 0 1 0 0 0 0 0 1 0 0 2 0 0   19680
1127 0 1 0 1 2 0 0 10 0 0 0 4 0 0 10 0 0 2 0 0 0 0 0 0 0 2 0 0 0 0 2 0 0 0 2 0 2 0 0 0 1 0 0 0 0 2 4 0 0 0 0 0 0 0 0 0 3 10 0 2 3 0 4 0 0 2 0 2 0 0 0 0 0 0 0 0 0 0 0 4 0 0 10 0 0 0 0 0 1 0 0 0 0 0 1 0 0 2 0 0   19780
1133 0 1 0 2 2 0 0 10 0 0 0 4 0 0 10 0 0 2 0 0 0 0 0 0 0 2 0 0 0 0 2 0 0 0 2 0 2 0 0 0 1 0 0 0 0 2 4 0 0 0 0 0 0 0 0 0 3 10 0 2 3 0 4 0 0 2 0 2 0 0 0 0 0 0 0 0 0 0 0 4 0 0 10 0 0 0 0 0 2 0 0 0 0 0 1 0 0 2 0 0   19840
1141 0 1 0 3 2 0 0 10 0 0 0 4 0 0 10 0 0 2 0 0 0 0 0 0 0 2 0 0 0 0 2 0 0 0 2 0 2 0 0 0 1 0 0 0 0 2 4 0 0 0 0 0 0 0 0 0 3 10 0 2 3 0 4 0 0 3 0 2 0 0 0 0 0 0 0 0 0 0 0 4 0 0 10 0 0 0 0 0 3 0 0 0 0 0 1 0 0 2 0 0   19940
1163 0 1 0 3 2 0 0 10 0 0 0 4 0 0 10 0 0 2 0 0 0 0 0 0 0 2 0 0 0 0 2 0 0 0 2 0 2 0 0 0 1 0 0 0 0 2 4 0 0 0 1 0 0 0 0 0 3 10 0 2 3 0 4 0 0 3 0 2 0 0 0 0 0 1 0 0 0 0 0 4 0 0 10 1 0 0 0 0 3 0 0 0 0 0 1 0 0 2 0 0   20280
1170 0 1 0 3 2 0 0 10 0 0 0 4 1 0 10 0 0 2 0 0 0 0 0 0 0 2 0 0 0 0 2 0 0 0 2 0 2 0 0 0 1 0 0 0 0 2 4 0 0 0 1 0 0 0 0 0 3 10 0 2 3 0 4 0 0 3 0 2 0 0 0 0 0 1 0 0 0 0 0 4 0 0 10 1 0 0 0 0 3 0 0 0 0 1 1 0 0 2 0 0   20380
1183 0 1 0 3 2 1 0 10 0 0 0 4 1 0 10 0 0 2 0 1 0 0 0 0 0 2 0 0 0 0 2 0 0 0 2 0 2 0 0 1 1 0 0 0 0 2 4 0 0 0 1 0 0 0 0 1 3 10 1 2 3 0 4 0 0 3 0 2 0 0 0 0 0 1 0 0 0 0 1 4 0 0 10 1 0 0 0 1 3 1 0 0 0 1 1 0 0 2 0 0   20640
1213 0 1 0 3 2 1 0 10 0 0 0 4 1 0 10 0 0 2 0 1 0 0 0 0 0 2 0 0 0 0 2 0 0 0 2 0 2 0 0 2 1 0 0 0 0 2 4 0 0 0 2 0 0 0 0 2 3 10 2 2 3 0 4 0 0 3 0 2 0 0 0 0 0 1 0 0 0 0 2 4 0 0 10 1 0 0 0 2 3 2 0 0 0 1 1 0 0 2 0 0   21140
1232 0 1 0 3 2 1 0 10 0 0 1 4 1 0 10 0 0 2 0 1 1 0 0 0 0 2 0 0 0 0 2 0 0 0 2 1 2 0 0 2 1 0 0 0 0 2 4 0 1 0 2 0 0 0 0 2 3 10 2 2 3 0 4 1 0 3 0 2 1 0 0 0 0 1 0 0 0 0 2 4 0 0 10 1 0 0 0 2 3 2 0 0 0 1 1 0 0 2 0 1   21540
1233 0 1 0 3 2 1 0 10 0 0 1 4 1 0 10 0 0 2 0 1 2 0 0 0 0 2 0 0 0 0 2 0 0 0 2 2 2 0 0 2 1 0 0 0 0 2 4 0 2 0 2 0 0 0 0 2 3 10 2 2 3 0 4 1 0 3 0 2 1 0 0 0 0 1 0 0 0 0 2 4 0 0 10 1 0 0 0 2 3 2 0 0 0 1 1 0 0 2 0 2   21560
1241 0 1 0 3 2 1 0 10 0 0 2 4 1 0 10 0 0 2 0 1 2 0 0 0 0 2 0 0 0 0 2 0 0 0 2 2 2 0 0 2 1 0 0 0 0 2 4 0 2 0 2 0 0 0 0 2 3 10 2 2 3 0 4 2 0 3 0 2 2 0 0 0 0 1 0 0 0 0 2 4 0 0 10 1 0 0 0 2 3 2 0 0 0 1 1 0 0 2 0 2   21820
1243 0 1 0 3 2 1 0 10 0 0 3 4 1 0 10 0 0 2 0 1 3 0 0 0 0 2 0 0 0 0 2 0 0 0 2 3 2 0 0 2 1 0 0 0 0 2 4 0 3 0 2 0 0 0 0 2 3 10 2 2 3 0 4 3 0 3 0 2 2 0 0 0 0 1 0 0 0 0 2 4 0 0 10 1 0 0 0 2 3 2 0 0 0 1 1 0 0 2 0 3   21880
1247 0 1 1 3 2 1 0 10 0 0 3 4 1 0 10 0 0 2 0 1 3 1 0 0 0 2 0 0 0 0 2 0 1 0 2 3 2 0 0 2 1 0 0 0 0 2 4 0 3 0 2 0 0 0 0 2 3 10 2 2 3 0 4 3 0 3 0 2 2 0 0 0 0 1 0 0 0 0 2 4 0 0 10 1 0 0 0 2 3 2 0 0 0 1 1 0 0 2 0 3   21940
1275 0 1 1 3 2 1 0 10 0 0 3 4 1 0 10 0 0 2 1 1 3 1 0 0 0 2 0 0 0 0 2 0 1 0 2 3 2 0 0 2 1 0 0 0 0 2 4 0 3 1 2 0 0 0 0 2 3 10 2 2 3 0 4 3 0 3 0 2 2 0 0 0 0 1 0 0 0 0 2 4 0 0 10 1 0 0 0 2 3 2 0 0 0 1 1 0 0 2 1 3   22320
1281 0 1 1 3 2 1 0 10 0 0 3 4 1 0 10 0 0 2 2 1 3 1 0 0 0 2 0 0 0 0 2 0 1 0 2 3 2 0 0 2 1 0 0 0 0 2 4 0 3 1 2 0 0 0 0 2 3 10 2 2 3 0 4 3 0 3 0 2 2 0 0 0 0 1 0 0 0 0 2 4 0 0 10 1 0 0 0 2 3 2 0 0 0 1 1 0 0 2 1 3   22420
1289 0 1 1 3 2 1 0 10 0 0 3 4 1 0 10 0 0 2 2 1 3 1 0 0 0 2 0 0 0 0 2 0 1 0 2 3 2 0 0 2 1 1 0 0 0 2 4 0 3 1 2 0 0 0 1 2 3 10 2 2 3 0 4 3 0 3 0 2 2 0 0 0 0 1 0 0 0 0 2 4 0 0 10 1 0 0 0 2 3 2 0 1 0 1 1 0 0 2 1 3   22560
1295 0 1 1 3 2 1 0 10 0 0 3 4 1 0 10 0 0 2 2 1 3 1 0 0 0 2 0 0 0 0 2 0 1 0 2 3 2 0 0 2 1 1 0 0 0 2 4 0 3 2 2 0 0 0 2 2 3 10 2 2 3 0 4 3 0 3 0 2 2 0 0 0 0 1 0 0 0 0 2 4 0 0 10 1 0 0 0 2 3 2 0 1 0 1 1 0 0 2 2 3   22740
1303 0 1 1 3 2 1 0 10 0 0 3 4 1 0 10 0 0 2 2 1 3 1 0 0 0 2 0 0 0 0 2 0 1 0 2 3 2 0 0 2 1 2 0 0 0 2 4 0 3 2 2 0 0 0 2 2 3 10 2 2 3 0 4 3 0 3 0 2 2 0 0 0 0 1 0 0 0 0 2 4 0 0 10 1 0 0 0 2 3 2 0 2 0 1 1 0 0 2 2 3   22840
1310 0 1 1 3 2 1 0 10 0 0 3 4 1 0 10 0 0 2 2 1 3 1 0 0 0 2 0 0 0 0 2 0 1 0 2 3 2 0 0 2 1 2 0 0 0 2 4 0 3 3 2 0 0 0 2 2 3 10 2 2 3 0 4 3 0 3 0 2 2 0 0 0 0 1 0 0 0 0 2 4 0 0 10 1 0 0 0 2 3 2 0 3 0 1 1 0 0 2 2 3   22920
1332 0 1 1 3 2 1 0 10 0 0 3 4 1 0 10 0 0 2 2 1 3 1 0 0 0 2 0 0 0 0 2 0 1 0 2 3 2 0 0 2 1 2 0 0 0 2 4 0 3 3 2 0 0 0 2 2 3 10 2 2 3 0 4 3 1 3 0 2 2 0 0 0 0 1 0 0 0 0 2 4 0 0 10 1 1 0 0 2 3 2 0 3 0 1 1 0 0 2 2 3   23320
1345 0 1 1 3 2 1 0 10 0 0 3 4 1 0 10 0 1 2 2 1 3 1 0 0 0 2 0 1 0 0 2 0 1 0 2 3 2 0 0 2 1 2 0 0 0 2 4 0 3 3 2 0 0 0 2 2 3 10 2 2 3 0 4 3 1 3 0 2 2 0 0 0 0 1 0 1 0 0 2 4 0 0 10 1 1 0 0 2 3 2 0 3 0 1 1 0 0 2 2 3   23600
1346 0 1 1 3 2 1 0 10 0 0 3 4 1 0 10 0 1 2 2 1 3 1 0 0 0 2 0 1 0 0 2 0 1 0 2 3 2 0 0 2 1 2 0 0 0 2 4 0 3 3 2 0 0 0 2 2 3 10 2 2 3 0 4 3 2 3 0 2 2 0 0 0 0 1 0 1 0 0 2 4 0 0 10 1 2 0 0 2 3 2 0 3 0 1 1 0 0 2 2 3   23640
1351 0 1 1 3 2 1 0 10 0 0 3 4 1 0 10 0 1 2 2 1 3 1 0 0 0 2 1 1 0 0 2 0 1 0 2 3 2 0 0 2 1 2 0 0 1 2 4 0 3 3 2 0 0 0 2 2 3 10 2 2 3 0 4 3 2 3 0 2 2 0 0 0 0 1 0 1 0 0 2 4 0 0 10 1 2 0 0 2 3 2 0 3 0 1 1 0 0 2 2 3   23760
1358 0 1 1 3 2 1 0 10 0 0 3 4 1 0 10 0 2 2 2 1 3 1 0 0 0 2 1 1 0 0 2 0 1 0 2 3 2 0 0 2 1 2 0 0 2 2 4 0 3 3 2 0 0 0 2 2 3 10 2 2 3 0 4 3 2 3 0 2 2 0 0 0 0 1 0 2 0 0 2 4 0 0 10 1 2 0 0 2 3 2 0 3 0 1 1 0 0 2 2 3   23960
1364 0 1 1 3 2 1 0 10 0 0 3 4 1 0 10 0 3 2 2 1 3 1 0 0 0 2 1 1 0 0 2 0 1 0 2 3 2 0 0 2 1 2 0 0 3 2 4 0 3 3 2 0 0 0 2 2 3 10 2 2 3 0 4 3 2 3 0 2 2 0 0 0 0 1 0 3 0 0 2 4 0 0 10 1 2 0 0 2 3 2 0 3 0 1 1 0 0 2 2 3   24100
1421 0 1 1 3 2 1 0 10 0 0 3 4 1 0 10 0 3 2 2 1 3 1 0 0 0 2 1 1 0 0 2 0 1 0 2 3 2 0 0 2 1 2 0 0 3 2 4 0 3 3 2 0 0 0 2 2 3 10 2 2 3 1 4 3 2 3 0 2 2 0 0 0 0 1 0 3 0 0 2 4 0 0 10 1 2 0 0 2 3 2 0 3 0 1 1 0 0 2 2 3   25040
1424 0 1 1 3 2 1 0 10 0 0 3 4 1 0 10 0 3 2 2 1 3 1 0 0 0 2 1 1 0 0 2 0 1 0 2 3 2 0 0 2 1 2 0 0 3 2 4 0 3 3 2 0 0 0 2 2 3 10 2 2 3 1 4 3 2 3 0 2 2 0 0 0 1 1 0 3 0 0 2 4 0 0 10 1 2 0 0 2 3 2 0 3 0 1 1 1 0 2 2 3   25140
1430 0 1 1 3 2 1 0 10 0 0 3 4 1 0 10 0 3 2 2 1 3 1 0 0 0 2 1 1 0 0 2 0 1 0 2 3 2 0 0 2 1 2 0 0 3 2 4 0 3 3 2 0 0 0 2 2 3 10 2 2 3 1 4 3 2 3 0 2 2 0 0 0 2 1 0 3 0 0 2 4 0 0 10 1 2 0 0 2 3 2 0 3 0 1 1 2 0 2 2 3   25360
1442 0 1 1 3 2 1 0 10 0 0 3 4 1 0 10 0 3 2 2 1 3 1 0 0 0 2 1 1 0 0 2 0 1 0 2 3 2 0 0 2 1 2 0 0 3 2 4 0 3 3 2 0 0 0 2 2 3 10 2 2 3 1 4 3 2 3 0 2 2 0 0 0 3 1 0 3 0 0 2 4 0 0 10 1 2 0 0 2 3 2 0 3 0 1 1 2 0 2 2 3   25540
1449 0 1 1 3 2 1 0 10 0 0 3 4 1 0 10 0 3 2 2 1 3 1 0 0 0 2 1 1 0 0 2 0 1 0 2 3 2 0 0 2 1 2 0 0 3 2 4 0 3 3 2 0 0 0 2 2 3 10 2 2 3 1 4 3 2 3 0 2 2 0 0 0 3 1 0 3 0 0 2 4 0 0 10 1 2 0 0 2 3 2 0 3 0 1 1 3 0 2 2 3   25720
1469 0 1 1 3 2 1 0 10 0 0 3 4 1 0 10 1 3 2 2 1 3 1 0 0 0 2 1 1 0 0 2 0 1 0 2 3 2 1 0 2 1 2 0 0 3 2 4 0 3 3 2 0 0 0 2 2 3 10 2 2 3 1 4 3 2 3 0 2 2 1 0 0 3 1 0 3 0 0 2 4 0 0 10 1 2 1 0 2 3 2 0 3 0 1 1 3 1 2 2 3   25980
1480 0 1 1 3 2 1 0 10 0 0 3 4 1 0 10 1 3 2 2 1 3 1 0 0 0 2 1 1 0 0 2 0 1 0 2 3 2 2 0 2 1 2 0 0 3 2 4 0 3 3 2 0 0 0 2 2 3 10 2 2 3 1 4 3 2 3 0 2 2 1 0 0 3 1 0 3 0 0 2 4 0 0 10 1 2 2 0 2 3 2 0 3 0 1 1 3 2 2 2 3   26220
1487 0 1 1 3 2 1 0 10 0 0 3 4 1 0 10 1 3 2 2 1 3 1 0 0 0 2 1 1 0 0 2 0 1 0 2 3 2 3 0 2 1 2 0 0 3 2 4 0 3 3 2 0 0 0 2 2 3 10 2 2 3 1 4 3 2 3 0 2 2 1 0 0 3 1 0 3 0 0 2 4 0 0 10 1 2 3 0 2 3 2 0 3 0 1 1 3 3 2 2 3   26360
1514 0 1 1 3 2 1 1 10 0 0 3 4 1 0 10 1 3 2 2 1 3 1 0 0 0 2 1 1 0 0 2 0 1 0 2 3 2 3 0 2 1 2 0 0 3 2 4 0 3 3 2 0 0 0 2 2 3 10 2 2 3 1 4 3 2 3 0 2 2 1 0 0 3 1 0 3 0 0 2 4 0 0 10 1 2 3 0 2 3 2 0 3 0 1 1 3 3 2 2 3   26820
1515 0 1 1 3 2 1 1 10 0 0 3 4 1 0 10 1 3 2 2 1 3 1 0 0 0 2 1 1 0 0 2 0 1 0 2 3 2 3 0 2 1 2 0 0 3 2 4 0 3 3 2 0 0 0 2 2 3 10 2 2 3 1 4 3 2 3 1 2 2 1 0 0 3 1 0 3 0 0 2 4 0 0 10 1 2 3 0 2 3 2 0 3 1 1 1 3 3 2 2 3   26840
1535 0 1 1 3 2 1 1 10 0 0 3 4 1 0 10 1 3 2 2 1 3 1 0 0 0 2 1 1 0 0 2 0 1 0 2 3 2 3 0 2 1 2 0 0 3 2 4 0 3 3 2 0 0 0 2 2 3 10 2 2 3 1 4 3 2 3 2 2 2 1 0 0 3 1 0 3 0 0 2 4 0 0 10 1 2 3 0 2 3 2 0 3 2 1 1 3 3 2 2 3   27200
1544 0 1 1 3 2 1 1 10 0 0 3 4 1 0 10 1 3 2 2 1 3 1 1 0 0 2 1 1 0 0 2 0 1 0 2 3 2 3 0 2 1 2 0 1 3 2 4 0 3 3 2 0 0 0 2 2 3 10 2 2 3 1 4 3 2 3 2 2 2 1 0 0 3 1 1 3 0 1 2 4 0 0 10 1 2 3 0 2 3 2 0 3 2 1 1 3 3 2 2 3   27360
