[30, 0, 0, 0, 0, 0, 0, 0, 0, 0, 0, 0, 0, 0, 0, 0, 20, 0, 0, 0, 0, 0, 0, 0, 0, 0, 0, 0, 0, 0, 0, 0, 0, 0, 0, 0, 0, 0, 0, 0, 0, 0, 0, 0, 0, 0, 0, 0, 0, 0, 0, 0, 0, 0, 0, 0, 0, 0, 0, 0, 0, 0, 0, 0, 0, 0, 0, 0, 0, 0, 0, 0, 0, 0, 0, 0, 0, 0, 0, 0, 0, 0, 0, 0, 0, 0, 0, 0, 0, 0, 0, 0, 0, 0, 0, 0, 0, 0, 0, 0, 0, 20]
[35, 0, 0, 0, 0, 0, 0, 0, 0, 0, 0, 0, 0, 0, 0, 0, 20, 0, 0, 0, 0, 0, 0, 0, 0, 0, 0, 0, 0, 0, 0, 0, 0, 0, 0, 0, 0, 0, 0, 0, 0, 0, 0, 0, 0, 0, 0, 0, 0, 0, 0, 0, 0, 0, 0, 0, 0, 0, 0, 0, 0, 0, 0, 0, 0, 0, 0, 0, 0, 0, 0, 0, 0, 0, 0, 0, 0, 20, 0, 0, 0, 0, 0, 0, 0, 0, 0, 0, 0, 0, 0, 0, 0, 0, 0, 0, 0, 0, 0, 0, 0, 40]
[40, 0, 0, 0, 0, 0, 0, 0, 0, 0, 0, 0, 0, 0, 0, 0, 20, 0, 0, 0, 0, 0, 0, 0, 0, 0, 0, 0, 0, 0, 0, 0, 0, 0, 0, 0, 0, 0, 0, 0, 0, 0, 0, 0, 0, 0, 0, 0, 0, 0, 0, 0, 0, 0, 0, 0, 0, 0, 0, 0, 0, 0, 0, 0, 0, 0, 0, 0, 0, 0, 0, 20, 0, 0, 0, 0, 0, 20, 0, 0, 0, 0, 0, 0, 0, 0, 0, 0, 0, 0, 0, 0, 0, 0, 0, 0, 0, 0, 0, 0, 0, 60]
[43, 0, 0, 0, 0, 0, 0, 0, 0, 0, 0, 0, 0, 0, 0, 20, 20, 0, 0, 0, 0, 0, 0, 0, 0, 0, 0, 0, 0, 0, 0, 0, 0, 0, 0, 0, 0, 0, 0, 0, 0, 0, 0, 0, 0, 0, 0, 0, 0, 0, 0, 0, 0, 0, 0, 0, 0, 0, 0, 0, 0, 0, 0, 0, 0, 0, 0, 0, 0, 0, 0, 20, 0, 0, 0, 0, 0, 20, 0, 0, 0, 0, 0, 0, 0, 0, 0, 20, 0, 0, 0, 0, 0, 0, 0, 0, 0, 0, 0, 0, 0, 100]
[47, 0, 0, 0, 0, 0, 0, 0, 0, 0, 0, 0, 0, 0, 0, 20, 20, 0, 0, 0, 0, 0, 0, 0, 0, 0, 0, 0, 0, 0, 0, 0, 0, 0, 0, 0, 0, 0, 0, 20, 0, 0, 0, 0, 0, 0, 0, 0, 0, 0, 0, 0, 0, 0, 0, 0, 0, 0, 0, 0, 0, 0, 0, 0, 0, 0, 0, 0, 0, 0, 0, 20, 0, 0, 0, 0, 0, 20, 0, 0, 0, 0, 0, 0, 0, 0, 0, 20, 0, 0, 0, 0, 0, 0, 0, 0, 0, 0, 0, 0, 0, 120]
[48, 0, 0, 0, 0, 0, 0, 0, 0, 0, 20, 0, 0, 0, 0, 20, 20, 0, 0, 0, 0, 0, 0, 0, 0, 0, 0, 0, 0, 0, 0, 0, 0, 0, 0, 0, 0, 0, 0, 20, 0, 0, 0, 0, 0, 0, 0, 0, 0, 0, 0, 0, 0, 0, 0, 0, 0, 0, 0, 0, 0, 0, 0, 0, 0, 0, 0, 0, 0, 0, 0, 20, 0, 0, 0, 0, 0, 20, 0, 0, 0, 0, 0, 0, 0, 0, 0, 20, 0, 0, 0, 0, 0, 0, 0, 0, 0, 0, 0, 0, 0, 140]
[54, 0, 0, 0, 0, 0, 0, 0, 0, 0, 20, 0, 0, 0, 0, 20, 20, 0, 0, 0, 0, 0, 0, 0, 0, 0, 0, 0, 0, 0, 0, 20, 0, 0, 0, 0, 0, 0, 0, 20, 0, 0, 0, 0, 0, 0, 0, 0, 0, 0, 0, 0, 0, 0, 0, 0, 0, 0, 0, 0, 20, 0, 0, 0, 0, 0, 0, 0, 0, 0, 0, 20, 0, 0, 0, 0, 0, 20, 0, 0, 0, 0, 0, 0, 0, 0, 0, 20, 0, 0, 0, 0, 0, 0, 0, 0, 0, 0, 0, 0, 0, 180]
[57, 0, 0, 0, 0, 0, 0, 0, 0, 0, 20, 0, 0, 0, 0, 20, 20, 0, 0, 0, 0, 0, 0, 0, 0, 0, 0, 0, 0, 0, 0, 20, 0, 0, 0, 0, 0, 0, 0, 20, 0, 0, 0, 0, 0, 0, 0, 0, 0, 0, 0, 0, 0, 0, 0, 0, 0, 0, 0, 0, 20, 0, 0, 0, 0, 0, 0, 0, 0, 0, 0, 20, 0, 20, 0, 20, 0, 20, 0, 0, 0, 0, 0, 0, 0, 0, 0, 20, 0, 0, 0, 0, 0, 0, 0, 0, 0, 0, 0, 0, 0, 220]
[57, 0, 0, 0, 0, 0, 0, 0, 0, 0, 20, 0, 0, 0, 0, 20, 20, 0, 0, 0, 0, 0, 20, 0, 0, 0, 0, 0, 0, 0, 0, 20, 0, 0, 0, 0, 0, 0, 0, 20, 0, 0, 0, 0, 0, 0, 0, 0, 0, 0, 0, 0, 0, 0, 0, 0, 0, 0, 0, 0, 20, 0, 0, 0, 0, 0, 0, 0, 0, 0, 0, 20, 0, 20, 0, 20, 0, 20, 0, 0, 0, 0, 0, 0, 0, 0, 0, 20, 0, 0, 0, 0, 0, 0, 0, 0, 0, 0, 0, 0, 0, 240]
[59, 0, 0, 0, 0, 0, 0, 0, 0, 0, 20, 0, 0, 0, 0, 20, 20, 0, 0, 0, 0, 0, 20, 0, 0, 0, 0, 0, 0, 0, 0, 20, 0, 0, 0, 0, 0, 0, 0, 20, 0, 0, 0, 0, 0, 0, 0, 0, 0, 0, 0, 0, 0, 0, 0, 0, 0, 0, 0, 0, 20, 0, 0, 0, 0, 0, 0, 0, 0, 0, 0, 20, 0, 20, 0, 20, 0, 20, 0, 0, 0, 20, 0, 0, 0, 0, 0, 20, 0, 0, 0, 0, 0, 0, 0, 0, 0, 0, 0, 0, 0, 260]
[63, 0, 0, 0, 0, 0, 0, 0, 0, 0, 20, 0, 0, 0, 0, 20, 20, 0, 0, 0, 0, 0, 20, 0, 0, 0, 0, 0, 0, 0, 0, 20, 0, 0, 0, 0, 0, 0, 0, 20, 0, 0, 0, 0, 0, 0, 0, 0, 0, 0, 0, 20, 0, 0, 0, 0, 0, 0, 0, 0, 20, 0, 0, 0, 0, 0, 0, 0, 0, 0, 0, 20, 0, 20, 0, 20, 0, 20, 0, 0, 0, 20, 0, 0, 0, 0, 0, 20, 0, 0, 0, 0, 0, 0, 0, 0, 0, 0, 0, 0, 0, 280]
[63, 0, 0, 0, 0, 0, 0, 0, 0, 0, 20, 20, 0, 0, 0, 20, 20, 0, 0, 0, 0, 0, 20, 0, 0, 0, 0, 0, 0, 0, 0, 20, 0, 0, 0, 0, 0, 0, 0, 20, 0, 0, 0, 0, 0, 0, 0, 0, 0, 0, 0, 20, 0, 0, 0, 0, 0, 0, 0, 0, 20, 0, 0, 0, 0, 0, 0, 0, 0, 0, 0, 20, 0, 20, 0, 20, 0, 20, 0, 0, 0, 20, 0, 0, 0, 0, 0, 20, 0, 0, 0, 0, 0, 0, 0, 0, 0, 0, 0, 0, 0, 300]
[64, 0, 0, 0, 0, 0, 0, 0, 0, 0, 20, 20, 0, 0, 0, 20, 20, 0, 0, 0, 0, 0, 20, 0, 0, 0, 0, 0, 0, 0, 0, 20, 0, 0, 0, 0, 0, 0, 0, 20, 0, 0, 0, 0, 0, 0, 0, 0, 0, 0, 0, 20, 0, 0, 0, 0, 0, 0, 0, 0, 20, 0, 0, 0, 0, 20, 0, 0, 0, 0, 0, 20, 0, 20, 0, 20, 0, 20, 0, 0, 0, 20, 0, 0, 20, 0, 0, 20, 0, 0, 0, 0, 0, 20, 0, 0, 0, 0, 0, 0, 0, 360]
[65, 0, 0, 0, 0, 0, 0, 0, 0, 0, 20, 20, 0, 0, 0, 20, 20, 0, 0, 0, 0, 0, 20, 0, 20, 0, 0, 0, 0, 0, 0, 20, 0, 0, 0, 0, 0, 0, 0, 20, 0, 0, 0, 0, 0, 0, 0, 0, 20, 0, 0, 20, 0, 0, 0, 0, 0, 0, 0, 0, 20, 0, 0, 0, 0, 20, 0, 0, 0, 0, 0, 20, 0, 20, 0, 20, 0, 20, 0, 0, 0, 20, 0, 0, 20, 0, 0, 20, 0, 0, 0, 0, 0, 20, 0, 0, 0, 0, 0, 0, 0, 400]
[66, 0, 0, 0, 0, 0, 0, 0, 0, 0, 20, 20, 0, 0, 0, 20, 20, 0, 0, 0, 0, 0, 20, 0, 20, 0, 0, 0, 0, 0, 0, 20, 0, 0, 0, 0, 0, 0, 0, 20, 0, 0, 0, 0, 0, 0, 0, 0, 20, 0, 0, 20, 0, 0, 0, 0, 0, 0, 0, 0, 20, 0, 0, 20, 0, 20, 0, 0, 0, 0, 0, 20, 0, 20, 0, 20, 0, 20, 0, 0, 0, 20, 0, 0, 20, 0, 0, 20, 0, 0, 0, 0, 0, 20, 0, 0, 0, 0, 0, 0, 0, 420]
[66, 0, 0, 0, 0, 0, 0, 0, 0, 0, 20, 20, 0, 0, 0, 20, 20, 0, 0, 0, 0, 0, 20, 0, 20, 0, 0, 0, 20, 0, 0, 20, 0, 0, 0, 0, 0, 0, 0, 20, 0, 0, 0, 0, 0, 0, 20, 0, 20, 0, 0, 20, 0, 0, 0, 0, 0, 0, 0, 0, 20, 0, 0, 20, 0, 20, 0, 0, 0, 0, 0, 20, 0, 20, 0, 20, 0, 20, 0, 0, 0, 20, 0, 0, 20, 0, 0, 20, 0, 0, 0, 0, 0, 20, 0, 0, 0, 0, 0, 0, 0, 460]
[67, 0, 0, 0, 0, 0, 0, 0, 0, 0, 20, 20, 0, 0, 0, 20, 20, 0, 0, 0, 0, 0, 20, 0, 20, 0, 0, 0, 20, 0, 0, 20, 0, 0, 0, 0, 0, 0, 0, 20, 0, 0, 0, 0, 0, 0, 20, 0, 20, 0, 0, 20, 0, 0, 0, 0, 0, 0, 0, 0, 20, 0, 0, 20, 0, 20, 0, 0, 0, 0, 0, 20, 0, 20, 0, 20, 0, 20, 0, 0, 0, 20, 0, 0, 20, 0, 0, 20, 0, 0, 20, 0, 0, 20, 0, 0, 0, 0, 0, 0, 0, 480]
[69, 0, 0, 0, 0, 0, 0, 0, 0, 0, 20, 20, 20, 0, 0, 20, 20, 0, 0, 0, 0, 0, 20, 0, 20, 0, 0, 0, 20, 0, 0, 20, 0, 0, 0, 0, 0, 0, 0, 20, 0, 0, 0, 0, 0, 0, 20, 0, 20, 0, 0, 20, 0, 0, 0, 0, 0, 0, 0, 0, 20, 0, 0, 20, 0, 20, 0, 0, 0, 0, 0, 20, 0, 20, 0, 20, 0, 20, 0, 0, 0, 20, 0, 0, 20, 0, 0, 20, 0, 0, 20, 0, 0, 20, 0, 0, 0, 0, 0, 0, 0, 500]
[70, 0, 0, 0, 0, 20, 0, 0, 0, 0, 20, 20, 20, 0, 0, 20, 20, 0, 0, 0, 0, 0, 20, 0, 20, 0, 0, 0, 20, 0, 0, 20, 0, 0, 0, 0, 0, 0, 0, 20, 20, 0, 0, 0, 0, 0, 20, 0, 20, 0, 0, 20, 0, 0, 0, 0, 0, 0, 0, 0, 20, 0, 0, 20, 0, 20, 0, 0, 0, 0, 0, 20, 0, 20, 0, 20, 0, 20, 0, 0, 0, 20, 0, 0, 20, 0, 0, 20, 0, 0, 20, 0, 0, 20, 0, 0, 0, 0, 0, 0, 0, 540]
[72, 0, 0, 0, 0, 20, 0, 0, 0, 0, 20, 20, 20, 0, 0, 20, 20, 0, 20, 0, 0, 0, 20, 0, 20, 0, 0, 0, 20, 0, 0, 20, 0, 0, 0, 0, 0, 0, 0, 20, 20, 0, 0, 0, 0, 0, 20, 0, 20, 0, 0, 20, 0, 0, 0, 0, 0, 0, 0, 0, 20, 0, 0, 20, 0, 20, 0, 0, 0, 0, 0, 20, 0, 20, 0, 20, 0, 20, 0, 0, 0, 20, 0, 0, 20, 0, 0, 20, 0, 0, 20, 0, 0, 20, 0, 0, 0, 0, 0, 0, 0, 560]
[73, 0, 0, 0, 0, 20, 0, 0, 0, 20, 20, 20, 20, 0, 0, 20, 20, 0, 20, 0, 0, 0, 20, 0, 20, 0, 0, 0, 20, 0, 0, 20, 0, 0, 0, 0, 0, 0, 0, 20, 20, 0, 0, 0, 0, 0, 20, 0, 20, 0, 0, 20, 0, 0, 0, 0, 0, 0, 0, 0, 20, 0, 0, 20, 0, 20, 0, 0, 0, 0, 0, 20, 0, 20, 0, 20, 0, 20, 0, 0, 0, 20, 0, 0, 20, 0, 0, 20, 0, 0, 20, 0, 0, 20, 0, 0, 0, 0, 0, 0, 0, 580]
[74, 0, 0, 0, 0, 20, 0, 0, 0, 20, 20, 20, 20, 0, 0, 20, 20, 0, 20, 0, 0, 0, 20, 0, 20, 0, 0, 0, 20, 20, 0, 20, 0, 0, 0, 0, 0, 0, 0, 20, 20, 0, 0, 0, 0, 0, 20, 0, 20, 0, 0, 20, 0, 0, 0, 0, 0, 0, 0, 0, 20, 0, 0, 20, 0, 20, 0, 0, 0, 0, 0, 20, 0, 20, 0, 20, 0, 20, 0, 0, 0, 20, 0, 0, 20, 0, 0, 20, 0, 0, 20, 0, 0, 20, 0, 0, 0, 0, 0, 0, 0, 600]
[75, 0, 0, 0, 0, 20, 0, 0, 0, 20, 20, 20, 20, 0, 0, 20, 20, 0, 20, 0, 0, 0, 20, 0, 20, 0, 0, 0, 20, 20, 0, 20, 0, 0, 0, 0, 0, 0, 0, 20, 20, 0, 0, 0, 0, 0, 20, 0, 20, 0, 0, 20, 0, 0, 0, 0, 0, 0, 0, 0, 20, 0, 0, 20, 0, 20, 0, 0, 0, 0, 0, 20, 0, 20, 0, 20, 0, 20, 0, 0, 0, 20, 0, 0, 20, 0, 0, 20, 0, 0, 20, 0, 0, 20, 0, 20, 0, 0, 0, 0, 0, 620]
[75, 0, 0, 0, 0, 20, 0, 0, 0, 20, 20, 20, 20, 0, 0, 20, 20, 0, 20, 0, 0, 0, 20, 0, 20, 0, 0, 0, 20, 20, 0, 20, 0, 20, 0, 0, 0, 0, 0, 20, 20, 0, 0, 0, 0, 0, 20, 0, 20, 0, 0, 20, 0, 0, 0, 0, 0, 0, 0, 0, 20, 0, 0, 20, 0, 20, 20, 0, 0, 0, 0, 20, 0, 20, 0, 20, 0, 20, 0, 0, 0, 20, 0, 0, 20, 0, 0, 20, 0, 0, 20, 0, 0, 20, 0, 20, 0, 0, 0, 0, 0, 660]
[77, 0, 0, 0, 0, 20, 0, 0, 0, 20, 20, 20, 20, 0, 0, 20, 20, 0, 20, 0, 0, 0, 20, 0, 20, 0, 0, 0, 20, 20, 0, 20, 0, 20, 0, 0, 0, 0, 0, 20, 20, 0, 0, 0, 0, 0, 20, 0, 20, 0, 0, 20, 0, 0, 0, 0, 0, 0, 0, 0, 20, 0, 0, 20, 0, 20, 20, 0, 0, 0, 0, 20, 0, 20, 0, 20, 0, 20, 0, 0, 0, 20, 20, 0, 20, 0, 0, 20, 0, 0, 20, 0, 0, 20, 0, 20, 0, 0, 0, 0, 0, 680]
[77, 0, 0, 0, 0, 20, 0, 0, 0, 20, 20, 20, 20, 0, 0, 20, 20, 0, 20, 0, 0, 0, 20, 0, 20, 0, 0, 0, 20, 20, 0, 20, 0, 20, 20, 0, 0, 0, 0, 20, 20, 0, 0, 0, 0, 0, 20, 0, 20, 0, 0, 20, 0, 0, 0, 0, 0, 0, 0, 0, 20, 0, 0, 20, 0, 20, 20, 0, 0, 0, 0, 20, 0, 20, 0, 20, 0, 20, 0, 0, 0, 20, 20, 0, 20, 0, 0, 20, 0, 0, 20, 0, 0, 20, 0, 20, 0, 0, 0, 0, 0, 700]
[79, 0, 0, 0, 0, 20, 0, 0, 0, 20, 20, 20, 20, 0, 0, 20, 20, 0, 20, 0, 0, 0, 20, 0, 20, 0, 20, 0, 20, 20, 0, 20, 0, 20, 20, 0, 0, 0, 0, 20, 20, 0, 0, 0, 0, 0, 20, 0, 20, 0, 0, 20, 0, 0, 0, 0, 0, 0, 0, 0, 20, 0, 0, 20, 0, 20, 20, 0, 0, 0, 0, 20, 0, 20, 0, 20, 0, 20, 0, 0, 0, 20, 20, 0, 20, 0, 0, 20, 0, 0, 20, 0, 0, 20, 0, 20, 0, 0, 0, 0, 0, 720]
[81, 0, 0, 0, 0, 20, 0, 0, 0, 20, 20, 20, 20, 0, 0, 20, 20, 0, 20, 0, 0, 0, 20, 0, 20, 0, 20, 0, 20, 20, 0, 20, 0, 20, 20, 0, 0, 0, 0, 20, 20, 20, 0, 0, 0, 0, 20, 0, 20, 0, 0, 20, 0, 0, 0, 0, 0, 0, 0, 0, 20, 0, 0, 20, 0, 20, 20, 0, 0, 0, 0, 20, 0, 20, 0, 20, 0, 20, 0, 0, 0, 20, 20, 0, 20, 0, 0, 20, 0, 0, 20, 0, 0, 20, 0, 20, 0, 0, 0, 0, 0, 740]
[82, 0, 0, 0, 0, 20, 0, 0, 0, 20, 20, 20, 20, 0, 0, 20, 20, 0, 20, 0, 0, 0, 20, 20, 20, 0, 20, 0, 20, 20, 0, 20, 0, 20, 20, 0, 0, 0, 0, 20, 20, 20, 0, 0, 0, 0, 20, 0, 20, 0, 0, 20, 0, 0, 0, 0, 0, 0, 0, 0, 20, 0, 0, 20, 0, 20, 20, 0, 0, 0, 0, 20, 0, 20, 0, 20, 0, 20, 0, 0, 0, 20, 20, 0, 20, 0, 0, 20, 0, 0, 20, 0, 0, 20, 0, 20, 0, 0, 0, 0, 0, 760]
[83, 0, 0, 0, 0, 20, 0, 0, 0, 20, 20, 20, 20, 0, 0, 20, 20, 0, 20, 0, 0, 0, 20, 20, 20, 0, 20, 0, 20, 20, 0, 20, 0, 20, 20, 0, 0, 0, 0, 20, 20, 20, 0, 0, 0, 0, 20, 0, 20, 0, 0, 20, 0, 0, 0, 0, 0, 0, 0, 0, 20, 0, 0, 20, 0, 20, 20, 0, 0, 0, 0, 20, 20, 20, 0, 20, 0, 20, 0, 0, 0, 20, 20, 0, 20, 0, 0, 20, 0, 0, 20, 0, 0, 20, 0, 20, 0, 0, 0, 0, 0, 780]
[84, 0, 0, 0, 0, 20, 0, 0, 0, 20, 20, 20, 20, 0, 0, 20, 20, 0, 20, 20, 0, 0, 20, 20, 20, 0, 20, 0, 20, 20, 0, 20, 0, 20, 20, 0, 0, 0, 0, 20, 20, 20, 0, 0, 0, 0, 20, 0, 20, 0, 0, 20, 0, 0, 0, 0, 0, 0, 0, 0, 20, 0, 0, 20, 0, 20, 20, 0, 0, 0, 0, 20, 20, 20, 0, 20, 0, 20, 0, 0, 0, 20, 20, 0, 20, 0, 0, 20, 0, 0, 20, 0, 0, 20, 0, 20, 0, 0, 0, 0, 0, 800]
[86, 0, 0, 0, 0, 20, 0, 0, 0, 20, 20, 20, 20, 0, 0, 20, 20, 0, 20, 20, 0, 0, 20, 20, 20, 0, 20, 0, 20, 20, 40, 20, 0, 20, 20, 0, 0, 0, 0, 20, 20, 20, 0, 0, 0, 0, 20, 0, 20, 0, 0, 20, 0, 0, 0, 0, 0, 0, 0, 0, 20, 0, 0, 20, 0, 20, 20, 0, 0, 0, 0, 20, 20, 20, 0, 20, 0, 20, 0, 0, 0, 20, 20, 0, 20, 0, 0, 20, 0, 0, 20, 0, 0, 20, 0, 20, 0, 0, 0, 0, 0, 820]
[87, 0, 0, 0, 0, 20, 0, 0, 0, 20, 20, 20, 20, 0, 0, 20, 20, 0, 20, 20, 0, 0, 20, 20, 20, 0, 20, 0, 20, 20, 40, 20, 0, 20, 20, 0, 0, 0, 0, 20, 20, 20, 0, 0, 0, 0, 20, 0, 20, 0, 0, 20, 0, 20, 0, 0, 0, 0, 0, 0, 20, 0, 0, 20, 0, 20, 20, 0, 0, 0, 0, 20, 20, 20, 0, 20, 0, 20, 0, 0, 0, 20, 20, 0, 20, 0, 0, 20, 0, 0, 20, 20, 0, 20, 0, 20, 0, 0, 0, 0, 0, 860]
[88, 0, 0, 0, 0, 20, 0, 0, 0, 20, 20, 20, 20, 0, 0, 20, 20, 0, 20, 20, 0, 0, 20, 20, 20, 0, 20, 0, 20, 20, 40, 20, 0, 20, 20, 0, 0, 0, 0, 20, 20, 20, 0, 0, 0, 0, 20, 0, 20, 0, 0, 20, 0, 20, 0, 0, 0, 0, 0, 0, 20, 0, 0, 20, 0, 20, 20, 0, 0, 0, 0, 20, 20, 20, 20, 20, 0, 20, 0, 0, 0, 20, 20, 0, 20, 0, 0, 20, 0, 0, 20, 20, 20, 20, 0, 20, 0, 0, 0, 0, 0, 900]
[89, 0, 0, 0, 0, 20, 0, 0, 0, 20, 20, 20, 20, 0, 0, 20, 20, 0, 20, 20, 0, 0, 20, 20, 20, 0, 20, 0, 20, 20, 40, 20, 0, 20, 20, 0, 0, 0, 0, 40, 20, 20, 0, 0, 0, 0, 20, 0, 20, 0, 0, 20, 0, 20, 0, 0, 0, 0, 0, 0, 20, 0, 0, 20, 0, 20, 20, 0, 0, 0, 0, 20, 20, 20, 20, 20, 0, 20, 0, 0, 0, 20, 20, 0, 20, 0, 0, 20, 0, 0, 20, 20, 20, 20, 0, 20, 0, 0, 0, 0, 0, 920]
[89, 0, 0, 0, 0, 20, 0, 0, 0, 20, 20, 20, 20, 0, 0, 20, 20, 0, 20, 20, 0, 0, 20, 20, 20, 0, 20, 0, 20, 20, 40, 20, 0, 20, 20, 0, 0, 0, 0, 40, 20, 20, 0, 0, 0, 0, 20, 0, 20, 0, 0, 20, 0, 20, 0, 0, 0, 0, 0, 0, 20, 0, 0, 20, 20, 20, 20, 0, 0, 0, 0, 20, 20, 20, 20, 20, 0, 20, 0, 0, 0, 20, 20, 0, 20, 0, 0, 20, 0, 0, 20, 20, 20, 20, 0, 20, 0, 0, 0, 0, 0, 940]
[92, 0, 0, 0, 0, 20, 0, 0, 0, 20, 20, 20, 20, 0, 0, 20, 20, 0, 20, 20, 0, 0, 20, 20, 20, 0, 20, 0, 20, 20, 40, 20, 0, 20, 20, 0, 0, 0, 0, 40, 20, 20, 0, 0, 0, 0, 20, 0, 20, 0, 0, 20, 0, 20, 0, 0, 0, 0, 20, 0, 20, 0, 0, 20, 20, 20, 20, 0, 0, 0, 0, 20, 20, 20, 20, 20, 0, 20, 0, 0, 0, 20, 20, 0, 20, 0, 0, 20, 0, 0, 20, 20, 20, 20, 0, 20, 0, 0, 0, 0, 0, 960]
[92, 0, 0, 0, 0, 20, 0, 0, 0, 20, 20, 20, 20, 0, 0, 20, 40, 0, 20, 20, 0, 0, 20, 20, 20, 0, 20, 0, 20, 20, 40, 20, 0, 20, 20, 0, 0, 0, 0, 40, 20, 20, 0, 0, 0, 0, 20, 0, 20, 0, 0, 20, 0, 20, 0, 0, 0, 0, 20, 0, 20, 0, 0, 20, 20, 20, 20, 0, 0, 0, 0, 20, 20, 20, 20, 20, 0, 20, 0, 0, 0, 20, 20, 0, 20, 0, 0, 20, 0, 0, 20, 20, 20, 20, 0, 20, 0, 0, 0, 0, 0, 980]
[95, 0, 0, 0, 0, 20, 0, 0, 0, 20, 20, 20, 20, 0, 0, 20, 40, 20, 20, 20, 0, 0, 20, 20, 20, 0, 20, 0, 20, 20, 40, 20, 0, 20, 20, 0, 0, 0, 0, 40, 20, 20, 0, 0, 0, 0, 20, 0, 20, 0, 0, 20, 0, 20, 0, 0, 20, 0, 20, 0, 20, 0, 0, 20, 20, 20, 20, 0, 0, 0, 0, 20, 20, 20, 20, 20, 0, 20, 0, 0, 0, 20, 20, 0, 20, 0, 0, 20, 0, 0, 20, 20, 20, 20, 0, 20, 0, 0, 0, 0, 0, 1020]
[98, 0, 0, 0, 0, 20, 0, 0, 0, 20, 20, 20, 20, 0, 0, 20, 40, 20, 20, 20, 0, 0, 20, 20, 20, 0, 20, 0, 20, 20, 40, 20, 0, 20, 20, 0, 0, 0, 0, 40, 20, 20, 0, 0, 0, 0, 20, 0, 20, 0, 0, 20, 0, 20, 0, 0, 20, 0, 20, 0, 40, 0, 0, 20, 20, 20, 20, 0, 0, 0, 0, 20, 20, 20, 20, 20, 0, 20, 0, 0, 0, 20, 20, 0, 20, 0, 0, 20, 0, 0, 20, 20, 20, 20, 0, 20, 0, 0, 0, 0, 0, 1040]
[98, 0, 0, 0, 0, 20, 0, 0, 0, 20, 20, 20, 20, 0, 0, 20, 40, 20, 20, 20, 0, 0, 20, 20, 20, 0, 20, 0, 20, 20, 40, 20, 0, 20, 20, 0, 0, 0, 0, 40, 20, 20, 0, 20, 0, 0, 20, 0, 20, 0, 0, 20, 0, 20, 0, 0, 20, 0, 20, 0, 40, 0, 0, 20, 20, 20, 20, 0, 0, 0, 0, 20, 20, 20, 20, 20, 0, 20, 0, 0, 0, 20, 20, 0, 20, 0, 0, 20, 0, 0, 20, 20, 20, 20, 0, 20, 0, 0, 0, 0, 0, 1060]
[99, 0, 0, 0, 0, 20, 0, 0, 0, 20, 20, 20, 20, 0, 0, 20, 40, 20, 20, 20, 0, 0, 20, 20, 20, 0, 20, 0, 20, 20, 40, 20, 0, 20, 20, 0, 0, 0, 0, 40, 20, 20, 0, 20, 0, 0, 20, 0, 20, 0, 0, 20, 0, 20, 0, 0, 20, 0, 20, 0, 40, 0, 0, 20, 20, 20, 20, 0, 0, 0, 0, 20, 20, 20, 20, 20, 0, 20, 0, 20, 0, 20, 20, 0, 20, 0, 0, 20, 0, 0, 20, 20, 20, 20, 0, 20, 0, 0, 0, 0, 0, 1080]
[99, 0, 0, 0, 20, 20, 0, 0, 0, 20, 20, 20, 20, 0, 0, 20, 40, 20, 20, 20, 0, 0, 20, 20, 20, 0, 20, 0, 20, 20, 40, 20, 0, 20, 20, 0, 0, 0, 0, 40, 20, 20, 0, 20, 0, 0, 20, 0, 20, 0, 0, 20, 0, 20, 0, 0, 20, 0, 20, 0, 40, 0, 0, 20, 20, 20, 20, 0, 0, 0, 0, 20, 20, 20, 20, 20, 0, 20, 0, 20, 0, 20, 20, 0, 20, 0, 0, 20, 0, 0, 20, 20, 20, 20, 0, 20, 0, 0, 0, 0, 0, 1100]
[101, 0, 0, 0, 20, 20, 0, 0, 0, 20, 20, 20, 20, 0, 0, 20, 40, 20, 20, 20, 0, 0, 20, 20, 20, 0, 20, 0, 20, 20, 40, 20, 0, 20, 20, 0, 0, 0, 0, 40, 20, 20, 0, 20, 0, 0, 20, 0, 20, 0, 0, 20, 0, 20, 0, 0, 20, 0, 20, 20, 40, 0, 0, 20, 20, 20, 20, 0, 0, 0, 0, 20, 20, 20, 20, 20, 0, 20, 0, 20, 0, 20, 20, 0, 20, 0, 0, 20, 0, 0, 20, 20, 20, 20, 0, 20, 0, 0, 0, 0, 0, 1120]
[101, 0, 0, 0, 20, 20, 0, 0, 0, 20, 20, 20, 20, 0, 0, 20, 40, 20, 20, 20, 0, 0, 20, 20, 20, 0, 20, 0, 20, 20, 40, 20, 0, 20, 20, 20, 0, 0, 0, 40, 20, 20, 0, 20, 0, 0, 20, 0, 20, 0, 0, 20, 0, 20, 0, 0, 20, 0, 20, 20, 40, 0, 0, 20, 20, 20, 20, 0, 0, 0, 0, 20, 20, 20, 20, 20, 0, 20, 0, 20, 0, 20, 20, 0, 20, 0, 0, 20, 0, 0, 20, 20, 20, 20, 0, 20, 0, 0, 0, 0, 0, 1140]
[103, 0, 0, 0, 20, 20, 0, 0, 0, 20, 20, 20, 20, 0, 20, 20, 40, 20, 20, 20, 0, 0, 20, 20, 20, 0, 20, 0, 20, 20, 40, 20, 0, 20, 20, 20, 0, 0, 0, 40, 20, 20, 0, 20, 0, 0, 20, 0, 20, 20, 0, 20, 0, 20, 0, 0, 20, 0, 20, 20, 40, 0, 0, 20, 20, 20, 20, 0, 0, 0, 0, 20, 20, 20, 20, 20, 0, 20, 20, 20, 0, 20, 20, 0, 20, 0, 0, 20, 0, 20, 20, 20, 20, 20, 0, 20, 0, 0, 0, 0, 0, 1220]
[106, 0, 0, 0, 20, 20, 0, 0, 0, 20, 20, 20, 20, 0, 20, 40, 40, 20, 20, 20, 0, 0, 20, 20, 20, 0, 20, 0, 20, 20, 40, 20, 0, 20, 20, 20, 0, 0, 0, 40, 20, 20, 0, 20, 0, 0, 20, 0, 20, 20, 0, 20, 0, 20, 0, 0, 20, 0, 20, 20, 40, 0, 20, 20, 20, 20, 20, 0, 0, 0, 0, 20, 20, 20, 20, 20, 0, 20, 20, 20, 0, 20, 20, 0, 20, 0, 0, 20, 0, 20, 20, 20, 20, 20, 0, 20, 0, 0, 0, 0, 0, 1260]
[107, 0, 0, 0, 20, 20, 0, 0, 0, 20, 20, 20, 20, 0, 20, 40, 40, 20, 20, 20, 0, 0, 20, 20, 20, 0, 20, 0, 20, 20, 40, 20, 20, 20, 20, 20, 0, 0, 0, 40, 20, 20, 0, 20, 0, 0, 20, 0, 20, 20, 0, 20, 0, 20, 0, 0, 20, 0, 20, 20, 40, 0, 20, 20, 20, 20, 20, 0, 0, 0, 0, 20, 20, 20, 20, 20, 0, 20, 20, 20, 0, 20, 20, 0, 20, 0, 0, 20, 0, 20, 20, 20, 20, 20, 0, 20, 0, 0, 0, 0, 0, 1280]
[108, 0, 0, 0, 20, 20, 0, 0, 0, 20, 20, 20, 20, 0, 20, 40, 40, 20, 20, 20, 0, 0, 20, 20, 20, 0, 20, 0, 20, 20, 40, 20, 20, 20, 20, 20, 0, 0, 20, 40, 20, 20, 0, 20, 0, 0, 20, 0, 20, 20, 0, 20, 0, 20, 0, 0, 20, 0, 20, 20, 40, 0, 20, 20, 20, 20, 20, 0, 0, 0, 0, 20, 20, 20, 20, 20, 0, 20, 20, 20, 0, 20, 20, 0, 20, 0, 0, 20, 0, 20, 20, 20, 20, 20, 0, 20, 0, 0, 0, 0, 0, 1300]
[111, 0, 0, 0, 20, 20, 0, 0, 0, 20, 20, 20, 20, 0, 20, 40, 40, 20, 20, 20, 0, 0, 20, 20, 20, 0, 20, 0, 20, 20, 40, 20, 20, 20, 20, 20, 0, 0, 20, 40, 20, 20, 0, 20, 0, 0, 20, 0, 20, 20, 0, 20, 0, 20, 0, 0, 20, 0, 20, 20, 40, 0, 20, 20, 20, 20, 20, 0, 0, 40, 0, 20, 20, 20, 20, 20, 0, 20, 20, 20, 0, 20, 20, 0, 20, 0, 0, 20, 0, 20, 20, 20, 20, 20, 0, 20, 0, 0, 0, 0, 0, 1320]
[113, 0, 0, 0, 20, 20, 0, 0, 0, 20, 20, 20, 20, 0, 20, 40, 40, 20, 20, 20, 20, 0, 20, 20, 20, 0, 20, 0, 20, 20, 40, 20, 20, 20, 20, 20, 0, 0, 20, 40, 20, 20, 0, 20, 0, 0, 20, 0, 20, 20, 0, 20, 0, 20, 0, 0, 20, 0, 20, 20, 40, 0, 20, 20, 20, 20, 20, 0, 0, 40, 0, 20, 20, 20, 20, 20, 0, 20, 20, 20, 0, 20, 20, 0, 20, 0, 0, 20, 0, 20, 20, 20, 20, 20, 0, 20, 0, 0, 0, 0, 0, 1340]
[114, 0, 0, 0, 20, 20, 0, 0, 0, 20, 20, 20, 40, 0, 20, 40, 40, 20, 20, 20, 20, 0, 20, 20, 20, 0, 20, 0, 20, 20, 40, 20, 20, 20, 20, 20, 0, 0, 20, 40, 20, 20, 0, 20, 0, 0, 20, 0, 20, 20, 0, 20, 0, 20, 0, 0, 20, 0, 20, 20, 40, 0, 20, 20, 20, 20, 20, 0, 0, 40, 0, 20, 20, 20, 20, 20, 0, 20, 20, 20, 0, 20, 20, 0, 20, 0, 0, 40, 0, 20, 20, 20, 20, 20, 0, 20, 0, 0, 0, 0, 0, 1380]
[116, 0, 0, 0, 20, 20, 0, 0, 0, 20, 20, 20, 40, 0, 20, 40, 40, 20, 20, 20, 20, 0, 20, 20, 20, 0, 20, 0, 20, 20, 40, 20, 20, 20, 20, 20, 0, 0, 20, 40, 20, 20, 0, 20, 0, 0, 20, 0, 20, 20, 0, 20, 0, 20, 0, 0, 20, 0, 20, 20, 40, 0, 20, 20, 20, 20, 20, 0, 0, 40, 20, 20, 20, 20, 20, 20, 0, 20, 20, 20, 0, 20, 20, 0, 20, 0, 0, 40, 0, 20, 20, 20, 20, 20, 0, 20, 0, 0, 0, 0, 0, 1400]
[117, 0, 0, 0, 20, 20, 0, 0, 0, 20, 20, 20, 40, 0, 20, 40, 40, 20, 20, 20, 20, 0, 20, 20, 20, 0, 20, 0, 20, 20, 40, 20, 20, 20, 20, 20, 20, 0, 20, 40, 20, 20, 0, 20, 0, 0, 20, 0, 20, 20, 0, 20, 0, 20, 0, 0, 20, 0, 20, 20, 40, 0, 20, 20, 20, 20, 20, 0, 0, 40, 20, 20, 20, 20, 20, 20, 0, 20, 20, 20, 0, 20, 20, 0, 20, 0, 0, 40, 0, 20, 20, 20, 20, 20, 0, 20, 0, 0, 0, 0, 0, 1420]
[119, 0, 0, 0, 20, 20, 0, 20, 0, 20, 20, 20, 40, 0, 20, 40, 40, 20, 20, 20, 20, 0, 20, 20, 20, 0, 20, 0, 20, 20, 40, 20, 20, 20, 20, 20, 20, 0, 20, 40, 20, 20, 0, 20, 0, 0, 20, 0, 20, 20, 0, 20, 0, 20, 0, 0, 20, 0, 20, 20, 40, 0, 20, 20, 20, 20, 20, 0, 0, 40, 20, 20, 20, 20, 20, 20, 0, 20, 20, 20, 0, 20, 20, 0, 20, 0, 0, 40, 0, 20, 20, 20, 20, 20, 0, 20, 0, 0, 0, 0, 0, 1440]
[121, 0, 0, 0, 20, 20, 0, 20, 0, 20, 20, 20, 40, 0, 20, 40, 40, 20, 20, 20, 20, 0, 20, 20, 20, 0, 20, 0, 20, 20, 40, 20, 20, 20, 20, 20, 20, 0, 20, 40, 20, 20, 0, 20, 0, 0, 20, 0, 20, 20, 0, 20, 0, 20, 0, 0, 20, 0, 20, 20, 40, 40, 20, 20, 20, 20, 20, 0, 0, 40, 20, 20, 20, 20, 20, 20, 0, 20, 20, 20, 0, 20, 20, 0, 20, 0, 0, 40, 0, 20, 20, 20, 20, 20, 0, 20, 0, 0, 0, 0, 0, 1460]
[123, 0, 0, 0, 20, 20, 0, 20, 0, 20, 20, 20, 40, 0, 20, 40, 40, 20, 20, 20, 20, 0, 20, 20, 20, 0, 20, 0, 20, 20, 40, 20, 20, 20, 20, 20, 20, 0, 20, 40, 20, 20, 0, 20, 0, 0, 20, 0, 40, 20, 0, 20, 0, 20, 0, 0, 20, 0, 20, 20, 40, 40, 20, 20, 20, 20, 20, 0, 0, 40, 20, 20, 20, 20, 20, 20, 0, 20, 20, 20, 0, 20, 20, 0, 20, 0, 0, 40, 0, 20, 20, 20, 20, 20, 0, 20, 0, 0, 0, 0, 0, 1480]
[125, 0, 0, 0, 20, 20, 0, 20, 0, 20, 20, 20, 40, 0, 20, 40, 40, 20, 20, 20, 20, 0, 20, 20, 20, 0, 20, 0, 20, 20, 40, 20, 20, 20, 20, 20, 20, 0, 20, 40, 20, 20, 0, 20, 0, 0, 20, 0, 40, 20, 0, 20, 0, 20, 0, 0, 20, 0, 20, 20, 40, 40, 20, 20, 20, 20, 20, 0, 0, 40, 20, 20, 20, 20, 20, 20, 0, 20, 20, 20, 0, 20, 20, 20, 20, 0, 0, 40, 0, 20, 20, 20, 20, 20, 0, 20, 0, 0, 0, 0, 0, 1500]
[126, 0, 0, 0, 20, 20, 0, 20, 0, 20, 20, 20, 40, 0, 20, 40, 40, 20, 20, 20, 20, 0, 20, 20, 40, 0, 20, 0, 20, 20, 40, 20, 20, 20, 20, 20, 20, 0, 20, 40, 20, 20, 0, 20, 0, 0, 20, 0, 40, 20, 0, 20, 0, 20, 0, 0, 20, 0, 20, 20, 40, 40, 20, 20, 20, 20, 20, 0, 0, 40, 20, 20, 20, 20, 20, 20, 0, 20, 20, 20, 0, 20, 20, 20, 20, 0, 0, 40, 0, 20, 20, 20, 20, 20, 0, 20, 0, 0, 0, 0, 0, 1520]
[126, 0, 0, 0, 20, 20, 0, 20, 20, 20, 20, 20, 40, 0, 20, 40, 40, 20, 20, 20, 20, 0, 20, 20, 40, 0, 20, 0, 20, 20, 40, 20, 20, 20, 20, 20, 20, 0, 20, 40, 20, 20, 0, 20, 0, 0, 20, 0, 40, 20, 0, 20, 0, 20, 0, 0, 20, 0, 20, 20, 40, 40, 20, 20, 20, 20, 20, 0, 0, 40, 20, 20, 20, 20, 20, 40, 0, 20, 20, 20, 0, 20, 20, 20, 20, 0, 0, 40, 0, 20, 20, 20, 20, 20, 0, 20, 0, 0, 0, 0, 0, 1560]
[132, 0, 0, 0, 20, 20, 0, 20, 20, 20, 20, 20, 40, 0, 20, 40, 40, 20, 20, 20, 20, 0, 20, 20, 40, 0, 20, 0, 20, 20, 40, 20, 20, 20, 20, 20, 20, 0, 20, 40, 20, 20, 0, 20, 20, 0, 20, 0, 40, 20, 0, 20, 0, 20, 0, 0, 20, 0, 20, 20, 40, 40, 20, 20, 20, 20, 20, 0, 0, 40, 20, 20, 20, 20, 20, 40, 0, 20, 20, 20, 0, 20, 20, 20, 20, 0, 0, 40, 0, 20, 20, 20, 20, 20, 0, 20, 0, 0, 0, 0, 0, 1580]
[134, 0, 0, 0, 20, 20, 0, 20, 20, 20, 20, 20, 40, 0, 20, 40, 40, 20, 20, 20, 20, 0, 20, 20, 40, 0, 20, 0, 20, 20, 40, 20, 20, 20, 20, 20, 20, 0, 20, 40, 20, 20, 0, 20, 20, 0, 20, 0, 40, 20, 0, 40, 0, 20, 0, 0, 20, 0, 20, 20, 40, 40, 20, 20, 20, 20, 20, 0, 0, 40, 20, 20, 20, 20, 20, 40, 0, 20, 20, 20, 0, 20, 20, 20, 20, 0, 0, 40, 0, 20, 20, 20, 20, 20, 0, 20, 0, 0, 0, 0, 0, 1600]
[135, 0, 0, 0, 20, 20, 0, 20, 20, 20, 20, 20, 40, 0, 20, 40, 40, 20, 20, 20, 20, 0, 20, 20, 40, 0, 20, 0, 20, 20, 40, 20, 20, 20, 20, 20, 20, 0, 20, 40, 20, 20, 0, 20, 20, 0, 40, 0, 40, 20, 0, 40, 0, 20, 0, 0, 20, 0, 20, 20, 40, 40, 20, 20, 20, 20, 20, 0, 0, 40, 20, 40, 20, 20, 20, 40, 0, 20, 20, 20, 0, 20, 20, 20, 20, 0, 0, 40, 0, 20, 40, 20, 20, 20, 0, 20, 0, 0, 0, 0, 0, 1660]
[136, 0, 0, 0, 20, 20, 0, 20, 20, 20, 20, 20, 40, 0, 20, 40, 40, 20, 20, 20, 20, 0, 20, 20, 40, 0, 20, 0, 20, 20, 40, 20, 20, 20, 20, 20, 20, 0, 20, 40, 20, 20, 0, 20, 20, 0, 40, 0, 40, 20, 0, 40, 0, 20, 0, 0, 20, 0, 20, 20, 40, 40, 20, 20, 20, 20, 40, 0, 0, 40, 20, 40, 20, 20, 20, 40, 0, 20, 20, 20, 0, 20, 20, 20, 20, 0, 0, 40, 0, 20, 40, 20, 20, 20, 0, 20, 0, 0, 0, 0, 0, 1680]
[137, 0, 0, 0, 20, 20, 0, 20, 20, 20, 20, 20, 40, 0, 20, 40, 40, 20, 20, 20, 20, 0, 20, 20, 40, 0, 20, 0, 20, 20, 40, 20, 20, 20, 20, 20, 20, 0, 20, 40, 20, 20, 0, 20, 20, 0, 40, 0, 40, 20, 0, 40, 0, 20, 0, 0, 20, 0, 20, 20, 40, 40, 20, 20, 20, 20, 40, 0, 20, 40, 20, 40, 20, 20, 20, 40, 0, 20, 20, 20, 0, 20, 20, 20, 20, 0, 0, 40, 0, 20, 40, 20, 20, 20, 0, 20, 0, 0, 0, 0, 0, 1700]
[138, 0, 0, 0, 20, 20, 0, 20, 20, 20, 20, 40, 40, 0, 20, 40, 40, 20, 20, 20, 20, 0, 20, 20, 40, 0, 20, 0, 20, 20, 40, 20, 20, 20, 20, 20, 20, 0, 20, 40, 20, 20, 0, 20, 20, 0, 40, 0, 40, 20, 0, 40, 0, 20, 0, 0, 20, 0, 20, 20, 40, 40, 20, 20, 20, 20, 40, 0, 20, 40, 20, 40, 20, 20, 20, 40, 0, 20, 20, 20, 0, 20, 20, 20, 20, 0, 0, 40, 0, 20, 40, 20, 20, 20, 0, 20, 0, 0, 0, 0, 0, 1720]
[139, 0, 0, 0, 20, 20, 0, 20, 20, 20, 20, 40, 40, 0, 20, 40, 40, 20, 20, 20, 20, 0, 40, 20, 40, 0, 20, 0, 20, 20, 40, 20, 20, 20, 20, 20, 20, 0, 20, 40, 20, 20, 0, 20, 20, 0, 40, 0, 40, 20, 0, 40, 0, 20, 0, 0, 20, 0, 20, 20, 40, 40, 20, 20, 20, 20, 40, 0, 20, 40, 20, 40, 20, 20, 20, 40, 0, 20, 20, 20, 0, 20, 20, 20, 20, 0, 0, 40, 0, 20, 40, 20, 20, 20, 0, 20, 0, 0, 0, 0, 0, 1740]
[140, 0, 0, 0, 20, 20, 0, 20, 20, 20, 20, 40, 40, 0, 20, 40, 40, 20, 20, 20, 20, 0, 40, 20, 40, 0, 20, 0, 20, 20, 40, 20, 20, 20, 20, 20, 20, 0, 20, 40, 20, 20, 0, 20, 20, 0, 40, 0, 40, 20, 0, 40, 0, 20, 0, 0, 20, 0, 20, 20, 40, 40, 20, 20, 20, 20, 40, 0, 20, 40, 20, 40, 20, 20, 20, 40, 0, 20, 20, 20, 0, 20, 20, 20, 20, 0, 0, 40, 0, 20, 40, 20, 20, 20, 0, 20, 0, 0, 0, 0, 20, 1760]
[141, 0, 0, 0, 20, 20, 0, 20, 20, 20, 20, 40, 40, 0, 20, 40, 40, 20, 20, 20, 20, 0, 40, 20, 40, 0, 20, 0, 20, 20, 40, 20, 20, 20, 20, 20, 20, 0, 20, 40, 20, 20, 0, 20, 20, 0, 40, 0, 40, 20, 0, 40, 0, 20, 0, 0, 20, 0, 20, 20, 40, 40, 20, 20, 20, 20, 40, 0, 20, 40, 20, 40, 20, 20, 20, 40, 0, 20, 20, 20, 0, 20, 20, 20, 20, 0, 0, 40, 0, 20, 40, 40, 20, 20, 0, 20, 0, 0, 0, 0, 20, 1780]
[143, 0, 0, 0, 20, 20, 0, 20, 20, 20, 20, 40, 40, 0, 20, 40, 40, 20, 20, 20, 20, 0, 40, 20, 40, 0, 20, 0, 20, 20, 40, 20, 20, 20, 20, 20, 20, 0, 20, 40, 20, 20, 0, 20, 20, 0, 40, 0, 40, 20, 0, 40, 0, 40, 0, 0, 20, 0, 20, 20, 40, 40, 20, 20, 20, 20, 40, 0, 20, 40, 20, 40, 20, 20, 20, 40, 0, 20, 20, 20, 0, 20, 20, 20, 20, 0, 0, 40, 0, 20, 40, 40, 20, 20, 0, 20, 0, 0, 0, 0, 20, 1800]
[143, 0, 0, 0, 20, 20, 0, 20, 20, 20, 20, 40, 40, 0, 20, 40, 40, 20, 20, 20, 20, 0, 40, 20, 40, 0, 20, 0, 20, 20, 60, 40, 20, 20, 20, 20, 20, 0, 20, 40, 20, 20, 0, 20, 20, 0, 40, 0, 40, 20, 0, 40, 0, 40, 0, 0, 20, 0, 20, 20, 40, 40, 20, 20, 20, 20, 40, 0, 20, 40, 20, 40, 20, 20, 20, 40, 0, 20, 20, 20, 0, 20, 20, 20, 20, 0, 0, 40, 0, 20, 40, 40, 20, 20, 0, 20, 0, 0, 0, 0, 20, 1840]
[144, 0, 40, 0, 20, 20, 0, 20, 20, 20, 20, 40, 40, 0, 20, 40, 40, 20, 20, 20, 20, 0, 40, 20, 40, 0, 20, 0, 20, 20, 60, 40, 20, 20, 20, 20, 20, 0, 20, 40, 20, 20, 0, 20, 20, 0, 40, 0, 40, 20, 0, 40, 0, 40, 0, 0, 20, 0, 20, 20, 40, 40, 20, 20, 20, 20, 40, 0, 20, 40, 20, 40, 20, 20, 20, 40, 0, 20, 20, 20, 0, 20, 20, 20, 20, 0, 0, 40, 0, 20, 40, 40, 20, 20, 0, 20, 0, 0, 0, 0, 20, 1860]
[145, 0, 40, 0, 20, 20, 0, 20, 20, 20, 20, 40, 40, 0, 20, 40, 40, 20, 20, 20, 20, 0, 40, 20, 40, 0, 20, 0, 20, 20, 60, 40, 20, 20, 20, 20, 20, 0, 20, 40, 20, 20, 0, 20, 20, 0, 40, 0, 40, 20, 0, 40, 0, 40, 0, 0, 20, 0, 20, 20, 40, 40, 20, 40, 20, 40, 40, 0, 20, 40, 20, 40, 20, 20, 20, 40, 0, 20, 20, 20, 0, 20, 20, 20, 20, 0, 0, 40, 0, 20, 40, 40, 20, 20, 0, 20, 0, 0, 0, 0, 20, 1900]
[147, 0, 40, 0, 20, 20, 0, 20, 20, 20, 20, 40, 40, 0, 20, 40, 40, 20, 20, 20, 20, 0, 40, 20, 40, 0, 20, 0, 20, 20, 60, 40, 20, 20, 20, 20, 20, 0, 20, 40, 20, 20, 0, 20, 20, 0, 40, 0, 40, 20, 0, 40, 0, 40, 0, 0, 20, 0, 20, 20, 40, 40, 20, 40, 20, 40, 40, 0, 20, 40, 20, 40, 20, 20, 20, 40, 0, 20, 40, 20, 20, 20, 20, 20, 20, 20, 0, 40, 0, 20, 40, 40, 20, 20, 0, 20, 0, 0, 0, 0, 20, 1960]
[148, 0, 40, 0, 20, 20, 0, 20, 20, 20, 40, 40, 40, 0, 20, 40, 40, 20, 20, 20, 20, 0, 40, 20, 40, 0, 20, 0, 20, 20, 60, 40, 20, 20, 20, 20, 20, 0, 20, 40, 20, 20, 0, 20, 20, 0, 40, 0, 40, 20, 0, 40, 0, 40, 0, 0, 20, 0, 20, 20, 40, 40, 20, 40, 20, 40, 40, 0, 20, 40, 20, 40, 20, 20, 20, 40, 0, 20, 40, 20, 20, 20, 20, 20, 20, 20, 0, 40, 0, 20, 40, 40, 20, 20, 0, 20, 0, 0, 0, 0, 20, 1980]
[150, 0, 40, 0, 20, 20, 0, 20, 20, 20, 40, 40, 40, 0, 20, 40, 40, 20, 20, 20, 20, 0, 40, 40, 40, 0, 20, 0, 20, 20, 60, 40, 20, 20, 20, 20, 20, 0, 20, 40, 20, 20, 0, 20, 20, 0, 40, 0, 40, 20, 0, 40, 0, 40, 0, 0, 20, 0, 20, 20, 40, 40, 20, 40, 20, 40, 40, 0, 20, 40, 20, 40, 20, 20, 20, 40, 0, 20, 40, 20, 20, 20, 20, 20, 20, 20, 0, 40, 0, 20, 40, 40, 20, 20, 0, 20, 0, 0, 0, 0, 20, 2000]
[150, 0, 40, 0, 20, 20, 0, 20, 20, 20, 40, 40, 40, 0, 20, 40, 40, 20, 20, 20, 20, 0, 40, 40, 40, 0, 20, 0, 20, 20, 60, 40, 20, 20, 20, 20, 20, 0, 20, 60, 20, 20, 0, 20, 20, 0, 40, 0, 40, 20, 0, 40, 0, 40, 0, 0, 20, 0, 20, 20, 40, 40, 20, 40, 20, 40, 40, 0, 20, 40, 20, 40, 20, 20, 20, 40, 0, 20, 40, 20, 20, 20, 20, 20, 20, 20, 0, 40, 0, 20, 40, 40, 20, 20, 0, 20, 0, 0, 0, 0, 20, 2020]
[154, 0, 40, 0, 20, 20, 0, 20, 20, 20, 40, 40, 60, 0, 20, 40, 40, 20, 20, 20, 20, 0, 40, 40, 40, 0, 20, 0, 20, 20, 60, 40, 20, 20, 20, 20, 20, 0, 20, 60, 20, 40, 0, 20, 20, 0, 40, 0, 40, 20, 20, 40, 0, 40, 0, 0, 20, 0, 20, 20, 40, 40, 20, 40, 20, 40, 40, 0, 20, 40, 20, 40, 20, 20, 20, 40, 0, 20, 40, 20, 20, 20, 20, 20, 20, 20, 0, 40, 0, 20, 40, 40, 20, 20, 0, 20, 0, 0, 0, 0, 20, 2080]
[154, 0, 40, 0, 20, 20, 0, 20, 20, 20, 40, 40, 60, 0, 20, 40, 40, 20, 20, 20, 20, 0, 40, 40, 40, 0, 20, 0, 20, 20, 60, 40, 20, 20, 20, 20, 20, 0, 20, 60, 20, 40, 0, 20, 20, 0, 40, 0, 40, 20, 20, 40, 0, 40, 0, 0, 20, 0, 20, 20, 40, 40, 20, 40, 20, 40, 40, 0, 20, 40, 20, 40, 40, 20, 20, 40, 0, 20, 40, 20, 20, 20, 20, 20, 20, 20, 0, 40, 0, 20, 40, 40, 20, 20, 0, 20, 0, 0, 0, 0, 20, 2100]
[155, 0, 40, 0, 20, 40, 0, 20, 20, 20, 40, 40, 60, 0, 20, 40, 40, 20, 20, 20, 20, 0, 40, 40, 40, 0, 20, 0, 20, 20, 60, 40, 20, 20, 20, 20, 20, 0, 20, 60, 20, 40, 0, 20, 20, 0, 40, 0, 40, 20, 20, 40, 0, 40, 0, 0, 20, 0, 20, 20, 40, 40, 20, 40, 20, 40, 40, 0, 20, 40, 20, 40, 40, 20, 20, 40, 0, 20, 40, 20, 20, 20, 20, 20, 20, 20, 0, 40, 0, 20, 40, 40, 20, 20, 0, 20, 0, 0, 0, 0, 20, 2120]
[156, 0, 40, 0, 20, 40, 0, 20, 20, 20, 40, 40, 60, 0, 20, 40, 40, 20, 20, 20, 20, 0, 40, 40, 40, 0, 20, 0, 20, 20, 60, 40, 20, 20, 20, 20, 20, 0, 20, 60, 20, 40, 0, 20, 20, 0, 40, 0, 40, 20, 20, 40, 0, 40, 0, 0, 20, 0, 20, 20, 40, 40, 20, 40, 20, 40, 40, 0, 20, 40, 20, 40, 40, 20, 20, 40, 0, 20, 40, 20, 20, 20, 20, 20, 20, 20, 0, 40, 0, 20, 40, 40, 40, 20, 0, 20, 0, 0, 0, 0, 20, 2140]
[157, 0, 40, 0, 20, 40, 0, 20, 20, 20, 40, 40, 60, 0, 20, 40, 40, 20, 20, 20, 20, 0, 40, 40, 40, 0, 20, 0, 20, 20, 60, 40, 20, 20, 20, 20, 20, 0, 20, 60, 20, 40, 0, 20, 20, 0, 40, 0, 40, 20, 20, 40, 0, 40, 0, 0, 20, 0, 20, 20, 40, 40, 20, 40, 20, 40, 40, 0, 20, 40, 20, 40, 40, 20, 20, 40, 0, 20, 40, 20, 20, 20, 40, 20, 20, 20, 0, 40, 0, 20, 40, 40, 40, 20, 0, 20, 40, 0, 0, 0, 20, 2180]
[157, 0, 40, 0, 20, 40, 0, 20, 20, 20, 40, 40, 60, 0, 20, 40, 40, 20, 20, 20, 20, 0, 40, 40, 40, 0, 20, 0, 20, 20, 60, 40, 20, 20, 20, 20, 20, 0, 20, 60, 20, 40, 20, 20, 20, 20, 40, 0, 40, 20, 20, 40, 0, 40, 0, 0, 20, 0, 20, 20, 40, 40, 20, 40, 20, 40, 40, 0, 20, 40, 20, 40, 40, 20, 20, 40, 0, 20, 40, 20, 20, 20, 40, 20, 20, 20, 0, 40, 0, 20, 40, 40, 40, 20, 0, 20, 40, 0, 0, 0, 20, 2220]
[158, 0, 40, 0, 20, 40, 0, 20, 20, 20, 40, 40, 60, 0, 20, 40, 40, 20, 20, 20, 20, 0, 40, 40, 40, 0, 20, 0, 20, 20, 60, 40, 20, 20, 20, 20, 20, 0, 20, 60, 40, 40, 20, 20, 20, 20, 40, 0, 40, 20, 20, 40, 0, 40, 0, 0, 20, 0, 20, 20, 40, 40, 20, 40, 20, 40, 40, 0, 20, 40, 20, 40, 40, 20, 20, 40, 0, 20, 40, 20, 20, 20, 40, 20, 20, 20, 0, 40, 0, 20, 40, 40, 40, 20, 0, 20, 40, 0, 0, 0, 20, 2240]
[159, 0, 40, 0, 20, 40, 0, 20, 20, 20, 40, 40, 60, 0, 20, 40, 40, 20, 20, 20, 20, 0, 40, 40, 40, 0, 20, 0, 20, 20, 60, 40, 20, 20, 20, 20, 20, 0, 20, 60, 40, 40, 20, 20, 20, 20, 40, 0, 40, 20, 20, 40, 0, 40, 0, 0, 20, 0, 20, 20, 60, 40, 20, 40, 20, 40, 40, 0, 20, 40, 20, 40, 40, 20, 20, 40, 0, 20, 40, 20, 20, 20, 40, 20, 20, 20, 0, 40, 0, 20, 40, 40, 40, 20, 0, 20, 40, 0, 0, 0, 20, 2260]
[162, 0, 40, 0, 20, 40, 0, 20, 20, 60, 40, 40, 60, 0, 20, 40, 40, 20, 20, 20, 20, 0, 40, 40, 40, 0, 20, 0, 20, 20, 60, 40, 20, 20, 20, 20, 20, 0, 20, 60, 40, 40, 20, 20, 20, 20, 40, 0, 40, 20, 20, 40, 0, 40, 0, 0, 20, 0, 20, 20, 60, 40, 20, 40, 20, 40, 40, 0, 20, 40, 20, 40, 40, 20, 20, 40, 0, 20, 40, 20, 20, 20, 40, 20, 20, 20, 0, 40, 0, 20, 40, 40, 40, 20, 0, 20, 40, 0, 0, 0, 20, 2280]
[163, 0, 40, 0, 20, 40, 0, 20, 20, 60, 40, 40, 60, 0, 20, 40, 40, 20, 20, 20, 20, 0, 40, 40, 40, 0, 40, 0, 20, 20, 60, 40, 20, 20, 20, 20, 20, 40, 20, 60, 40, 40, 20, 20, 20, 20, 40, 0, 40, 20, 20, 40, 0, 40, 0, 0, 20, 0, 20, 20, 60, 40, 40, 40, 20, 40, 40, 0, 20, 40, 20, 40, 40, 40, 20, 40, 0, 20, 40, 20, 20, 20, 40, 20, 20, 20, 0, 40, 0, 20, 40, 40, 40, 20, 0, 20, 40, 0, 0, 0, 20, 2360]
[163, 0, 40, 0, 20, 40, 0, 20, 20, 60, 40, 40, 60, 0, 20, 60, 40, 20, 20, 20, 20, 0, 40, 40, 40, 0, 40, 0, 20, 20, 60, 40, 20, 20, 20, 20, 20, 40, 20, 60, 40, 40, 20, 20, 20, 20, 40, 0, 40, 20, 20, 40, 0, 40, 0, 0, 20, 0, 20, 20, 60, 40, 40, 40, 20, 40, 40, 0, 20, 40, 20, 40, 40, 40, 20, 40, 0, 20, 40, 20, 20, 20, 40, 20, 20, 20, 0, 40, 0, 20, 40, 40, 40, 20, 0, 40, 40, 0, 0, 0, 20, 2400]
[164, 0, 40, 0, 20, 40, 0, 20, 20, 60, 40, 40, 60, 0, 20, 60, 40, 20, 20, 20, 20, 60, 40, 40, 40, 0, 40, 0, 20, 20, 60, 40, 20, 20, 20, 20, 20, 40, 20, 60, 40, 40, 20, 20, 20, 20, 40, 0, 40, 20, 20, 40, 0, 40, 0, 0, 20, 0, 20, 20, 60, 40, 40, 40, 20, 40, 40, 0, 20, 40, 20, 40, 40, 40, 20, 40, 0, 20, 40, 20, 20, 20, 40, 20, 20, 20, 0, 40, 0, 20, 40, 40, 40, 20, 0, 40, 40, 0, 0, 0, 20, 2420]
[165, 0, 40, 0, 20, 40, 0, 20, 20, 60, 40, 40, 60, 0, 20, 60, 40, 20, 20, 20, 20, 60, 40, 40, 40, 0, 40, 0, 20, 20, 60, 40, 20, 20, 20, 20, 20, 40, 20, 60, 40, 40, 20, 20, 20, 20, 40, 0, 40, 20, 20, 40, 0, 40, 0, 0, 20, 0, 20, 20, 60, 40, 40, 40, 20, 40, 40, 40, 20, 40, 20, 40, 40, 40, 20, 40, 0, 20, 40, 20, 20, 20, 40, 20, 20, 20, 0, 40, 0, 20, 40, 40, 40, 20, 0, 40, 40, 0, 0, 0, 20, 2440]
[167, 0, 40, 0, 20, 40, 0, 20, 20, 60, 40, 40, 60, 0, 20, 60, 40, 20, 20, 20, 20, 60, 40, 40, 40, 0, 40, 0, 20, 20, 60, 40, 20, 20, 20, 20, 20, 40, 20, 60, 40, 40, 20, 20, 20, 20, 40, 0, 40, 20, 20, 40, 0, 40, 0, 0, 20, 0, 20, 20, 60, 40, 40, 40, 20, 40, 40, 40, 20, 40, 20, 40, 40, 40, 20, 40, 0, 20, 40, 20, 20, 20, 40, 20, 20, 20, 0, 40, 20, 20, 40, 40, 40, 20, 0, 40, 40, 0, 0, 0, 20, 2460]
[167, 0, 40, 0, 20, 40, 0, 20, 20, 60, 40, 40, 60, 0, 20, 60, 40, 20, 20, 20, 20, 60, 40, 40, 40, 0, 40, 0, 20, 20, 60, 40, 20, 20, 20, 20, 20, 40, 20, 60, 40, 40, 20, 20, 20, 20, 40, 40, 40, 20, 20, 40, 0, 40, 0, 0, 20, 20, 20, 20, 60, 40, 40, 40, 20, 40, 40, 40, 20, 40, 20, 40, 40, 40, 20, 40, 0, 20, 40, 20, 20, 20, 40, 20, 20, 20, 0, 40, 20, 20, 40, 40, 40, 20, 0, 40, 40, 0, 0, 0, 20, 2500]
[168, 0, 40, 0, 20, 40, 0, 20, 20, 60, 40, 40, 60, 0, 20, 60, 40, 20, 20, 20, 20, 60, 40, 40, 40, 0, 40, 0, 20, 20, 60, 40, 20, 20, 20, 20, 20, 40, 40, 60, 40, 40, 20, 20, 20, 20, 40, 40, 40, 20, 20, 40, 0, 40, 0, 0, 20, 20, 20, 20, 60, 40, 40, 40, 40, 40, 40, 40, 20, 40, 20, 40, 40, 40, 20, 40, 0, 20, 40, 20, 20, 20, 40, 20, 20, 20, 0, 40, 20, 20, 40, 40, 40, 20, 0, 40, 40, 0, 0, 0, 20, 2540]
[170, 0, 40, 0, 20, 40, 0, 20, 20, 60, 40, 40, 60, 0, 20, 60, 40, 20, 20, 20, 20, 60, 40, 40, 40, 0, 40, 0, 20, 40, 60, 40, 20, 20, 20, 20, 20, 40, 40, 60, 40, 40, 20, 20, 20, 20, 40, 40, 40, 20, 20, 40, 0, 40, 0, 0, 20, 20, 20, 20, 60, 40, 40, 40, 40, 40, 40, 40, 20, 40, 20, 40, 40, 40, 20, 40, 0, 20, 40, 20, 20, 20, 40, 20, 20, 20, 0, 40, 20, 20, 40, 40, 40, 20, 0, 40, 40, 0, 0, 0, 20, 2560]
[171, 0, 40, 0, 20, 40, 0, 20, 20, 60, 40, 40, 60, 0, 20, 60, 40, 20, 20, 20, 20, 60, 40, 40, 40, 60, 40, 0, 20, 40, 60, 40, 20, 20, 20, 20, 20, 40, 40, 60, 40, 40, 20, 20, 20, 20, 40, 40, 40, 20, 20, 40, 0, 40, 0, 0, 20, 20, 20, 20, 60, 40, 40, 40, 40, 40, 40, 40, 20, 40, 20, 40, 40, 40, 20, 40, 0, 20, 40, 20, 20, 20, 40, 20, 20, 20, 0, 40, 20, 20, 40, 40, 40, 20, 0, 40, 40, 0, 0, 0, 20, 2580]
[174, 0, 40, 0, 20, 40, 0, 20, 20, 60, 40, 40, 60, 0, 20, 60, 40, 20, 20, 20, 20, 60, 40, 40, 40, 60, 40, 0, 20, 40, 60, 40, 20, 20, 40, 20, 20, 40, 40, 60, 40, 40, 20, 20, 20, 20, 40, 40, 40, 20, 20, 40, 0, 40, 0, 0, 20, 20, 20, 20, 60, 40, 40, 40, 40, 40, 40, 40, 20, 40, 20, 40, 40, 40, 20, 40, 0, 20, 40, 20, 20, 20, 40, 20, 20, 20, 0, 40, 20, 20, 40, 40, 40, 20, 0, 40, 40, 0, 0, 0, 20, 2600]
[175, 0, 40, 0, 20, 40, 0, 20, 20, 60, 40, 40, 60, 0, 20, 60, 40, 20, 20, 20, 20, 60, 40, 40, 40, 60, 40, 0, 20, 40, 60, 40, 20, 20, 40, 20, 20, 40, 40, 60, 40, 40, 20, 20, 20, 20, 40, 40, 40, 20, 20, 60, 0, 40, 0, 0, 20, 20, 20, 20, 60, 40, 40, 40, 40, 40, 40, 40, 20, 40, 20, 40, 40, 40, 20, 40, 0, 20, 40, 20, 20, 20, 40, 20, 20, 20, 0, 40, 20, 20, 40, 40, 40, 20, 0, 40, 40, 0, 0, 0, 20, 2620]
[177, 0, 40, 0, 20, 40, 0, 20, 20, 60, 40, 40, 60, 0, 20, 60, 40, 20, 20, 20, 20, 60, 40, 40, 40, 60, 40, 0, 20, 40, 60, 40, 20, 20, 40, 20, 20, 40, 40, 60, 40, 40, 20, 20, 20, 20, 40, 40, 40, 20, 20, 60, 0, 40, 0, 0, 20, 20, 20, 20, 60, 40, 40, 40, 40, 40, 40, 40, 20, 40, 20, 40, 40, 40, 20, 40, 0, 20, 40, 20, 20, 20, 40, 20, 20, 20, 0, 60, 20, 20, 40, 40, 40, 20, 0, 40, 40, 0, 0, 0, 20, 2640]
[178, 0, 40, 20, 20, 40, 0, 20, 20, 60, 40, 40, 60, 0, 20, 60, 40, 20, 20, 20, 20, 60, 40, 40, 40, 60, 40, 0, 20, 40, 60, 40, 20, 20, 40, 20, 20, 40, 40, 60, 40, 40, 20, 20, 20, 20, 40, 40, 40, 20, 20, 60, 0, 40, 0, 0, 20, 20, 20, 20, 60, 40, 40, 40, 40, 40, 40, 40, 20, 40, 20, 40, 40, 40, 20, 40, 0, 20, 40, 20, 20, 20, 40, 20, 20, 20, 0, 60, 20, 20, 40, 40, 40, 20, 0, 40, 40, 0, 0, 0, 20, 2660]
[180, 0, 40, 20, 20, 40, 0, 20, 20, 60, 40, 40, 60, 0, 20, 60, 40, 20, 20, 20, 20, 60, 40, 40, 40, 60, 40, 0, 20, 40, 60, 40, 20, 20, 40, 20, 20, 40, 40, 60, 40, 40, 20, 20, 20, 20, 40, 40, 40, 20, 20, 60, 0, 40, 0, 0, 20, 20, 20, 20, 60, 40, 40, 40, 40, 40, 40, 40, 20, 40, 20, 40, 40, 40, 20, 40, 0, 20, 40, 20, 20, 20, 40, 20, 20, 20, 20, 60, 20, 20, 40, 40, 40, 20, 0, 40, 40, 0, 0, 0, 20, 2680]
[181, 0, 40, 20, 20, 40, 0, 20, 20, 60, 40, 40, 60, 0, 20, 60, 40, 40, 20, 20, 20, 60, 40, 40, 40, 60, 40, 0, 20, 40, 60, 40, 20, 20, 40, 20, 20, 40, 40, 60, 40, 40, 20, 20, 20, 20, 40, 40, 40, 20, 20, 60, 0, 40, 0, 0, 20, 20, 40, 20, 60, 40, 40, 40, 40, 40, 40, 40, 20, 40, 20, 40, 40, 40, 20, 40, 0, 20, 40, 20, 20, 20, 40, 20, 20, 20, 20, 60, 20, 20, 40, 40, 40, 20, 0, 40, 40, 0, 0, 0, 20, 2720]
[183, 0, 40, 20, 20, 40, 0, 20, 20, 60, 40, 40, 80, 0, 20, 60, 40, 40, 20, 20, 20, 60, 40, 40, 40, 60, 40, 0, 20, 40, 60, 40, 20, 20, 40, 20, 20, 40, 40, 60, 40, 40, 20, 20, 20, 20, 40, 40, 40, 20, 20, 60, 0, 40, 0, 0, 20, 20, 40, 20, 60, 40, 40, 40, 40, 40, 40, 40, 20, 40, 20, 40, 40, 40, 20, 40, 0, 20, 40, 20, 20, 20, 40, 20, 20, 20, 20, 60, 20, 20, 40, 40, 40, 20, 0, 40, 40, 0, 0, 0, 20, 2740]
[184, 0, 40, 20, 20, 40, 0, 20, 20, 60, 40, 40, 80, 0, 40, 60, 40, 40, 20, 20, 20, 60, 40, 40, 40, 60, 40, 0, 20, 40, 60, 40, 20, 20, 40, 20, 20, 40, 40, 60, 40, 40, 20, 20, 20, 20, 40, 40, 40, 20, 20, 60, 0, 40, 0, 0, 20, 20, 40, 20, 60, 40, 40, 40, 40, 40, 40, 40, 20, 40, 20, 40, 40, 40, 20, 40, 0, 20, 40, 20, 20, 20, 40, 20, 20, 20, 20, 60, 20, 20, 40, 40, 40, 20, 40, 40, 40, 0, 0, 0, 20, 2780]
[186, 0, 40, 20, 40, 40, 0, 20, 20, 60, 40, 40, 80, 0, 40, 60, 40, 40, 20, 20, 20, 60, 40, 40, 40, 60, 40, 0, 20, 40, 60, 40, 20, 20, 40, 20, 20, 40, 40, 60, 40, 40, 20, 20, 20, 20, 40, 40, 40, 20, 20, 60, 0, 40, 0, 0, 20, 20, 40, 20, 60, 40, 40, 40, 40, 40, 40, 40, 20, 40, 20, 40, 40, 40, 20, 40, 0, 20, 40, 20, 20, 20, 40, 20, 20, 20, 20, 60, 20, 20, 40, 40, 40, 20, 40, 40, 40, 0, 0, 0, 20, 2800]
[188, 0, 40, 20, 40, 40, 0, 20, 20, 60, 40, 40, 80, 0, 40, 60, 40, 40, 20, 20, 20, 60, 40, 40, 40, 60, 40, 0, 20, 40, 60, 40, 20, 20, 40, 20, 20, 40, 40, 60, 40, 40, 20, 20, 20, 20, 40, 40, 40, 20, 20, 60, 0, 40, 0, 0, 20, 20, 40, 20, 60, 40, 40, 40, 40, 40, 40, 40, 20, 40, 20, 40, 40, 40, 20, 40, 0, 20, 40, 20, 20, 20, 40, 20, 20, 20, 20, 60, 20, 20, 40, 40, 40, 20, 40, 40, 40, 40, 0, 0, 20, 2820]
[188, 0, 40, 20, 40, 40, 0, 20, 20, 60, 40, 40, 80, 0, 40, 60, 40, 40, 20, 20, 20, 60, 40, 40, 40, 60, 40, 0, 20, 40, 80, 40, 20, 20, 40, 20, 20, 40, 40, 60, 40, 40, 20, 20, 20, 20, 40, 40, 40, 20, 20, 60, 0, 40, 0, 0, 20, 20, 40, 20, 60, 40, 40, 40, 40, 40, 40, 40, 20, 40, 20, 40, 40, 40, 20, 40, 0, 20, 40, 20, 20, 20, 40, 20, 20, 20, 20, 60, 20, 40, 40, 40, 40, 20, 40, 40, 40, 40, 0, 0, 20, 2860]
[190, 0, 40, 20, 40, 40, 0, 20, 20, 60, 40, 40, 80, 0, 40, 60, 40, 40, 20, 20, 20, 60, 40, 40, 40, 60, 40, 0, 20, 40, 80, 40, 20, 20, 40, 20, 20, 40, 40, 60, 40, 40, 20, 20, 20, 20, 40, 40, 40, 20, 20, 60, 0, 40, 0, 0, 20, 20, 40, 20, 60, 40, 40, 40, 40, 40, 40, 40, 20, 60, 20, 40, 40, 40, 20, 40, 0, 20, 40, 20, 20, 20, 40, 20, 20, 20, 20, 60, 20, 40, 40, 40, 40, 20, 40, 40, 40, 40, 0, 0, 20, 2880]
[191, 0, 40, 20, 40, 40, 0, 20, 20, 60, 40, 40, 80, 0, 40, 60, 60, 40, 20, 20, 20, 60, 40, 40, 40, 60, 40, 0, 20, 40, 80, 40, 20, 20, 40, 20, 20, 40, 40, 60, 40, 40, 20, 20, 20, 20, 40, 40, 40, 20, 20, 60, 0, 40, 0, 0, 20, 20, 40, 20, 60, 40, 40, 40, 40, 40, 40, 40, 20, 60, 20, 40, 40, 40, 20, 40, 0, 20, 40, 20, 20, 20, 40, 20, 20, 20, 20, 60, 20, 40, 40, 40, 40, 20, 40, 40, 40, 40, 0, 0, 20, 2900]
[191, 0, 40, 20, 40, 40, 0, 20, 20, 60, 40, 40, 80, 0, 40, 60, 60, 40, 20, 20, 20, 60, 40, 40, 40, 60, 40, 0, 20, 40, 80, 40, 20, 20, 40, 20, 20, 40, 40, 60, 40, 40, 20, 20, 20, 20, 40, 40, 40, 20, 20, 60, 0, 40, 40, 0, 20, 20, 40, 20, 60, 40, 40, 40, 40, 40, 40, 40, 20, 60, 20, 40, 40, 40, 20, 40, 0, 20, 40, 20, 20, 20, 40, 20, 20, 20, 20, 60, 20, 40, 40, 40, 40, 60, 40, 40, 40, 40, 0, 0, 20, 2940]
[194, 0, 40, 20, 40, 40, 0, 20, 20, 60, 40, 40, 80, 0, 40, 60, 60, 40, 20, 20, 20, 60, 40, 40, 40, 60, 40, 0, 20, 40, 80, 40, 20, 20, 40, 20, 20, 40, 40, 60, 40, 40, 20, 40, 20, 20, 40, 40, 40, 20, 20, 60, 0, 40, 40, 0, 20, 20, 40, 20, 60, 40, 40, 40, 40, 40, 40, 40, 20, 60, 20, 40, 40, 40, 20, 40, 0, 20, 40, 20, 20, 20, 40, 20, 20, 20, 20, 60, 20, 40, 40, 40, 40, 60, 40, 40, 40, 40, 0, 0, 20, 2960]
[194, 0, 40, 20, 40, 40, 0, 20, 20, 60, 40, 40, 80, 0, 40, 60, 60, 40, 20, 20, 20, 60, 40, 40, 40, 60, 40, 0, 20, 40, 80, 60, 20, 20, 40, 20, 20, 40, 40, 60, 40, 40, 20, 40, 20, 20, 40, 40, 40, 20, 20, 60, 0, 40, 40, 0, 20, 20, 40, 20, 60, 40, 40, 40, 40, 40, 40, 40, 20, 60, 20, 40, 40, 40, 20, 40, 0, 20, 40, 20, 20, 20, 40, 20, 20, 20, 20, 60, 20, 40, 40, 40, 40, 60, 40, 40, 40, 40, 40, 0, 20, 3000]
[196, 0, 40, 20, 40, 40, 0, 20, 20, 60, 40, 40, 80, 0, 40, 60, 60, 40, 20, 20, 20, 60, 40, 40, 40, 60, 40, 0, 20, 40, 80, 60, 20, 20, 40, 20, 20, 40, 40, 60, 40, 40, 20, 40, 20, 20, 40, 40, 40, 20, 20, 60, 0, 40, 40, 0, 20, 20, 40, 20, 60, 40, 40, 40, 40, 40, 40, 40, 20, 60, 20, 40, 40, 40, 20, 40, 60, 20, 40, 20, 20, 20, 40, 20, 20, 20, 20, 60, 20, 40, 40, 40, 40, 60, 40, 40, 40, 40, 40, 0, 20, 3020]
[197, 0, 40, 20, 40, 40, 0, 20, 20, 60, 40, 40, 80, 0, 40, 60, 60, 40, 20, 20, 20, 60, 40, 40, 40, 60, 40, 0, 20, 40, 80, 60, 20, 20, 40, 20, 20, 40, 40, 60, 40, 40, 20, 40, 20, 20, 40, 40, 40, 20, 20, 60, 0, 40, 40, 0, 20, 20, 40, 20, 60, 40, 40, 40, 40, 40, 40, 40, 20, 60, 20, 40, 40, 40, 20, 40, 60, 60, 40, 20, 20, 20, 40, 20, 20, 20, 20, 60, 20, 40, 40, 40, 40, 60, 40, 40, 40, 40, 40, 0, 20, 3040]
[199, 0, 40, 20, 40, 40, 0, 20, 20, 60, 40, 40, 80, 0, 40, 60, 60, 40, 20, 20, 20, 60, 40, 40, 40, 60, 40, 0, 20, 40, 80, 60, 20, 20, 40, 40, 20, 40, 40, 60, 40, 40, 20, 40, 20, 20, 40, 40, 40, 20, 20, 60, 0, 40, 40, 0, 20, 20, 40, 20, 60, 40, 40, 40, 40, 40, 40, 40, 20, 60, 20, 40, 40, 40, 20, 40, 60, 60, 40, 20, 20, 20, 40, 20, 20, 20, 20, 60, 20, 40, 40, 40, 40, 60, 40, 40, 40, 40, 40, 0, 20, 3060]
[201, 0, 40, 20, 40, 40, 0, 20, 20, 60, 40, 40, 80, 0, 40, 60, 60, 40, 20, 20, 20, 60, 40, 40, 40, 60, 40, 0, 20, 40, 80, 60, 20, 20, 40, 40, 20, 40, 40, 60, 40, 40, 20, 40, 20, 20, 40, 40, 40, 20, 20, 60, 0, 40, 40, 0, 20, 20, 40, 20, 60, 40, 40, 40, 40, 40, 40, 40, 20, 60, 20, 40, 40, 40, 40, 40, 60, 60, 40, 20, 20, 20, 40, 20, 20, 20, 20, 60, 20, 40, 40, 40, 40, 60, 40, 40, 40, 40, 40, 0, 20, 3080]
[205, 0, 40, 20, 40, 40, 0, 20, 20, 60, 40, 40, 80, 60, 40, 60, 60, 40, 20, 20, 20, 60, 40, 40, 40, 60, 40, 0, 20, 40, 80, 60, 20, 20, 40, 40, 20, 40, 40, 60, 40, 40, 20, 40, 20, 20, 40, 40, 40, 40, 20, 60, 0, 40, 40, 0, 20, 20, 40, 20, 60, 40, 40, 40, 40, 40, 40, 40, 20, 60, 20, 40, 40, 40, 40, 40, 60, 60, 40, 20, 20, 20, 40, 20, 20, 20, 20, 60, 20, 40, 40, 40, 40, 60, 40, 40, 40, 40, 40, 0, 20, 3120]
[206, 0, 40, 20, 40, 40, 0, 20, 20, 60, 40, 40, 80, 60, 40, 60, 60, 40, 20, 20, 20, 60, 40, 40, 40, 60, 40, 0, 20, 40, 80, 60, 20, 20, 40, 40, 20, 40, 40, 60, 40, 40, 20, 40, 40, 20, 40, 40, 40, 40, 20, 60, 0, 40, 40, 0, 20, 20, 40, 20, 60, 40, 40, 40, 40, 40, 40, 40, 20, 60, 20, 40, 40, 40, 40, 40, 60, 60, 40, 20, 20, 20, 40, 20, 20, 20, 20, 60, 20, 40, 40, 40, 40, 60, 40, 40, 40, 40, 40, 0, 20, 3140]
[208, 0, 40, 20, 40, 40, 0, 20, 20, 60, 40, 40, 80, 60, 40, 60, 60, 40, 20, 40, 20, 60, 40, 40, 40, 60, 40, 0, 60, 40, 80, 60, 20, 20, 40, 40, 20, 40, 40, 60, 40, 40, 20, 40, 40, 20, 40, 40, 40, 40, 20, 60, 0, 40, 40, 0, 20, 20, 40, 20, 60, 40, 40, 40, 40, 40, 40, 40, 20, 60, 20, 40, 40, 40, 40, 40, 60, 60, 40, 20, 20, 60, 40, 20, 20, 20, 20, 60, 20, 40, 40, 40, 40, 60, 40, 40, 40, 40, 40, 0, 20, 3200]
[208, 0, 40, 20, 40, 40, 0, 20, 20, 60, 40, 40, 80, 60, 40, 60, 60, 40, 20, 40, 20, 60, 40, 40, 40, 60, 40, 0, 60, 40, 80, 60, 20, 20, 40, 40, 20, 40, 40, 60, 40, 40, 20, 40, 40, 20, 40, 40, 40, 40, 20, 60, 0, 40, 40, 0, 20, 20, 40, 20, 60, 40, 40, 40, 40, 40, 60, 40, 20, 60, 20, 40, 40, 40, 40, 40, 60, 60, 40, 20, 20, 60, 40, 20, 20, 20, 20, 60, 20, 40, 40, 40, 40, 60, 40, 40, 40, 40, 40, 0, 20, 3220]
[211, 0, 40, 20, 40, 40, 0, 20, 20, 60, 40, 40, 80, 60, 40, 60, 60, 40, 20, 40, 20, 60, 40, 40, 40, 60, 40, 0, 60, 40, 80, 60, 20, 20, 40, 40, 20, 40, 40, 60, 40, 40, 20, 40, 40, 20, 40, 40, 40, 40, 20, 60, 0, 40, 40, 0, 20, 20, 40, 20, 60, 40, 40, 40, 40, 40, 60, 40, 20, 60, 20, 40, 40, 40, 40, 40, 60, 60, 40, 20, 20, 60, 40, 20, 20, 20, 20, 60, 20, 40, 40, 60, 40, 60, 40, 40, 40, 40, 40, 0, 20, 3240]
[211, 0, 40, 20, 40, 40, 0, 20, 20, 60, 40, 40, 80, 60, 40, 60, 60, 40, 20, 40, 20, 60, 60, 40, 40, 60, 40, 0, 60, 40, 80, 60, 20, 20, 40, 40, 20, 40, 40, 60, 40, 40, 20, 40, 40, 20, 40, 40, 40, 40, 20, 60, 0, 40, 40, 0, 20, 20, 40, 20, 60, 40, 40, 40, 40, 40, 60, 40, 20, 60, 20, 40, 40, 40, 40, 40, 60, 60, 40, 20, 20, 60, 40, 20, 20, 20, 20, 60, 20, 40, 40, 60, 40, 60, 40, 40, 40, 40, 40, 0, 20, 3260]
[212, 0, 40, 20, 40, 40, 0, 20, 20, 60, 40, 40, 80, 60, 40, 60, 60, 40, 20, 40, 20, 60, 60, 40, 60, 60, 40, 0, 60, 40, 80, 60, 20, 20, 40, 40, 20, 40, 40, 60, 40, 40, 20, 40, 40, 20, 40, 40, 40, 40, 20, 60, 0, 40, 40, 0, 20, 20, 40, 20, 60, 40, 40, 40, 40, 40, 60, 40, 20, 60, 20, 40, 40, 40, 40, 40, 60, 60, 40, 20, 20, 60, 40, 20, 20, 20, 20, 60, 20, 40, 40, 60, 40, 60, 40, 40, 40, 40, 40, 0, 20, 3280]
[214, 0, 40, 20, 40, 40, 0, 20, 20, 60, 40, 40, 80, 60, 40, 60, 60, 40, 20, 40, 20, 60, 60, 40, 60, 60, 40, 0, 60, 40, 80, 60, 20, 20, 40, 40, 20, 40, 40, 60, 40, 40, 20, 40, 40, 20, 40, 40, 40, 40, 20, 60, 0, 40, 40, 0, 20, 20, 40, 20, 60, 40, 40, 40, 40, 40, 60, 40, 20, 60, 20, 40, 40, 40, 40, 40, 60, 60, 40, 20, 20, 60, 40, 20, 20, 20, 20, 60, 20, 40, 40, 60, 40, 60, 40, 40, 40, 40, 40, 0, 40, 3300]
[214, 0, 40, 20, 40, 40, 0, 20, 20, 60, 40, 40, 80, 60, 40, 60, 60, 40, 20, 40, 20, 60, 60, 40, 60, 60, 40, 0, 60, 40, 80, 60, 20, 20, 40, 40, 20, 40, 40, 60, 40, 40, 20, 40, 40, 20, 40, 40, 40, 40, 20, 60, 40, 40, 40, 0, 20, 20, 40, 20, 60, 40, 40, 40, 40, 40, 60, 40, 20, 60, 20, 40, 40, 40, 40, 40, 60, 60, 40, 20, 20, 60, 40, 20, 20, 20, 20, 60, 20, 40, 40, 60, 40, 60, 40, 40, 40, 40, 40, 0, 40, 3320]
[215, 0, 40, 20, 40, 40, 0, 20, 20, 60, 40, 40, 80, 60, 40, 60, 60, 40, 20, 40, 20, 60, 60, 40, 60, 60, 40, 0, 60, 40, 80, 60, 20, 20, 40, 40, 20, 40, 40, 60, 40, 40, 20, 40, 40, 20, 40, 40, 40, 40, 20, 60, 40, 40, 40, 0, 20, 20, 40, 20, 60, 40, 40, 40, 40, 40, 60, 40, 20, 60, 20, 40, 40, 40, 40, 40, 60, 60, 40, 20, 20, 60, 40, 20, 20, 20, 20, 60, 20, 40, 60, 60, 40, 60, 40, 40, 40, 40, 40, 0, 40, 3340]
[216, 0, 40, 20, 40, 40, 0, 20, 20, 60, 40, 40, 80, 60, 40, 60, 60, 40, 20, 40, 20, 60, 60, 40, 60, 60, 40, 0, 60, 40, 80, 60, 20, 20, 40, 40, 20, 40, 40, 60, 40, 40, 20, 40, 40, 20, 40, 40, 40, 40, 20, 60, 40, 40, 40, 0, 20, 20, 40, 20, 60, 40, 40, 40, 40, 40, 60, 40, 20, 60, 20, 40, 40, 40, 40, 60, 60, 60, 40, 20, 20, 60, 40, 20, 20, 20, 20, 60, 20, 40, 60, 60, 40, 60, 40, 40, 60, 40, 40, 0, 40, 3380]
[220, 0, 40, 20, 40, 60, 0, 20, 20, 60, 40, 40, 80, 60, 40, 60, 60, 40, 20, 40, 20, 60, 60, 40, 60, 60, 40, 0, 60, 40, 80, 60, 20, 20, 40, 40, 20, 40, 40, 60, 40, 40, 20, 40, 40, 20, 40, 40, 40, 40, 20, 60, 40, 40, 40, 0, 20, 20, 40, 20, 60, 40, 40, 40, 40, 40, 60, 40, 20, 60, 20, 40, 40, 40, 40, 60, 60, 60, 40, 20, 20, 60, 40, 20, 20, 20, 20, 60, 20, 40, 60, 60, 40, 60, 40, 40, 60, 40, 40, 0, 40, 3400]
[220, 0, 40, 20, 40, 60, 0, 20, 20, 60, 40, 60, 80, 60, 40, 80, 60, 40, 20, 40, 20, 60, 60, 40, 60, 60, 40, 0, 60, 40, 80, 60, 20, 20, 40, 40, 20, 40, 40, 60, 40, 40, 20, 40, 40, 20, 40, 40, 40, 40, 20, 60, 40, 40, 40, 0, 20, 20, 40, 20, 60, 40, 40, 40, 40, 40, 60, 40, 20, 60, 40, 40, 40, 40, 40, 60, 60, 60, 40, 20, 20, 60, 40, 20, 20, 20, 20, 60, 20, 40, 60, 60, 40, 60, 40, 40, 60, 40, 40, 0, 40, 3460]
[221, 0, 40, 20, 40, 60, 0, 20, 20, 60, 40, 60, 80, 60, 40, 80, 60, 40, 20, 40, 20, 60, 60, 40, 60, 60, 40, 0, 60, 40, 80, 60, 20, 20, 40, 40, 20, 40, 40, 60, 40, 40, 20, 40, 40, 40, 40, 40, 40, 40, 20, 60, 40, 40, 40, 0, 20, 20, 40, 20, 60, 40, 40, 40, 40, 40, 60, 40, 20, 60, 40, 40, 40, 40, 40, 60, 60, 60, 40, 20, 20, 60, 40, 20, 20, 20, 20, 60, 20, 40, 60, 60, 40, 60, 40, 40, 60, 40, 40, 0, 40, 3480]
[222, 0, 40, 20, 40, 60, 0, 20, 20, 60, 40, 60, 80, 60, 40, 80, 60, 40, 20, 40, 20, 60, 60, 40, 60, 60, 40, 0, 60, 40, 80, 60, 20, 20, 40, 40, 20, 40, 40, 60, 40, 60, 20, 40, 40, 40, 40, 40, 40, 40, 20, 60, 40, 40, 40, 0, 20, 20, 40, 20, 60, 40, 40, 40, 40, 60, 60, 40, 20, 60, 40, 40, 40, 40, 40, 60, 60, 60, 40, 20, 20, 60, 40, 20, 20, 20, 20, 60, 20, 40, 60, 60, 40, 60, 40, 40, 60, 40, 40, 0, 40, 3520]
[223, 0, 40, 20, 40, 60, 0, 20, 20, 60, 40, 60, 80, 60, 40, 80, 60, 40, 20, 40, 20, 60, 60, 40, 60, 60, 40, 0, 60, 40, 80, 60, 20, 20, 40, 40, 20, 40, 40, 60, 40, 60, 20, 40, 40, 40, 40, 40, 40, 40, 20, 60, 40, 40, 40, 0, 20, 20, 40, 20, 60, 60, 40, 40, 40, 60, 60, 40, 20, 60, 40, 40, 40, 40, 40, 60, 60, 60, 40, 20, 20, 60, 40, 20, 20, 20, 20, 60, 20, 40, 60, 60, 40, 60, 40, 40, 60, 40, 40, 0, 40, 3540]
[224, 0, 40, 40, 40, 60, 0, 20, 20, 60, 40, 60, 80, 60, 40, 80, 60, 40, 20, 40, 20, 60, 60, 40, 60, 60, 40, 0, 60, 40, 80, 60, 20, 20, 40, 40, 20, 40, 40, 60, 40, 60, 20, 40, 40, 40, 40, 40, 40, 40, 20, 60, 40, 40, 40, 0, 20, 20, 40, 20, 60, 60, 40, 40, 40, 60, 60, 40, 20, 60, 40, 40, 40, 40, 40, 60, 60, 60, 40, 20, 20, 60, 40, 20, 20, 20, 20, 60, 20, 40, 60, 60, 40, 60, 40, 40, 60, 40, 40, 0, 40, 3560]
[224, 0, 40, 40, 40, 60, 0, 20, 20, 60, 40, 60, 80, 60, 40, 80, 60, 40, 20, 40, 20, 60, 60, 40, 60, 60, 40, 0, 60, 40, 80, 60, 20, 20, 40, 40, 20, 40, 40, 60, 40, 60, 20, 40, 40, 40, 40, 40, 40, 40, 20, 60, 40, 40, 40, 0, 20, 20, 40, 20, 80, 60, 40, 40, 40, 60, 60, 40, 20, 60, 40, 40, 40, 40, 40, 60, 60, 60, 40, 20, 20, 60, 40, 20, 20, 20, 20, 60, 20, 40, 60, 60, 60, 60, 40, 40, 60, 40, 40, 0, 40, 3600]
[225, 0, 40, 40, 40, 60, 60, 20, 20, 60, 40, 60, 80, 60, 40, 80, 60, 40, 20, 40, 20, 60, 60, 40, 60, 60, 40, 0, 60, 40, 80, 60, 20, 20, 40, 40, 20, 40, 40, 60, 40, 60, 20, 40, 40, 40, 40, 40, 40, 40, 20, 60, 40, 40, 40, 0, 20, 20, 40, 20, 80, 60, 40, 40, 40, 60, 60, 40, 20, 60, 40, 40, 40, 40, 40, 60, 60, 60, 40, 20, 20, 60, 40, 20, 20, 20, 20, 80, 20, 40, 60, 60, 60, 60, 40, 40, 60, 40, 40, 0, 40, 3640]
[226, 0, 40, 40, 40, 60, 60, 20, 20, 60, 40, 60, 80, 60, 40, 80, 60, 40, 20, 40, 20, 60, 60, 40, 60, 60, 40, 0, 60, 40, 80, 60, 20, 20, 40, 40, 20, 40, 40, 60, 40, 60, 20, 40, 40, 40, 40, 40, 40, 40, 20, 60, 40, 40, 40, 0, 20, 20, 40, 20, 80, 60, 40, 40, 40, 60, 60, 40, 20, 60, 40, 40, 40, 40, 40, 60, 60, 60, 40, 20, 20, 60, 40, 20, 20, 40, 20, 80, 20, 40, 60, 60, 60, 60, 40, 40, 60, 40, 40, 0, 40, 3660]
[226, 0, 40, 40, 40, 60, 60, 20, 20, 60, 40, 60, 80, 60, 40, 80, 60, 40, 20, 40, 20, 60, 60, 40, 60, 60, 40, 0, 60, 40, 80, 60, 40, 20, 40, 40, 20, 40, 40, 60, 40, 60, 20, 40, 40, 40, 40, 40, 40, 40, 20, 60, 40, 40, 40, 0, 20, 20, 40, 20, 80, 60, 40, 40, 40, 60, 60, 40, 20, 60, 40, 40, 40, 40, 40, 60, 60, 60, 40, 20, 20, 60, 40, 20, 20, 40, 20, 80, 20, 40, 60, 60, 60, 60, 40, 40, 60, 40, 40, 0, 40, 3680]
[227, 0, 40, 40, 40, 60, 60, 20, 20, 60, 40, 60, 80, 60, 40, 80, 60, 40, 20, 40, 20, 60, 60, 40, 60, 60, 40, 0, 60, 40, 80, 60, 40, 20, 40, 40, 20, 40, 40, 60, 40, 60, 20, 40, 40, 40, 40, 40, 40, 40, 20, 60, 40, 40, 40, 0, 20, 20, 40, 20, 80, 60, 40, 40, 40, 60, 60, 40, 40, 60, 40, 40, 40, 40, 40, 60, 60, 60, 40, 20, 20, 60, 40, 20, 20, 40, 20, 80, 20, 40, 60, 60, 60, 60, 40, 40, 60, 40, 40, 0, 40, 3700]
[228, 0, 40, 40, 40, 60, 60, 20, 20, 60, 40, 60, 80, 60, 40, 80, 60, 40, 20, 40, 20, 60, 60, 40, 60, 60, 40, 0, 60, 40, 80, 60, 40, 20, 40, 40, 20, 40, 40, 60, 40, 60, 20, 40, 40, 40, 40, 40, 40, 40, 20, 60, 40, 40, 40, 0, 20, 20, 40, 20, 80, 60, 40, 40, 40, 60, 60, 40, 40, 60, 40, 60, 40, 40, 40, 60, 60, 60, 40, 20, 20, 60, 40, 20, 20, 40, 20, 80, 20, 40, 60, 60, 60, 60, 40, 40, 60, 40, 40, 0, 40, 3720]
[229, 0, 40, 40, 40, 60, 60, 20, 20, 60, 40, 60, 80, 60, 40, 80, 60, 40, 20, 40, 20, 80, 60, 40, 60, 60, 40, 0, 60, 40, 80, 60, 40, 20, 40, 40, 20, 40, 40, 60, 40, 60, 20, 40, 40, 40, 40, 40, 40, 40, 20, 60, 40, 40, 40, 0, 20, 20, 40, 20, 80, 60, 40, 40, 40, 60, 60, 40, 40, 60, 40, 60, 40, 40, 40, 60, 60, 60, 40, 20, 20, 60, 40, 20, 20, 40, 20, 80, 20, 40, 60, 60, 60, 60, 40, 40, 60, 40, 40, 0, 40, 3740]
[231, 0, 40, 40, 40, 60, 60, 20, 20, 60, 40, 60, 80, 60, 40, 80, 60, 40, 20, 40, 40, 80, 60, 40, 60, 60, 40, 0, 60, 40, 80, 60, 40, 20, 40, 40, 20, 40, 40, 60, 40, 60, 20, 40, 40, 40, 60, 40, 40, 40, 20, 60, 40, 40, 40, 0, 20, 20, 40, 20, 80, 60, 40, 40, 40, 60, 60, 40, 40, 60, 40, 60, 40, 40, 40, 60, 60, 60, 40, 20, 20, 60, 40, 20, 20, 40, 20, 80, 20, 40, 60, 60, 60, 60, 40, 40, 60, 40, 40, 0, 40, 3780]
[234, 0, 40, 40, 40, 60, 60, 20, 20, 60, 40, 60, 80, 60, 40, 80, 60, 40, 20, 40, 40, 80, 60, 40, 60, 60, 60, 0, 60, 40, 80, 60, 40, 20, 40, 40, 20, 40, 40, 60, 40, 60, 20, 40, 40, 40, 60, 40, 40, 40, 20, 60, 40, 40, 40, 0, 20, 20, 40, 20, 80, 60, 40, 40, 40, 60, 60, 40, 40, 60, 40, 60, 40, 40, 40, 60, 60, 60, 60, 20, 20, 60, 40, 20, 20, 40, 20, 80, 20, 40, 60, 60, 60, 60, 40, 40, 60, 40, 40, 0, 40, 3820]
[236, 0, 40, 40, 40, 60, 60, 20, 20, 60, 40, 60, 80, 60, 40, 80, 60, 40, 20, 40, 40, 80, 60, 40, 60, 60, 60, 0, 60, 40, 80, 60, 40, 20, 40, 40, 20, 40, 40, 60, 40, 60, 20, 40, 40, 40, 60, 40, 40, 40, 20, 60, 40, 40, 40, 0, 20, 20, 40, 20, 80, 60, 40, 40, 60, 60, 60, 40, 40, 60, 40, 60, 40, 40, 40, 60, 60, 60, 60, 20, 20, 60, 40, 40, 20, 40, 20, 80, 20, 40, 60, 60, 60, 60, 40, 40, 60, 40, 40, 0, 40, 3860]
[237, 0, 40, 40, 40, 60, 60, 20, 20, 60, 40, 60, 80, 60, 40, 80, 60, 40, 20, 40, 40, 80, 60, 40, 60, 60, 60, 0, 60, 40, 80, 60, 40, 20, 40, 40, 20, 40, 40, 60, 40, 60, 20, 40, 40, 40, 60, 40, 40, 40, 20, 60, 40, 40, 40, 0, 20, 20, 40, 20, 80, 60, 40, 40, 60, 60, 60, 40, 40, 60, 40, 60, 60, 40, 40, 60, 60, 60, 60, 20, 20, 60, 40, 40, 20, 40, 20, 80, 20, 40, 60, 60, 60, 60, 40, 40, 60, 40, 40, 0, 40, 3880]
[239, 0, 60, 40, 40, 60, 60, 40, 20, 60, 40, 60, 80, 60, 40, 80, 60, 40, 20, 40, 40, 80, 60, 40, 60, 60, 60, 0, 60, 40, 80, 60, 40, 20, 40, 40, 20, 40, 40, 60, 40, 60, 20, 40, 40, 40, 60, 40, 40, 40, 20, 60, 40, 40, 40, 0, 20, 20, 40, 20, 80, 60, 40, 40, 60, 60, 60, 40, 40, 60, 40, 60, 60, 40, 40, 60, 60, 60, 60, 20, 20, 60, 40, 40, 20, 40, 20, 80, 20, 40, 60, 60, 60, 60, 40, 40, 60, 40, 40, 0, 40, 3920]
[240, 0, 60, 40, 40, 60, 60, 40, 20, 60, 40, 60, 80, 60, 40, 80, 60, 40, 20, 40, 40, 80, 60, 40, 60, 60, 60, 0, 60, 40, 80, 60, 40, 20, 40, 40, 20, 40, 40, 100, 40, 60, 20, 40, 40, 40, 60, 40, 40, 40, 20, 60, 40, 40, 40, 0, 20, 20, 40, 20, 80, 60, 40, 40, 60, 60, 60, 40, 40, 60, 40, 60, 60, 40, 40, 60, 60, 60, 60, 20, 20, 60, 40, 40, 20, 40, 20, 80, 20, 40, 60, 60, 60, 60, 40, 40, 60, 40, 40, 0, 40, 3940]
[241, 0, 60, 40, 40, 60, 60, 40, 20, 60, 40, 60, 80, 60, 40, 80, 60, 40, 20, 40, 40, 80, 60, 40, 60, 60, 60, 0, 60, 40, 80, 60, 40, 20, 40, 40, 20, 40, 40, 100, 40, 60, 20, 40, 40, 40, 60, 40, 40, 40, 20, 60, 40, 40, 40, 0, 20, 20, 40, 20, 80, 60, 40, 40, 60, 60, 60, 40, 40, 60, 40, 60, 60, 40, 40, 60, 60, 60, 60, 20, 20, 60, 60, 40, 20, 40, 20, 80, 20, 40, 60, 60, 60, 60, 40, 40, 60, 40, 40, 0, 40, 3960]
[243, 0, 60, 40, 40, 60, 60, 40, 20, 60, 40, 60, 80, 60, 40, 80, 60, 40, 20, 40, 40, 80, 60, 40, 60, 60, 60, 0, 60, 40, 80, 60, 40, 20, 40, 40, 60, 40, 40, 100, 40, 60, 20, 40, 40, 40, 60, 40, 40, 40, 20, 60, 40, 40, 40, 0, 20, 20, 40, 20, 80, 60, 40, 40, 60, 60, 60, 40, 40, 60, 40, 60, 60, 40, 40, 60, 60, 60, 60, 20, 20, 60, 60, 40, 20, 40, 20, 80, 20, 40, 60, 60, 60, 60, 40, 60, 60, 40, 40, 0, 40, 4000]
[244, 0, 60, 40, 40, 60, 60, 40, 20, 60, 40, 60, 80, 60, 40, 80, 60, 40, 20, 40, 40, 80, 60, 40, 60, 60, 60, 0, 60, 40, 80, 60, 40, 20, 40, 40, 60, 40, 40, 100, 40, 60, 20, 40, 40, 40, 60, 40, 40, 40, 20, 60, 40, 40, 60, 0, 20, 20, 40, 20, 80, 60, 40, 40, 60, 60, 60, 40, 40, 60, 40, 60, 60, 40, 40, 60, 60, 60, 60, 20, 20, 60, 60, 40, 20, 40, 20, 80, 20, 40, 60, 60, 60, 60, 40, 60, 60, 40, 40, 0, 40, 4020]
[246, 0, 60, 40, 40, 60, 60, 40, 20, 60, 40, 60, 80, 60, 40, 80, 60, 40, 20, 40, 40, 80, 60, 40, 60, 60, 60, 0, 60, 40, 80, 60, 40, 20, 40, 40, 60, 40, 40, 100, 40, 60, 20, 40, 40, 40, 60, 40, 40, 40, 40, 60, 40, 40, 60, 0, 20, 20, 40, 20, 80, 60, 40, 40, 60, 60, 60, 40, 40, 60, 40, 60, 60, 40, 40, 60, 60, 60, 60, 20, 20, 60, 60, 40, 20, 40, 20, 80, 20, 40, 60, 60, 60, 60, 40, 60, 60, 40, 40, 0, 40, 4040]
[246, 0, 60, 40, 40, 60, 60, 40, 20, 60, 40, 60, 80, 60, 40, 80, 60, 40, 20, 40, 40, 80, 60, 40, 60, 60, 60, 0, 60, 40, 80, 60, 40, 20, 40, 40, 60, 40, 40, 100, 40, 60, 20, 40, 40, 40, 60, 40, 40, 40, 40, 60, 40, 40, 60, 0, 20, 20, 40, 20, 80, 60, 40, 40, 60, 60, 60, 40, 40, 60, 40, 60, 60, 40, 40, 60, 60, 60, 60, 20, 40, 60, 60, 40, 20, 40, 20, 80, 20, 40, 60, 60, 60, 60, 40, 60, 60, 40, 40, 0, 40, 4060]
[248, 0, 60, 40, 40, 60, 60, 40, 20, 60, 40, 60, 80, 60, 40, 80, 60, 40, 20, 40, 40, 80, 60, 40, 60, 60, 60, 0, 60, 40, 80, 60, 40, 20, 40, 40, 60, 40, 60, 100, 40, 60, 20, 40, 40, 40, 60, 40, 40, 40, 40, 60, 40, 40, 60, 0, 20, 20, 40, 20, 80, 60, 40, 40, 60, 60, 60, 40, 40, 60, 40, 60, 60, 40, 40, 60, 60, 60, 60, 20, 40, 60, 60, 40, 20, 40, 20, 80, 20, 40, 60, 60, 60, 60, 40, 60, 60, 40, 40, 0, 40, 4080]
[249, 0, 60, 40, 40, 60, 60, 40, 20, 60, 40, 60, 80, 60, 40, 80, 60, 40, 20, 40, 40, 80, 60, 40, 60, 60, 60, 0, 60, 40, 80, 60, 40, 20, 60, 40, 60, 40, 60, 100, 40, 60, 20, 40, 40, 40, 60, 40, 40, 40, 40, 60, 40, 40, 60, 0, 20, 20, 40, 20, 80, 60, 40, 40, 60, 60, 60, 40, 40, 60, 40, 60, 60, 40, 40, 60, 60, 60, 60, 20, 40, 60, 60, 40, 20, 40, 20, 80, 20, 40, 60, 60, 60, 60, 40, 60, 60, 40, 40, 0, 40, 4100]
[250, 0, 60, 40, 40, 60, 60, 40, 20, 60, 40, 60, 80, 60, 40, 80, 60, 40, 20, 40, 40, 80, 60, 40, 60, 60, 60, 0, 60, 40, 100, 60, 40, 20, 60, 40, 60, 40, 60, 100, 40, 60, 20, 40, 40, 40, 60, 40, 40, 40, 40, 60, 40, 40, 60, 0, 20, 20, 40, 20, 80, 60, 40, 40, 60, 60, 60, 40, 40, 60, 40, 60, 60, 40, 40, 60, 60, 60, 60, 20, 40, 60, 60, 40, 20, 40, 20, 80, 20, 40, 60, 60, 60, 60, 40, 60, 60, 40, 40, 0, 40, 4120]
[251, 0, 60, 40, 40, 60, 60, 40, 20, 60, 40, 60, 80, 60, 40, 80, 60, 40, 20, 40, 40, 80, 60, 60, 60, 60, 60, 0, 60, 40, 100, 60, 40, 20, 60, 40, 60, 40, 60, 100, 40, 60, 20, 40, 40, 40, 60, 40, 40, 40, 40, 60, 40, 40, 60, 0, 20, 20, 40, 20, 80, 60, 40, 40, 60, 60, 60, 40, 40, 60, 40, 60, 60, 40, 40, 60, 60, 60, 60, 20, 40, 60, 60, 40, 20, 40, 20, 80, 20, 40, 60, 60, 60, 60, 40, 60, 60, 40, 40, 0, 40, 4140]
[252, 0, 60, 40, 40, 60, 60, 40, 20, 60, 40, 60, 100, 60, 40, 80, 60, 40, 20, 40, 40, 80, 60, 60, 60, 60, 60, 0, 60, 40, 100, 60, 40, 20, 60, 40, 60, 40, 60, 100, 40, 60, 20, 40, 40, 40, 60, 40, 40, 40, 40, 60, 40, 40, 60, 0, 20, 20, 40, 20, 80, 60, 40, 40, 60, 60, 60, 40, 40, 60, 40, 60, 60, 40, 40, 60, 60, 60, 60, 20, 40, 60, 60, 40, 20, 40, 20, 80, 20, 40, 60, 60, 60, 60, 40, 60, 60, 40, 40, 0, 40, 4160]
[252, 0, 60, 40, 40, 60, 60, 40, 20, 60, 40, 60, 100, 60, 40, 80, 60, 40, 20, 40, 40, 80, 60, 60, 60, 60, 60, 0, 60, 40, 100, 60, 40, 20, 60, 40, 60, 40, 60, 100, 40, 60, 20, 40, 40, 40, 60, 40, 40, 40, 40, 80, 40, 40, 60, 0, 20, 20, 40, 20, 80, 60, 40, 40, 60, 60, 60, 40, 40, 60, 40, 60, 60, 40, 40, 60, 60, 60, 60, 20, 40, 60, 60, 40, 20, 40, 20, 80, 20, 40, 60, 60, 60, 60, 40, 60, 60, 40, 40, 0, 40, 4180]
[255, 0, 60, 40, 40, 60, 60, 40, 20, 60, 40, 60, 100, 60, 40, 80, 60, 40, 20, 40, 40, 80, 60, 60, 60, 60, 60, 0, 60, 40, 100, 60, 40, 20, 60, 40, 60, 40, 60, 100, 40, 60, 20, 40, 40, 40, 60, 40, 40, 40, 40, 80, 40, 40, 60, 0, 20, 20, 40, 20, 80, 60, 40, 40, 60, 60, 60, 40, 40, 60, 40, 60, 60, 40, 40, 60, 60, 60, 60, 20, 40, 60, 60, 40, 80, 40, 20, 80, 20, 40, 60, 60, 60, 60, 40, 60, 60, 40, 40, 0, 40, 4200]
[255, 0, 60, 40, 40, 60, 60, 40, 20, 60, 40, 60, 100, 60, 40, 80, 60, 40, 20, 40, 40, 80, 60, 60, 60, 80, 60, 0, 60, 40, 100, 60, 40, 20, 60, 40, 60, 40, 60, 100, 40, 60, 20, 40, 40, 40, 60, 40, 40, 40, 40, 80, 40, 40, 60, 0, 20, 20, 40, 20, 80, 60, 40, 40, 60, 60, 60, 40, 40, 60, 40, 60, 60, 40, 40, 60, 60, 60, 60, 20, 40, 60, 60, 40, 80, 40, 20, 80, 20, 40, 60, 60, 60, 60, 40, 60, 60, 40, 40, 0, 40, 4220]
[256, 0, 60, 40, 40, 60, 60, 40, 20, 60, 40, 60, 100, 60, 40, 80, 60, 40, 20, 40, 40, 80, 60, 60, 60, 80, 60, 0, 60, 40, 100, 60, 40, 20, 60, 40, 60, 40, 60, 100, 40, 60, 20, 40, 40, 40, 60, 40, 40, 40, 40, 80, 40, 40, 60, 0, 20, 20, 40, 20, 80, 60, 40, 40, 60, 60, 60, 40, 40, 60, 40, 60, 60, 40, 40, 60, 60, 60, 60, 20, 40, 60, 60, 40, 80, 40, 20, 80, 20, 40, 60, 60, 60, 80, 40, 60, 60, 40, 40, 0, 40, 4240]
[257, 0, 60, 40, 40, 60, 60, 40, 20, 60, 40, 60, 100, 60, 40, 80, 60, 40, 20, 40, 40, 80, 60, 60, 60, 80, 60, 0, 60, 40, 100, 60, 40, 20, 60, 40, 60, 40, 60, 100, 40, 60, 20, 40, 40, 40, 60, 40, 80, 40, 40, 80, 40, 40, 60, 0, 20, 20, 40, 20, 80, 60, 40, 40, 60, 60, 60, 40, 40, 60, 40, 60, 60, 40, 40, 60, 60, 60, 60, 20, 40, 60, 60, 40, 80, 40, 20, 80, 20, 40, 60, 60, 60, 80, 40, 60, 60, 40, 40, 0, 40, 4260]
[259, 0, 60, 40, 40, 60, 60, 40, 20, 60, 40, 60, 100, 60, 40, 80, 60, 40, 20, 40, 40, 80, 60, 60, 60, 80, 60, 0, 60, 40, 100, 60, 40, 20, 60, 40, 60, 40, 60, 100, 40, 60, 20, 40, 40, 40, 60, 40, 80, 40, 40, 80, 40, 40, 60, 0, 20, 20, 40, 20, 80, 60, 40, 40, 60, 60, 60, 40, 40, 60, 40, 60, 60, 40, 40, 60, 60, 60, 60, 20, 40, 60, 60, 40, 80, 40, 20, 80, 20, 40, 60, 60, 60, 80, 40, 60, 60, 40, 40, 80, 40, 4280]
[261, 0, 60, 40, 40, 60, 60, 40, 20, 60, 40, 60, 100, 60, 40, 80, 60, 40, 20, 40, 40, 80, 60, 60, 60, 80, 60, 0, 60, 40, 100, 60, 40, 20, 60, 40, 60, 40, 60, 100, 40, 60, 20, 40, 40, 40, 60, 60, 80, 40, 40, 80, 40, 40, 60, 0, 20, 20, 40, 20, 80, 60, 40, 40, 60, 60, 60, 40, 40, 60, 40, 60, 60, 40, 40, 60, 60, 60, 60, 20, 40, 60, 60, 40, 80, 40, 20, 80, 20, 40, 60, 60, 60, 80, 40, 60, 60, 40, 40, 80, 40, 4300]
[262, 0, 60, 40, 40, 60, 60, 40, 20, 60, 40, 60, 100, 60, 40, 80, 60, 40, 20, 40, 40, 80, 60, 60, 60, 80, 60, 0, 60, 40, 100, 80, 40, 20, 60, 40, 60, 40, 60, 100, 40, 60, 20, 40, 40, 40, 60, 60, 80, 40, 40, 80, 40, 40, 60, 0, 20, 20, 40, 20, 80, 60, 40, 40, 60, 60, 60, 40, 40, 60, 40, 60, 60, 40, 40, 60, 60, 60, 60, 20, 40, 60, 60, 40, 80, 40, 20, 80, 20, 40, 60, 60, 60, 80, 40, 60, 60, 40, 40, 80, 40, 4320]
[263, 0, 60, 40, 40, 60, 60, 40, 20, 60, 40, 60, 100, 60, 40, 80, 60, 40, 20, 40, 40, 80, 60, 60, 60, 80, 60, 0, 60, 40, 100, 80, 40, 20, 60, 40, 60, 40, 60, 100, 40, 60, 20, 40, 40, 40, 60, 60, 80, 40, 40, 80, 40, 40, 60, 0, 20, 20, 40, 20, 80, 60, 40, 40, 60, 60, 60, 40, 40, 60, 40, 60, 60, 40, 40, 60, 60, 60, 60, 20, 40, 60, 60, 40, 80, 40, 20, 80, 20, 40, 60, 60, 60, 80, 60, 60, 60, 40, 40, 80, 40, 4340]
[264, 0, 60, 40, 40, 60, 60, 40, 20, 60, 40, 60, 100, 60, 40, 80, 60, 40, 20, 40, 40, 80, 60, 60, 60, 80, 60, 0, 60, 40, 100, 80, 40, 20, 60, 40, 60, 40, 60, 100, 60, 60, 20, 40, 40, 40, 60, 60, 80, 40, 40, 80, 40, 40, 60, 0, 20, 20, 40, 20, 100, 60, 40, 40, 60, 60, 60, 40, 40, 60, 40, 60, 60, 40, 40, 60, 60, 60, 60, 20, 40, 60, 60, 40, 80, 40, 20, 80, 20, 40, 60, 60, 60, 80, 60, 60, 60, 40, 40, 80, 40, 4380]
[264, 0, 60, 40, 40, 60, 60, 40, 20, 60, 40, 60, 100, 60, 40, 80, 60, 40, 20, 40, 40, 80, 60, 60, 60, 80, 60, 0, 60, 40, 100, 80, 40, 20, 60, 40, 60, 40, 60, 100, 60, 60, 20, 40, 40, 40, 60, 60, 80, 40, 40, 80, 40, 40, 60, 0, 20, 20, 60, 20, 100, 60, 40, 40, 60, 60, 60, 40, 40, 60, 40, 60, 60, 40, 40, 60, 60, 60, 60, 20, 40, 60, 60, 40, 80, 40, 20, 80, 20, 40, 60, 60, 60, 80, 60, 60, 60, 40, 40, 80, 40, 4400]
[265, 0, 60, 40, 40, 60, 60, 40, 20, 60, 40, 60, 100, 80, 40, 80, 60, 40, 20, 40, 40, 80, 60, 60, 60, 80, 60, 0, 60, 40, 100, 80, 40, 20, 60, 40, 60, 40, 60, 100, 60, 60, 20, 40, 40, 40, 60, 60, 80, 40, 40, 80, 40, 40, 60, 0, 20, 20, 60, 20, 100, 60, 40, 40, 60, 60, 60, 40, 40, 60, 40, 60, 60, 40, 40, 60, 60, 60, 60, 20, 40, 60, 60, 40, 80, 40, 20, 80, 20, 40, 60, 60, 60, 80, 60, 60, 60, 40, 40, 80, 40, 4420]
[268, 0, 60, 40, 40, 60, 60, 40, 20, 60, 40, 60, 100, 80, 40, 80, 60, 40, 20, 40, 40, 80, 60, 60, 60, 80, 60, 0, 60, 40, 100, 80, 40, 20, 60, 40, 60, 40, 60, 100, 60, 60, 20, 40, 40, 40, 60, 60, 80, 40, 40, 80, 40, 40, 60, 0, 20, 20, 60, 20, 100, 60, 40, 40, 60, 60, 60, 40, 40, 60, 40, 60, 60, 40, 40, 60, 60, 80, 60, 20, 40, 60, 60, 40, 80, 40, 20, 80, 20, 40, 60, 60, 60, 80, 60, 60, 60, 40, 40, 80, 40, 4440]
[269, 0, 60, 40, 40, 60, 60, 40, 20, 60, 40, 60, 100, 80, 40, 80, 60, 40, 20, 40, 40, 80, 60, 60, 60, 80, 60, 0, 60, 40, 100, 80, 40, 20, 60, 40, 60, 40, 60, 100, 60, 60, 20, 40, 40, 40, 60, 60, 80, 40, 40, 80, 40, 40, 60, 0, 20, 20, 60, 20, 100, 60, 40, 40, 60, 60, 60, 40, 40, 60, 40, 60, 60, 40, 40, 60, 60, 80, 60, 20, 40, 60, 60, 40, 80, 40, 20, 80, 40, 40, 60, 60, 60, 80, 60, 60, 60, 40, 40, 80, 40, 4460]
[273, 0, 60, 40, 40, 60, 60, 40, 20, 60, 40, 60, 100, 80, 40, 80, 60, 40, 20, 40, 40, 80, 60, 60, 60, 80, 60, 0, 60, 40, 100, 80, 40, 20, 60, 40, 60, 40, 60, 100, 60, 60, 20, 40, 40, 40, 60, 60, 80, 40, 40, 80, 40, 40, 60, 0, 20, 20, 60, 20, 100, 60, 40, 80, 60, 60, 60, 40, 40, 60, 40, 60, 60, 40, 40, 60, 60, 80, 60, 20, 40, 60, 60, 40, 80, 40, 40, 80, 40, 40, 60, 60, 60, 80, 60, 60, 60, 40, 40, 80, 40, 4500]
[274, 0, 60, 40, 40, 60, 60, 40, 20, 60, 40, 60, 100, 80, 40, 80, 60, 40, 20, 40, 40, 80, 60, 60, 60, 80, 60, 0, 80, 40, 100, 80, 40, 20, 60, 40, 60, 40, 60, 100, 60, 60, 20, 40, 40, 40, 60, 60, 80, 40, 40, 80, 40, 40, 60, 0, 20, 20, 60, 20, 100, 60, 40, 80, 60, 60, 60, 40, 40, 60, 40, 60, 60, 40, 40, 60, 60, 80, 60, 20, 40, 60, 60, 40, 80, 40, 40, 80, 40, 40, 60, 60, 60, 80, 60, 60, 60, 40, 40, 80, 40, 4520]
[274, 0, 60, 40, 40, 60, 60, 40, 20, 60, 40, 60, 100, 80, 40, 80, 60, 40, 20, 40, 40, 80, 60, 60, 60, 80, 60, 0, 80, 40, 100, 80, 40, 20, 60, 40, 60, 40, 60, 100, 60, 60, 20, 40, 40, 40, 60, 60, 80, 40, 40, 80, 40, 40, 60, 0, 20, 20, 60, 20, 100, 60, 40, 80, 60, 60, 60, 40, 40, 60, 40, 60, 60, 60, 40, 60, 60, 80, 60, 20, 40, 60, 60, 40, 80, 40, 40, 80, 40, 40, 60, 60, 60, 80, 60, 60, 60, 40, 40, 80, 40, 4540]
[276, 0, 60, 40, 40, 60, 60, 40, 20, 60, 40, 60, 100, 80, 40, 80, 60, 40, 20, 40, 40, 80, 60, 60, 60, 80, 60, 0, 80, 40, 100, 80, 40, 20, 60, 40, 60, 40, 60, 100, 60, 60, 20, 40, 40, 40, 60, 60, 80, 40, 40, 80, 40, 40, 60, 0, 20, 20, 60, 20, 100, 60, 40, 80, 60, 60, 60, 40, 40, 60, 40, 60, 60, 60, 40, 60, 60, 80, 60, 20, 40, 60, 60, 40, 80, 40, 40, 80, 40, 40, 60, 60, 60, 80, 60, 60, 60, 40, 40, 80, 60, 4560]
[277, 0, 60, 40, 40, 60, 60, 40, 20, 60, 40, 60, 100, 80, 40, 80, 60, 40, 20, 40, 40, 80, 60, 60, 60, 80, 60, 0, 80, 40, 100, 80, 40, 20, 60, 40, 60, 40, 60, 100, 60, 60, 20, 40, 40, 40, 60, 60, 80, 40, 40, 80, 40, 40, 60, 0, 20, 20, 60, 20, 100, 60, 40, 80, 60, 60, 60, 40, 40, 60, 40, 60, 60, 60, 40, 60, 60, 80, 60, 20, 40, 60, 60, 40, 80, 40, 40, 80, 40, 40, 60, 60, 60, 80, 60, 60, 60, 60, 40, 80, 60, 4580]
[279, 0, 60, 40, 40, 60, 60, 40, 20, 60, 40, 60, 100, 80, 40, 80, 60, 40, 20, 40, 40, 80, 60, 60, 60, 80, 60, 0, 80, 40, 100, 80, 40, 20, 60, 40, 60, 40, 60, 100, 60, 60, 20, 40, 40, 40, 60, 60, 80, 40, 40, 80, 40, 40, 60, 0, 20, 20, 60, 20, 100, 60, 60, 80, 60, 60, 60, 40, 40, 60, 40, 60, 60, 60, 40, 60, 60, 80, 60, 20, 40, 60, 60, 40, 80, 40, 40, 80, 40, 40, 60, 60, 60, 80, 60, 60, 60, 60, 40, 80, 60, 4600]
[280, 0, 60, 60, 40, 60, 60, 40, 20, 60, 40, 60, 100, 80, 40, 80, 60, 40, 20, 40, 40, 80, 60, 60, 60, 80, 60, 0, 80, 40, 100, 80, 40, 20, 60, 40, 60, 40, 60, 100, 60, 60, 20, 40, 40, 40, 60, 60, 80, 40, 40, 80, 40, 40, 60, 0, 20, 20, 60, 20, 100, 60, 60, 80, 60, 60, 60, 40, 40, 60, 40, 60, 60, 60, 40, 60, 60, 80, 60, 20, 40, 60, 60, 40, 80, 40, 40, 80, 40, 40, 60, 60, 60, 80, 60, 60, 60, 60, 40, 80, 60, 4620]
[282, 0, 60, 60, 40, 60, 60, 40, 20, 60, 40, 60, 100, 80, 40, 80, 60, 40, 20, 40, 40, 80, 60, 60, 60, 80, 60, 0, 80, 40, 100, 80, 40, 20, 60, 40, 60, 40, 60, 100, 60, 60, 20, 40, 40, 40, 60, 60, 80, 40, 40, 80, 40, 40, 60, 0, 20, 20, 60, 20, 100, 60, 60, 80, 60, 60, 60, 40, 40, 60, 40, 60, 60, 60, 40, 60, 80, 80, 60, 20, 40, 60, 60, 40, 80, 40, 40, 80, 40, 40, 60, 60, 60, 80, 60, 60, 60, 60, 40, 80, 60, 4640]
[286, 0, 60, 60, 40, 60, 60, 40, 20, 60, 40, 60, 100, 80, 40, 80, 60, 40, 20, 40, 40, 80, 60, 60, 60, 80, 60, 0, 80, 40, 100, 80, 40, 20, 60, 40, 60, 40, 60, 100, 60, 60, 20, 40, 40, 40, 60, 60, 80, 40, 40, 80, 60, 40, 60, 0, 20, 20, 60, 20, 100, 60, 60, 80, 60, 60, 60, 40, 40, 60, 40, 60, 60, 60, 40, 60, 80, 80, 60, 20, 40, 60, 60, 40, 80, 40, 40, 80, 40, 40, 60, 60, 60, 80, 60, 60, 80, 60, 40, 80, 60, 4680]
[287, 0, 60, 60, 40, 60, 60, 40, 20, 60, 40, 60, 100, 80, 40, 80, 60, 40, 20, 40, 40, 80, 60, 60, 60, 80, 60, 0, 80, 60, 100, 80, 40, 20, 60, 40, 60, 40, 60, 100, 60, 60, 20, 40, 40, 40, 60, 60, 80, 40, 40, 80, 60, 40, 60, 0, 20, 20, 60, 20, 100, 60, 60, 80, 60, 60, 60, 40, 40, 60, 40, 60, 60, 60, 40, 60, 80, 80, 60, 20, 40, 60, 60, 40, 80, 40, 40, 80, 40, 40, 60, 60, 60, 80, 60, 60, 80, 60, 40, 80, 60, 4700]
[288, 0, 60, 60, 40, 60, 60, 40, 20, 60, 40, 60, 100, 80, 40, 80, 60, 40, 20, 40, 40, 80, 60, 60, 60, 80, 60, 0, 80, 60, 100, 80, 40, 20, 60, 40, 60, 40, 60, 100, 60, 60, 20, 40, 40, 60, 60, 60, 80, 40, 40, 80, 60, 40, 60, 0, 20, 20, 60, 20, 100, 60, 60, 80, 60, 60, 60, 40, 40, 60, 40, 60, 60, 60, 40, 60, 80, 80, 60, 20, 40, 60, 60, 40, 80, 40, 40, 80, 40, 40, 60, 60, 60, 80, 60, 60, 80, 60, 40, 80, 60, 4720]
[291, 0, 60, 60, 40, 60, 60, 40, 20, 60, 40, 60, 100, 80, 60, 80, 60, 40, 20, 40, 40, 80, 60, 60, 60, 80, 60, 0, 80, 60, 100, 80, 40, 20, 60, 40, 60, 40, 60, 100, 60, 60, 20, 40, 40, 60, 60, 60, 80, 40, 40, 80, 60, 40, 60, 0, 20, 20, 60, 20, 100, 60, 60, 80, 60, 60, 60, 40, 40, 60, 40, 60, 60, 60, 40, 60, 80, 80, 60, 20, 40, 60, 60, 40, 80, 40, 40, 80, 40, 40, 60, 60, 60, 80, 60, 60, 80, 60, 40, 80, 60, 4740]
[294, 0, 60, 60, 40, 60, 60, 40, 20, 60, 40, 60, 100, 80, 60, 80, 60, 40, 20, 40, 40, 80, 60, 60, 60, 80, 60, 0, 80, 60, 100, 80, 40, 20, 60, 40, 60, 40, 60, 100, 60, 60, 20, 40, 60, 60, 60, 60, 80, 40, 40, 80, 60, 40, 60, 0, 20, 20, 60, 20, 100, 60, 60, 80, 60, 60, 60, 40, 40, 60, 40, 60, 60, 60, 40, 60, 80, 80, 60, 20, 40, 60, 60, 40, 80, 40, 40, 80, 40, 40, 60, 60, 60, 80, 60, 60, 80, 60, 40, 80, 60, 4760]
[294, 0, 60, 60, 40, 60, 60, 40, 20, 60, 40, 60, 100, 80, 60, 80, 60, 40, 20, 40, 40, 80, 60, 60, 60, 80, 60, 0, 80, 60, 100, 80, 40, 20, 60, 40, 60, 40, 60, 100, 60, 60, 20, 40, 60, 60, 60, 60, 80, 40, 40, 80, 60, 40, 60, 0, 20, 20, 60, 20, 100, 60, 60, 80, 60, 60, 60, 40, 40, 60, 40, 60, 60, 60, 40, 60, 80, 80, 60, 20, 40, 60, 60, 40, 80, 40, 40, 80, 40, 40, 80, 60, 60, 80, 60, 60, 80, 60, 40, 80, 60, 4780]
[295, 0, 60, 60, 40, 60, 60, 40, 20, 60, 40, 60, 100, 80, 60, 80, 60, 40, 20, 40, 40, 80, 60, 60, 60, 80, 60, 0, 80, 60, 100, 80, 40, 20, 60, 40, 60, 40, 60, 100, 60, 60, 20, 40, 60, 60, 60, 60, 80, 40, 40, 80, 60, 40, 60, 0, 20, 20, 60, 20, 100, 60, 60, 80, 60, 60, 60, 40, 40, 60, 40, 60, 60, 60, 40, 60, 80, 80, 60, 20, 40, 60, 60, 40, 80, 40, 40, 100, 40, 40, 80, 60, 60, 80, 60, 60, 80, 60, 40, 80, 60, 4800]
[296, 0, 60, 60, 40, 60, 60, 40, 20, 60, 40, 60, 100, 80, 60, 80, 60, 40, 20, 40, 40, 80, 60, 60, 60, 80, 60, 0, 80, 60, 100, 80, 40, 20, 60, 40, 60, 40, 60, 100, 60, 60, 20, 40, 60, 60, 60, 60, 80, 40, 40, 80, 60, 40, 60, 0, 20, 20, 60, 20, 100, 60, 60, 80, 60, 60, 60, 40, 40, 80, 40, 60, 60, 60, 40, 60, 80, 80, 60, 20, 40, 60, 60, 40, 80, 40, 40, 100, 40, 40, 80, 60, 60, 80, 60, 60, 80, 60, 40, 80, 60, 4820]
[298, 0, 60, 60, 40, 60, 60, 40, 20, 60, 40, 60, 100, 80, 60, 80, 60, 40, 20, 40, 40, 80, 60, 60, 60, 80, 60, 0, 80, 60, 100, 80, 40, 20, 60, 40, 60, 40, 60, 100, 60, 60, 60, 40, 60, 60, 60, 60, 80, 40, 40, 80, 60, 40, 60, 0, 20, 20, 60, 20, 100, 60, 60, 80, 60, 60, 60, 40, 40, 80, 40, 60, 60, 60, 40, 60, 80, 80, 60, 20, 40, 60, 60, 40, 80, 40, 40, 100, 40, 40, 80, 60, 60, 80, 60, 60, 80, 60, 40, 80, 60, 4840]
[298, 0, 60, 60, 40, 60, 60, 40, 20, 60, 40, 60, 100, 80, 60, 80, 60, 60, 20, 40, 40, 80, 60, 60, 60, 80, 60, 0, 80, 60, 100, 80, 40, 20, 60, 40, 60, 40, 60, 100, 60, 60, 60, 40, 60, 60, 60, 60, 80, 40, 40, 80, 60, 40, 60, 0, 20, 20, 60, 20, 100, 60, 60, 80, 60, 60, 60, 40, 40, 80, 40, 60, 60, 60, 40, 60, 80, 80, 60, 20, 40, 60, 60, 40, 80, 40, 40, 100, 40, 40, 80, 60, 60, 80, 60, 60, 80, 60, 40, 80, 60, 4860]
[299, 0, 60, 60, 40, 60, 60, 40, 20, 60, 40, 60, 100, 80, 60, 80, 60, 60, 20, 40, 40, 80, 60, 60, 60, 80, 60, 0, 80, 60, 100, 80, 40, 20, 60, 40, 60, 40, 60, 100, 60, 60, 60, 40, 60, 60, 60, 60, 80, 40, 40, 80, 60, 40, 60, 0, 20, 20, 60, 20, 100, 60, 60, 80, 60, 80, 80, 40, 40, 80, 40, 60, 60, 60, 40, 60, 80, 80, 60, 20, 40, 60, 60, 40, 80, 40, 40, 100, 40, 40, 80, 60, 60, 80, 60, 60, 80, 60, 40, 80, 60, 4900]
[300, 0, 60, 60, 40, 60, 60, 40, 20, 60, 40, 60, 100, 80, 60, 80, 80, 60, 20, 40, 40, 80, 60, 60, 60, 80, 60, 0, 80, 60, 100, 80, 40, 20, 60, 40, 60, 40, 60, 100, 60, 60, 60, 40, 60, 60, 60, 60, 80, 40, 40, 80, 60, 40, 60, 0, 20, 20, 60, 20, 100, 60, 60, 80, 60, 80, 80, 40, 40, 80, 40, 60, 60, 60, 40, 60, 80, 80, 60, 20, 40, 60, 60, 40, 80, 40, 40, 100, 40, 40, 80, 60, 60, 80, 60, 60, 80, 60, 40, 80, 60, 4920]
[300, 0, 60, 60, 40, 60, 60, 40, 20, 60, 40, 60, 100, 80, 60, 100, 80, 60, 20, 40, 40, 80, 60, 60, 60, 80, 60, 0, 80, 60, 100, 80, 40, 20, 60, 40, 60, 40, 60, 100, 60, 60, 60, 40, 60, 60, 60, 60, 80, 40, 40, 80, 60, 40, 60, 0, 20, 20, 60, 20, 100, 60, 60, 80, 60, 80, 80, 40, 40, 80, 40, 60, 60, 60, 40, 60, 80, 80, 60, 20, 40, 60, 60, 40, 80, 40, 40, 100, 40, 40, 80, 60, 60, 80, 60, 60, 80, 60, 40, 80, 60, 4940]
[301, 0, 60, 60, 40, 60, 60, 40, 20, 60, 40, 60, 100, 80, 60, 100, 80, 60, 20, 40, 40, 80, 60, 60, 60, 80, 60, 0, 80, 60, 100, 80, 40, 20, 60, 60, 60, 40, 60, 100, 60, 60, 60, 40, 60, 60, 60, 60, 80, 40, 40, 80, 60, 40, 60, 0, 20, 20, 60, 20, 100, 60, 60, 80, 60, 80, 80, 40, 40, 80, 40, 60, 60, 60, 40, 60, 80, 80, 60, 20, 40, 60, 60, 40, 80, 40, 40, 100, 40, 40, 80, 60, 60, 80, 60, 60, 80, 60, 40, 80, 60, 4960]
[302, 0, 60, 60, 40, 60, 60, 40, 20, 60, 40, 60, 100, 80, 60, 100, 80, 60, 20, 40, 40, 80, 60, 60, 60, 80, 60, 0, 80, 60, 100, 80, 40, 20, 60, 60, 60, 40, 60, 100, 60, 60, 60, 40, 60, 60, 60, 60, 80, 40, 40, 80, 60, 40, 60, 0, 20, 20, 60, 20, 100, 60, 60, 80, 60, 80, 80, 40, 40, 80, 40, 60, 60, 60, 40, 60, 80, 80, 60, 20, 40, 60, 60, 40, 80, 40, 40, 100, 40, 40, 80, 80, 60, 80, 60, 60, 80, 60, 40, 80, 60, 4980]
[304, 0, 60, 60, 40, 60, 60, 40, 20, 60, 40, 60, 100, 80, 60, 100, 80, 60, 100, 40, 40, 80, 60, 60, 60, 80, 60, 0, 80, 60, 100, 80, 40, 20, 60, 60, 60, 40, 60, 100, 60, 60, 60, 40, 60, 60, 60, 60, 80, 40, 40, 80, 60, 40, 60, 0, 20, 20, 60, 20, 100, 60, 60, 80, 60, 80, 80, 40, 40, 80, 40, 60, 60, 60, 40, 60, 80, 80, 60, 20, 40, 60, 60, 40, 80, 40, 40, 100, 40, 40, 80, 80, 60, 80, 60, 60, 80, 60, 40, 80, 60, 5000]
[308, 0, 60, 60, 40, 60, 60, 40, 20, 60, 40, 60, 100, 80, 60, 100, 80, 60, 100, 40, 40, 80, 60, 60, 60, 80, 60, 0, 80, 60, 100, 80, 40, 20, 60, 60, 60, 40, 60, 100, 60, 60, 60, 40, 60, 60, 80, 60, 80, 40, 40, 80, 60, 40, 60, 0, 20, 20, 60, 20, 100, 60, 60, 80, 60, 80, 80, 40, 40, 80, 40, 60, 60, 60, 40, 60, 80, 80, 60, 20, 40, 60, 60, 40, 80, 40, 40, 100, 40, 40, 80, 80, 60, 80, 60, 60, 80, 60, 40, 80, 60, 5020]
[309, 0, 60, 60, 40, 60, 60, 40, 20, 60, 40, 60, 100, 80, 60, 100, 80, 60, 100, 40, 40, 80, 60, 60, 60, 80, 60, 0, 80, 60, 100, 80, 40, 20, 60, 60, 60, 40, 60, 100, 60, 60, 60, 40, 60, 60, 80, 60, 80, 40, 40, 80, 60, 40, 60, 0, 20, 20, 60, 20, 100, 60, 60, 80, 60, 80, 80, 40, 60, 80, 40, 60, 60, 60, 40, 60, 80, 80, 60, 20, 40, 60, 60, 40, 80, 40, 40, 100, 40, 40, 80, 80, 60, 80, 60, 60, 80, 60, 40, 80, 60, 5040]
[309, 0, 60, 60, 40, 60, 80, 40, 20, 60, 40, 60, 100, 80, 60, 100, 80, 60, 100, 60, 40, 80, 60, 60, 60, 80, 60, 0, 80, 60, 100, 80, 40, 20, 60, 60, 60, 40, 60, 100, 60, 60, 60, 40, 60, 60, 80, 60, 80, 40, 40, 80, 60, 40, 60, 0, 20, 20, 60, 20, 100, 60, 60, 80, 60, 80, 80, 40, 60, 80, 40, 60, 60, 60, 60, 60, 80, 80, 60, 20, 40, 60, 60, 40, 80, 40, 40, 100, 40, 40, 80, 80, 60, 80, 60, 60, 80, 60, 40, 80, 60, 5100]
[310, 0, 60, 60, 40, 60, 80, 40, 20, 60, 40, 60, 120, 80, 60, 100, 80, 60, 100, 60, 40, 80, 60, 60, 60, 80, 60, 0, 80, 60, 120, 80, 60, 20, 60, 60, 60, 40, 60, 100, 60, 60, 60, 40, 60, 60, 80, 60, 80, 40, 40, 80, 60, 40, 60, 0, 20, 20, 60, 20, 100, 60, 60, 80, 60, 80, 80, 40, 60, 80, 40, 60, 60, 60, 60, 60, 80, 80, 60, 20, 40, 60, 60, 40, 80, 40, 40, 100, 40, 40, 80, 80, 60, 80, 60, 60, 80, 60, 40, 80, 60, 5160]
[312, 0, 60, 60, 40, 60, 80, 40, 20, 60, 40, 60, 120, 80, 60, 100, 80, 60, 100, 60, 40, 80, 60, 60, 60, 80, 60, 0, 80, 60, 120, 80, 60, 20, 60, 60, 60, 40, 60, 100, 60, 60, 60, 40, 60, 60, 80, 60, 80, 60, 40, 80, 60, 40, 60, 0, 20, 20, 60, 20, 100, 60, 60, 80, 60, 80, 80, 40, 60, 80, 40, 80, 60, 60, 60, 60, 80, 80, 60, 20, 40, 60, 60, 40, 80, 40, 40, 100, 40, 40, 80, 80, 60, 80, 60, 60, 80, 60, 60, 80, 60, 5220]
[313, 0, 60, 60, 40, 60, 80, 40, 20, 60, 40, 60, 120, 80, 60, 100, 80, 60, 100, 60, 40, 80, 60, 60, 60, 80, 60, 0, 80, 60, 120, 80, 60, 20, 60, 60, 60, 40, 60, 100, 60, 60, 60, 40, 60, 60, 80, 60, 80, 60, 40, 100, 60, 40, 60, 0, 20, 20, 60, 20, 100, 60, 60, 80, 60, 80, 80, 40, 60, 80, 40, 80, 60, 60, 60, 60, 80, 80, 60, 20, 40, 60, 60, 40, 80, 40, 40, 100, 40, 40, 80, 80, 60, 80, 60, 60, 80, 60, 60, 80, 60, 5240]
[317, 0, 60, 60, 40, 60, 80, 40, 20, 60, 40, 60, 120, 80, 60, 100, 80, 60, 100, 60, 40, 80, 60, 60, 60, 100, 60, 0, 80, 60, 120, 80, 60, 20, 60, 60, 60, 40, 60, 100, 60, 60, 60, 40, 60, 60, 80, 60, 80, 60, 40, 100, 60, 40, 60, 0, 20, 20, 60, 20, 100, 60, 60, 80, 60, 80, 80, 40, 60, 80, 40, 80, 60, 60, 60, 60, 80, 80, 60, 20, 40, 60, 60, 40, 80, 40, 40, 100, 40, 40, 80, 80, 60, 80, 60, 60, 80, 60, 60, 80, 60, 5260]
[317, 0, 60, 60, 40, 60, 80, 40, 20, 60, 40, 60, 120, 80, 60, 100, 80, 60, 100, 60, 40, 80, 80, 60, 60, 100, 60, 0, 80, 60, 120, 80, 60, 20, 60, 60, 60, 40, 60, 100, 60, 60, 60, 40, 60, 60, 80, 60, 100, 60, 40, 100, 60, 40, 60, 0, 20, 20, 60, 20, 100, 60, 60, 80, 60, 80, 80, 40, 60, 80, 40, 80, 60, 60, 60, 60, 80, 80, 60, 20, 40, 60, 60, 40, 80, 40, 40, 100, 40, 40, 80, 80, 60, 80, 60, 60, 80, 60, 60, 80, 60, 5300]
[321, 0, 60, 60, 40, 60, 80, 40, 20, 60, 40, 60, 120, 80, 60, 100, 80, 60, 100, 60, 40, 80, 80, 60, 60, 100, 60, 0, 80, 60, 120, 80, 60, 20, 60, 60, 60, 40, 60, 100, 60, 60, 60, 40, 60, 60, 80, 60, 100, 60, 40, 100, 60, 40, 60, 0, 20, 20, 60, 20, 100, 80, 60, 80, 60, 80, 80, 40, 60, 80, 40, 80, 60, 60, 60, 60, 80, 80, 60, 20, 40, 60, 60, 40, 80, 40, 40, 100, 40, 40, 80, 80, 60, 100, 60, 60, 80, 60, 60, 80, 60, 5340]
[321, 0, 60, 60, 40, 60, 80, 40, 20, 60, 40, 60, 120, 80, 60, 100, 80, 60, 100, 60, 40, 80, 80, 60, 60, 100, 60, 0, 80, 60, 120, 80, 60, 20, 60, 60, 60, 40, 60, 100, 60, 60, 60, 80, 60, 60, 80, 60, 100, 60, 40, 100, 60, 40, 60, 0, 20, 20, 60, 20, 100, 80, 60, 80, 60, 80, 80, 40, 60, 80, 40, 80, 60, 60, 60, 60, 80, 80, 60, 20, 40, 60, 60, 40, 80, 60, 40, 100, 40, 40, 80, 80, 60, 100, 60, 60, 80, 60, 60, 80, 60, 5380]
[324, 0, 60, 60, 40, 60, 80, 40, 20, 60, 40, 60, 120, 80, 60, 100, 80, 60, 100, 60, 40, 80, 80, 60, 60, 100, 60, 0, 80, 60, 120, 80, 60, 20, 60, 60, 60, 40, 60, 100, 60, 80, 60, 80, 60, 60, 80, 60, 100, 60, 40, 100, 60, 40, 60, 0, 20, 20, 60, 20, 100, 80, 60, 80, 60, 80, 80, 40, 60, 80, 40, 80, 60, 60, 60, 60, 80, 80, 60, 20, 40, 60, 60, 40, 80, 60, 40, 100, 40, 40, 80, 80, 60, 100, 60, 60, 80, 60, 60, 80, 60, 5400]
[324, 0, 60, 60, 40, 60, 80, 40, 20, 60, 40, 60, 120, 80, 60, 100, 80, 60, 100, 60, 40, 80, 80, 60, 60, 100, 60, 0, 80, 60, 120, 80, 60, 20, 60, 60, 60, 40, 60, 100, 60, 80, 60, 80, 60, 60, 80, 60, 100, 60, 40, 100, 60, 40, 60, 0, 20, 20, 60, 20, 100, 80, 60, 80, 60, 80, 80, 40, 60, 80, 40, 80, 60, 60, 60, 60, 80, 80, 60, 20, 40, 60, 60, 40, 80, 60, 40, 100, 40, 40, 80, 80, 80, 100, 60, 60, 80, 60, 60, 80, 60, 5420]
[325, 0, 60, 60, 40, 60, 80, 40, 20, 60, 40, 60, 120, 80, 60, 100, 80, 60, 100, 60, 40, 80, 80, 60, 60, 100, 60, 0, 80, 60, 120, 80, 60, 20, 60, 60, 80, 40, 60, 100, 60, 80, 60, 80, 60, 60, 80, 60, 100, 60, 40, 100, 60, 40, 60, 0, 20, 20, 60, 20, 100, 80, 60, 80, 60, 80, 80, 40, 60, 80, 40, 80, 60, 60, 60, 60, 80, 80, 60, 20, 40, 60, 60, 40, 80, 60, 40, 100, 40, 40, 80, 80, 80, 100, 60, 60, 80, 60, 60, 80, 60, 5440]
[327, 0, 60, 60, 40, 60, 80, 40, 20, 60, 40, 60, 120, 80, 60, 100, 80, 60, 100, 60, 60, 80, 80, 60, 60, 100, 60, 0, 80, 60, 120, 80, 60, 20, 60, 60, 80, 40, 60, 120, 60, 80, 60, 80, 60, 60, 80, 60, 100, 60, 40, 100, 60, 40, 60, 0, 20, 20, 60, 20, 100, 80, 60, 80, 80, 80, 80, 40, 60, 80, 40, 80, 60, 60, 60, 60, 80, 80, 60, 20, 40, 60, 60, 40, 80, 60, 40, 100, 40, 40, 80, 80, 80, 100, 60, 60, 80, 60, 60, 80, 60, 5500]
[329, 0, 60, 60, 40, 80, 80, 40, 20, 60, 40, 60, 120, 80, 60, 100, 80, 60, 100, 60, 60, 80, 80, 60, 60, 100, 60, 0, 80, 60, 120, 80, 60, 20, 60, 60, 80, 40, 60, 120, 60, 80, 60, 80, 60, 60, 80, 60, 100, 60, 40, 100, 60, 40, 60, 0, 20, 20, 60, 20, 100, 80, 60, 80, 80, 80, 80, 40, 60, 80, 60, 80, 60, 60, 60, 60, 80, 80, 60, 20, 40, 60, 60, 40, 80, 60, 40, 100, 40, 40, 80, 80, 80, 100, 60, 60, 80, 60, 60, 80, 60, 5540]
[329, 0, 80, 60, 40, 80, 80, 40, 20, 100, 40, 60, 120, 80, 60, 100, 80, 60, 100, 60, 60, 80, 80, 60, 60, 100, 60, 0, 80, 60, 120, 80, 60, 20, 60, 60, 80, 40, 60, 120, 60, 80, 60, 80, 60, 60, 80, 60, 100, 60, 40, 100, 60, 40, 60, 0, 20, 20, 60, 20, 100, 80, 60, 80, 80, 80, 80, 40, 60, 80, 60, 80, 60, 60, 60, 60, 80, 80, 60, 20, 40, 60, 60, 40, 80, 60, 40, 100, 40, 40, 80, 80, 80, 100, 60, 60, 80, 60, 60, 80, 60, 5580]
[330, 0, 80, 60, 40, 80, 80, 60, 20, 100, 40, 60, 120, 80, 60, 100, 80, 60, 100, 60, 60, 80, 80, 60, 60, 100, 60, 0, 80, 60, 120, 80, 60, 20, 60, 60, 80, 40, 60, 120, 60, 80, 60, 80, 60, 60, 80, 60, 100, 60, 40, 100, 60, 40, 60, 0, 20, 20, 60, 20, 100, 80, 60, 80, 80, 80, 80, 40, 60, 80, 60, 80, 60, 60, 60, 60, 80, 80, 60, 20, 40, 60, 60, 40, 80, 60, 40, 100, 40, 40, 80, 80, 80, 100, 60, 60, 80, 60, 60, 80, 60, 5600]
[331, 0, 80, 60, 40, 80, 80, 60, 20, 100, 40, 60, 120, 80, 60, 100, 80, 60, 100, 60, 60, 80, 80, 60, 60, 100, 60, 0, 80, 60, 120, 80, 60, 20, 60, 60, 80, 40, 60, 120, 60, 80, 60, 80, 60, 60, 80, 60, 100, 60, 40, 100, 60, 40, 60, 0, 20, 20, 60, 20, 100, 80, 60, 100, 80, 80, 80, 40, 60, 80, 60, 80, 60, 60, 60, 60, 80, 80, 60, 20, 40, 60, 60, 40, 80, 60, 40, 100, 40, 40, 80, 80, 80, 100, 60, 60, 80, 60, 60, 80, 60, 5620]
[332, 0, 80, 60, 40, 80, 80, 60, 20, 100, 40, 60, 120, 80, 60, 100, 80, 60, 100, 60, 60, 80, 80, 60, 60, 100, 60, 0, 80, 60, 120, 80, 60, 20, 60, 60, 80, 80, 60, 120, 60, 80, 60, 80, 60, 60, 80, 60, 100, 60, 40, 100, 60, 40, 60, 0, 20, 20, 60, 20, 100, 80, 60, 100, 80, 80, 80, 40, 60, 80, 60, 80, 60, 60, 60, 60, 80, 80, 60, 20, 40, 60, 60, 40, 80, 60, 40, 100, 40, 40, 80, 80, 80, 100, 60, 60, 80, 60, 60, 80, 60, 5640]
[333, 0, 80, 60, 40, 80, 80, 60, 20, 100, 40, 60, 120, 80, 60, 100, 80, 60, 100, 60, 60, 80, 80, 60, 60, 100, 60, 0, 100, 60, 120, 80, 60, 20, 60, 60, 80, 80, 60, 120, 60, 80, 60, 80, 60, 60, 80, 60, 100, 60, 40, 100, 60, 40, 60, 0, 20, 20, 60, 20, 100, 80, 60, 100, 80, 80, 80, 40, 60, 80, 60, 80, 60, 60, 60, 60, 80, 80, 60, 20, 40, 60, 60, 40, 80, 60, 40, 100, 40, 40, 80, 80, 80, 100, 60, 60, 80, 60, 60, 80, 60, 5660]
[334, 0, 80, 60, 40, 80, 80, 60, 20, 100, 40, 60, 120, 80, 60, 100, 80, 60, 100, 60, 60, 80, 80, 60, 60, 100, 60, 0, 100, 60, 120, 80, 60, 20, 60, 60, 80, 80, 60, 120, 60, 80, 60, 80, 60, 60, 80, 60, 100, 60, 60, 100, 60, 40, 60, 0, 20, 20, 60, 20, 100, 80, 60, 100, 80, 80, 80, 40, 60, 80, 60, 80, 60, 60, 60, 60, 80, 80, 60, 20, 40, 60, 60, 40, 80, 60, 40, 100, 40, 40, 80, 80, 80, 100, 60, 60, 80, 60, 60, 80, 60, 5680]
[336, 0, 80, 60, 40, 80, 80, 60, 20, 100, 40, 60, 120, 80, 60, 100, 80, 60, 100, 60, 60, 80, 80, 60, 60, 100, 60, 0, 100, 60, 120, 80, 60, 20, 60, 60, 80, 80, 60, 120, 60, 80, 60, 80, 60, 60, 80, 60, 100, 60, 60, 100, 60, 40, 60, 0, 20, 20, 60, 20, 100, 80, 60, 100, 80, 80, 80, 40, 60, 80, 60, 80, 60, 60, 60, 60, 80, 80, 60, 20, 40, 60, 60, 40, 80, 60, 40, 100, 40, 80, 80, 80, 80, 100, 60, 60, 80, 60, 60, 80, 60, 5700]
[336, 0, 80, 60, 40, 80, 80, 60, 20, 100, 40, 60, 120, 80, 60, 100, 80, 60, 100, 60, 60, 80, 80, 60, 60, 100, 60, 0, 100, 60, 120, 80, 60, 20, 60, 60, 80, 80, 60, 120, 60, 80, 60, 80, 60, 60, 80, 60, 100, 60, 60, 100, 60, 40, 60, 0, 20, 20, 60, 20, 100, 80, 60, 100, 80, 80, 80, 40, 60, 80, 60, 80, 60, 60, 60, 60, 80, 80, 60, 20, 40, 60, 60, 40, 80, 60, 40, 100, 40, 80, 80, 80, 80, 100, 80, 60, 80, 60, 60, 100, 60, 5740]
[339, 0, 80, 60, 40, 80, 80, 60, 20, 100, 40, 60, 120, 80, 60, 100, 80, 60, 100, 60, 60, 80, 80, 60, 60, 100, 60, 0, 100, 60, 120, 80, 60, 20, 60, 60, 80, 80, 60, 120, 60, 80, 60, 80, 60, 60, 80, 60, 100, 60, 60, 100, 60, 40, 60, 0, 20, 20, 60, 20, 100, 80, 60, 100, 80, 80, 80, 40, 60, 80, 60, 80, 60, 60, 60, 60, 80, 80, 60, 20, 40, 60, 60, 40, 80, 60, 40, 100, 40, 80, 80, 80, 80, 100, 80, 60, 80, 60, 60, 100, 80, 5760]
[339, 0, 80, 80, 40, 80, 80, 60, 20, 100, 40, 60, 120, 80, 60, 100, 80, 60, 100, 60, 60, 80, 80, 60, 60, 100, 60, 0, 100, 60, 120, 80, 60, 20, 60, 60, 80, 80, 60, 120, 60, 80, 60, 80, 60, 60, 80, 60, 100, 60, 60, 100, 60, 40, 60, 0, 20, 20, 60, 20, 100, 80, 60, 100, 80, 80, 80, 40, 60, 80, 60, 80, 60, 60, 60, 60, 80, 80, 60, 20, 40, 60, 60, 40, 80, 60, 40, 100, 40, 80, 80, 80, 80, 100, 80, 60, 80, 60, 60, 100, 80, 5780]
[341, 0, 80, 80, 40, 80, 80, 60, 20, 100, 40, 60, 120, 80, 60, 100, 80, 60, 100, 60, 60, 80, 80, 60, 60, 100, 60, 0, 100, 60, 120, 80, 60, 20, 60, 60, 80, 80, 60, 120, 60, 80, 60, 80, 60, 60, 80, 60, 100, 60, 60, 100, 60, 40, 60, 0, 20, 20, 60, 20, 100, 80, 60, 100, 80, 80, 80, 40, 60, 80, 60, 80, 60, 60, 60, 60, 80, 80, 80, 20, 40, 60, 60, 40, 80, 60, 40, 100, 40, 80, 80, 80, 80, 100, 80, 60, 80, 60, 60, 100, 80, 5800]
