1 0 0 0 0 0 1 0 0 0 0 0 0 0 0 0 0 0 0 0 0 0 0 0 0 0 0 1 0 0 0 0 0 0 0 0 1 0 0 0 0 0 1 0 0 0 0 0 0 0 1 0 0 0 0 1 0 1 0 0 0 0 0 0 0 0 0 0 0 0 0 0 1 0 0 0 0 0 0 0 0 0 0 0 0 0 0 0 0 0 0 0 0 0 1 0 0 1 0 0 0   0
2 0 0 0 0 0 2 0 0 0 0 0 0 0 0 0 0 0 0 0 0 0 0 0 0 0 0 2 0 0 0 0 0 0 0 0 2 0 0 0 0 0 2 0 0 0 0 0 0 0 1 0 0 0 0 2 0 1 0 0 0 0 0 0 0 0 0 0 0 0 0 0 2 0 0 0 0 0 0 0 0 0 0 0 0 0 0 0 0 0 0 0 0 0 2 0 0 2 0 0 0   0
3 0 0 0 0 0 3 0 0 0 0 0 0 0 0 0 0 0 0 0 0 0 0 0 0 0 0 2 0 0 0 0 0 0 0 0 3 0 0 0 0 0 2 0 0 0 0 0 0 0 1 0 0 0 0 3 0 1 0 0 0 0 0 0 0 0 0 0 0 0 0 0 3 0 0 0 0 0 0 0 0 0 0 0 0 0 0 0 0 0 0 0 0 0 3 0 0 3 0 0 0   0
4 0 0 0 0 0 4 0 0 0 0 0 0 0 0 0 0 0 0 0 0 0 0 0 0 0 0 2 0 0 0 0 0 0 0 0 4 0 0 0 0 0 2 0 0 0 0 0 0 0 1 0 0 0 0 3 0 1 0 0 0 0 0 0 0 0 0 0 0 0 0 0 4 0 0 0 0 0 0 0 0 0 0 0 0 0 0 0 0 0 0 0 0 0 4 0 0 3 0 0 0   0
5 0 0 0 0 0 5 0 0 0 0 0 0 0 0 0 0 0 0 0 0 0 0 0 0 0 0 2 0 0 0 0 0 0 0 0 5 0 0 0 0 0 2 0 0 0 0 0 0 0 1 0 0 0 0 3 0 1 0 0 0 0 0 0 0 0 0 0 0 0 0 0 5 0 0 0 0 0 0 0 0 0 0 0 0 0 0 0 0 0 0 0 0 0 5 0 0 3 0 0 0   0
6 0 0 0 0 0 6 0 0 0 0 0 0 0 0 0 0 0 0 0 0 0 0 0 0 0 0 2 0 0 0 0 0 0 0 0 6 0 0 0 0 0 2 0 0 0 0 0 0 0 1 0 0 0 0 3 0 1 0 0 0 0 0 0 0 0 0 0 0 0 0 0 6 0 0 0 0 0 0 0 0 0 0 0 0 0 0 0 0 0 0 0 0 0 6 0 0 3 0 0 0   0
7 0 0 0 0 0 7 0 0 0 0 0 0 0 0 0 0 0 0 0 0 0 0 0 0 0 0 2 0 0 0 0 0 0 0 0 7 0 0 0 0 0 2 0 0 0 0 0 0 0 1 0 0 0 0 3 0 1 0 0 0 0 0 0 0 0 0 0 0 0 0 0 7 0 0 0 0 0 0 0 0 0 0 0 0 0 0 0 0 0 0 0 0 0 7 0 0 3 0 0 0   0
8 0 0 0 0 0 8 0 0 0 0 0 0 0 0 0 0 0 0 0 0 0 0 0 0 0 0 2 0 0 0 0 0 0 0 0 8 0 0 0 0 0 2 0 0 0 0 0 0 0 1 0 0 0 0 3 0 1 0 0 0 0 0 0 0 0 0 0 0 0 0 0 8 0 0 0 0 0 0 0 0 0 0 0 0 0 0 0 0 0 0 0 0 0 8 0 0 3 0 0 0   0
9 0 0 0 0 0 9 0 0 0 0 0 0 0 0 0 0 0 0 0 0 0 0 0 0 0 0 2 0 0 0 0 0 0 0 0 9 0 0 0 0 0 2 0 0 0 0 0 0 0 1 0 0 0 0 3 0 1 0 0 0 0 0 0 0 0 0 0 0 0 0 0 9 0 0 0 0 0 0 0 0 0 0 0 0 0 0 0 0 0 0 0 0 0 9 0 0 3 0 0 0   0
10 0 0 0 0 0 10 0 0 0 0 0 0 0 0 0 0 0 0 0 0 0 0 0 0 0 0 2 0 0 0 0 0 0 0 0 10 0 0 0 0 0 2 0 0 0 0 0 0 0 1 0 0 0 0 3 0 1 0 0 0 0 0 0 0 0 0 0 0 0 0 0 10 0 0 0 0 0 0 0 0 0 0 0 0 0 0 0 0 0 0 0 0 0 10 0 0 3 0 0 0   0
11 0 0 0 0 0 10 0 0 0 0 0 0 0 0 0 0 0 0 0 0 0 0 0 0 0 0 2 0 0 0 0 0 0 0 0 10 0 0 0 0 0 2 0 0 0 0 0 0 0 1 0 1 0 0 3 0 1 0 0 0 0 0 0 0 0 0 0 0 0 0 0 10 0 0 0 0 0 0 0 0 0 0 0 0 0 1 0 0 0 0 0 0 0 10 0 0 3 0 0 0   0
12 0 0 0 0 0 10 0 0 0 0 0 0 0 0 0 0 0 0 0 0 0 0 0 0 0 0 2 0 0 0 0 0 0 0 0 10 0 0 0 0 0 2 0 0 0 0 0 0 0 2 0 2 0 0 3 0 1 0 0 0 0 0 0 0 0 0 0 0 0 0 0 10 0 0 0 0 0 0 0 0 0 0 0 0 0 2 0 0 0 0 0 0 0 10 0 0 3 0 0 0   0
13 0 0 0 0 0 10 0 0 0 0 0 0 0 0 0 0 0 0 0 0 0 0 0 0 0 0 3 0 0 0 0 0 0 0 0 10 0 0 0 0 0 3 0 0 0 0 0 0 0 3 0 3 0 0 3 0 1 0 0 0 0 0 0 0 0 0 0 0 0 0 0 10 0 0 0 0 0 0 0 0 0 0 0 0 0 3 0 0 0 0 0 0 0 10 0 0 3 0 0 0   0
14 0 0 0 0 0 10 0 0 0 0 0 0 0 0 0 0 0 0 0 0 0 0 0 0 0 0 4 0 0 0 0 0 0 0 0 10 0 0 0 0 0 4 0 0 0 0 0 0 0 3 0 3 0 0 4 0 1 0 0 0 0 0 0 0 0 0 0 0 0 0 0 10 0 0 0 0 0 0 0 0 0 0 0 0 0 3 0 0 0 0 0 0 0 10 0 0 4 0 0 0   0
15 0 0 0 0 0 10 0 0 0 0 0 0 0 0 0 0 0 0 0 0 0 0 0 0 0 0 5 0 0 0 0 0 0 0 0 10 0 0 0 0 0 5 0 0 0 0 0 0 0 3 0 3 0 0 5 0 1 0 0 0 0 0 0 0 0 0 0 0 0 0 0 10 0 0 0 0 0 0 0 0 0 0 0 0 0 3 0 0 0 0 0 0 0 10 0 0 5 0 0 0   0
16 0 0 0 0 0 10 0 0 0 0 0 0 0 0 0 0 0 0 0 0 0 0 0 0 0 0 6 0 0 0 0 0 0 0 0 10 0 0 0 0 0 6 0 0 0 0 0 0 0 3 0 3 0 0 6 0 1 0 0 0 0 0 0 0 0 0 0 0 0 0 0 10 0 0 0 0 0 0 0 0 0 0 0 0 0 3 0 0 0 0 0 0 0 10 0 0 6 0 0 0   0
17 0 0 0 0 0 10 0 0 0 0 0 0 0 0 0 0 0 0 0 0 0 0 0 0 0 0 7 0 0 0 0 0 0 0 0 10 0 0 0 0 0 7 0 0 0 0 0 0 0 3 0 3 0 0 7 0 1 0 0 0 0 0 0 0 0 0 0 0 0 0 0 10 0 0 0 0 0 0 0 0 0 0 0 0 0 3 0 0 0 0 0 0 0 10 0 0 7 0 0 0   0
18 0 0 0 0 0 10 0 0 0 0 0 0 0 0 0 0 0 0 0 0 0 0 0 0 0 0 8 0 0 0 0 0 0 0 0 10 0 0 0 0 0 8 0 0 0 0 0 0 0 3 0 3 0 0 8 0 1 0 0 0 0 0 0 0 0 0 0 0 0 0 0 10 0 0 0 0 0 0 0 0 0 0 0 0 0 3 0 0 0 0 0 0 0 10 0 0 8 0 0 0   0
19 0 0 0 0 0 10 0 0 0 0 0 0 0 0 0 0 0 0 0 0 0 0 0 0 0 0 9 0 0 0 0 0 0 0 0 10 0 0 0 0 0 9 0 0 0 0 0 0 0 3 0 3 0 0 9 0 1 0 0 0 0 0 0 0 0 0 0 0 0 0 0 10 0 0 0 0 0 0 0 0 0 0 0 0 0 3 0 0 0 0 0 0 0 10 0 0 9 0 0 0   0
20 0 0 0 0 0 10 0 0 0 0 0 0 0 0 0 0 0 0 0 0 0 0 0 0 0 0 9 0 0 0 0 0 0 0 0 10 0 0 0 0 0 10 0 0 0 0 0 0 0 3 0 3 0 0 10 0 1 0 0 0 0 0 0 0 0 0 0 0 0 0 0 10 0 0 0 0 0 0 0 0 0 0 0 0 0 3 0 0 0 0 0 0 0 10 0 0 10 0 0 0   0
21 0 0 0 0 0 10 0 0 0 0 0 0 0 0 0 0 0 0 0 0 0 0 0 0 0 0 9 0 0 0 0 0 0 0 0 10 0 0 0 0 0 10 0 1 0 0 0 0 0 3 0 3 0 1 10 0 1 0 0 0 0 0 0 0 0 0 0 1 0 0 0 10 0 0 0 0 0 0 0 1 0 0 0 0 0 3 0 1 0 0 0 0 0 10 0 0 10 0 0 1   0
22 0 0 0 0 0 10 0 0 0 0 0 0 0 0 0 0 0 0 0 0 0 0 0 0 0 0 9 0 0 0 0 0 0 0 0 10 0 0 0 0 0 10 0 2 0 0 0 0 0 3 0 3 0 2 10 0 2 0 0 0 0 0 0 0 0 0 0 1 0 0 0 10 0 0 0 0 0 0 0 2 0 0 0 0 0 3 0 1 0 0 0 0 0 10 0 0 10 0 0 1   0
23 0 0 0 0 0 10 0 0 0 0 0 0 0 0 0 0 0 0 0 0 0 0 0 0 0 0 9 0 0 0 0 0 0 0 0 10 0 0 0 0 0 10 0 3 0 0 0 0 0 3 0 3 0 2 10 0 3 0 0 0 0 0 0 0 0 0 0 1 0 0 0 10 0 0 0 0 0 0 0 3 0 0 0 0 0 3 0 1 0 0 0 0 0 10 0 0 10 0 0 1   0
24 0 0 0 0 0 10 0 0 0 0 0 0 0 0 0 0 0 0 0 0 0 0 0 0 0 0 9 0 0 0 0 0 0 0 0 10 0 0 0 0 0 10 0 4 0 0 0 0 0 4 0 4 0 2 10 0 4 0 0 0 0 0 0 0 0 0 0 1 0 0 0 10 0 0 0 0 0 0 0 3 0 0 0 0 0 4 0 1 0 0 0 0 0 10 0 0 10 0 0 1   0
25 0 0 0 0 0 10 0 0 0 0 0 0 0 0 0 0 0 0 0 0 0 0 0 0 0 0 9 0 0 0 0 0 0 0 0 10 0 0 0 0 0 10 0 4 0 0 0 0 0 5 0 5 0 2 10 0 5 0 0 0 0 0 0 0 0 0 0 1 0 0 0 10 0 0 0 0 0 0 0 3 0 0 0 0 0 5 0 1 0 0 0 0 0 10 0 0 10 0 0 1   0
26 0 0 0 0 0 10 0 0 0 0 0 0 0 0 0 0 0 0 0 0 0 0 0 0 0 0 9 0 0 0 0 0 0 0 0 10 0 0 0 0 0 10 0 4 0 0 0 0 0 6 0 6 0 2 10 0 6 0 0 0 0 0 0 0 0 0 0 1 0 0 0 10 0 0 0 0 0 0 0 3 0 0 0 0 0 6 0 1 0 0 0 0 0 10 0 0 10 0 0 1   0
27 0 0 0 0 0 10 0 0 0 0 0 0 0 0 0 0 0 0 0 0 0 0 0 0 0 0 9 0 0 0 0 0 0 0 0 10 0 0 0 0 0 10 0 4 0 0 0 0 0 7 0 7 0 2 10 0 7 0 0 0 0 0 0 0 0 0 0 1 0 0 0 10 0 0 0 0 0 0 0 3 0 0 0 0 0 7 0 1 0 0 0 0 0 10 0 0 10 0 0 1   0
28 0 0 0 0 0 10 0 0 0 0 0 0 0 0 0 0 0 0 0 0 0 0 0 0 0 0 9 0 0 0 0 0 0 0 0 10 0 0 0 0 0 10 0 4 0 0 0 0 0 8 0 8 0 2 10 0 8 0 0 0 0 0 0 0 0 0 0 1 0 0 0 10 0 0 0 0 0 0 0 3 0 0 0 0 0 8 0 1 0 0 0 0 0 10 0 0 10 0 0 1   0
29 0 0 0 0 0 10 0 0 0 0 0 0 0 0 0 0 0 0 0 0 0 0 0 0 0 0 9 0 0 0 0 0 0 0 0 10 0 0 0 0 0 10 0 4 0 0 0 0 0 9 0 9 0 2 10 0 9 0 0 0 0 0 0 0 0 0 0 1 0 0 0 10 0 0 0 0 0 0 0 3 0 0 0 0 0 9 0 1 0 0 0 0 0 10 0 0 10 0 0 1   0
30 0 0 0 0 0 10 0 0 0 0 0 0 0 0 0 0 0 0 0 0 0 0 0 0 0 0 10 0 0 0 0 0 0 0 0 10 0 0 0 0 0 10 0 4 0 0 0 0 0 10 0 10 0 2 10 0 10 0 0 0 0 0 0 0 0 0 0 1 0 0 0 10 0 0 0 0 0 0 0 3 0 0 0 0 0 10 0 1 0 0 0 0 0 10 0 0 10 0 0 1   0
31 0 0 1 0 0 10 0 0 0 0 0 0 0 0 0 0 0 0 0 0 0 0 0 0 0 0 10 0 0 0 0 0 0 0 0 10 0 0 0 0 0 10 0 4 0 0 0 0 0 10 0 10 0 2 10 0 10 0 0 0 0 0 0 0 0 0 0 1 0 0 0 10 0 0 0 0 0 0 0 3 0 0 0 0 0 10 0 1 0 0 0 0 0 10 0 0 10 0 0 1   0
32 0 0 2 0 0 10 0 0 0 0 0 0 0 0 0 0 0 0 0 0 0 0 0 0 0 0 10 0 0 0 0 0 0 0 0 10 0 0 0 0 0 10 0 4 0 0 0 0 0 10 0 10 0 2 10 0 10 0 0 0 0 0 0 0 0 0 0 2 0 0 0 10 0 0 0 0 0 0 0 3 0 0 0 0 0 10 0 2 0 0 0 0 0 10 0 0 10 0 0 2   0
33 0 0 3 0 0 10 0 0 0 0 0 0 0 0 0 0 0 0 0 0 0 0 0 0 0 0 10 0 0 0 0 0 0 0 0 10 0 0 0 0 0 10 0 4 0 0 0 0 0 10 0 10 0 2 10 0 10 0 0 0 0 0 0 0 0 0 0 2 0 0 0 10 0 0 0 0 0 0 0 3 0 0 0 0 0 10 0 2 0 0 0 0 0 10 0 0 10 0 0 2   0
34 0 0 3 0 0 10 0 0 0 0 0 0 0 0 0 0 0 0 0 0 0 0 0 0 0 0 10 0 0 0 0 0 0 0 0 10 0 0 0 0 0 10 0 4 0 0 0 0 0 10 0 10 0 2 10 0 10 0 0 0 0 0 0 0 0 0 0 2 0 0 0 10 0 0 0 0 0 0 0 4 0 0 0 0 0 10 0 2 0 0 0 0 0 10 0 0 10 0 0 2   0
35 0 0 3 0 0 10 0 0 0 0 0 0 0 0 0 0 0 0 0 0 0 0 0 0 0 0 10 0 0 0 0 0 0 0 0 10 0 0 0 0 0 10 0 5 0 0 0 0 0 10 0 10 0 2 10 0 10 0 0 0 0 0 0 0 0 0 0 2 0 0 0 10 0 0 0 0 0 0 0 5 0 0 0 0 0 10 0 2 0 0 0 0 0 10 0 0 10 0 0 2   0
36 0 0 3 0 0 10 0 0 0 0 0 0 0 0 0 0 0 0 0 0 0 0 0 0 0 0 10 0 0 0 0 0 0 0 0 10 0 0 0 0 0 10 0 6 0 0 0 0 0 10 0 10 0 2 10 0 10 0 0 0 0 0 0 0 0 0 0 2 0 0 0 10 0 0 0 0 0 0 0 5 0 0 0 0 0 10 0 2 0 0 0 0 0 10 0 0 10 0 0 2   20
41 0 0 3 0 0 10 0 0 0 0 0 0 0 0 0 0 0 0 0 0 0 0 0 0 0 0 10 0 0 0 0 0 0 0 0 10 0 0 0 0 0 10 0 6 1 0 0 0 0 10 0 10 0 2 10 0 10 0 0 0 0 0 0 0 0 0 0 2 0 0 0 10 0 0 0 0 0 0 0 5 0 0 0 0 0 10 0 2 0 0 0 0 0 10 0 0 10 0 0 2   40
42 0 0 3 0 0 10 0 0 0 0 0 0 0 0 0 0 0 0 0 0 0 0 0 0 0 0 10 0 0 0 0 0 0 0 0 10 0 0 0 0 0 10 0 6 2 0 0 0 0 10 0 10 0 2 10 0 10 0 0 0 0 0 0 0 0 0 0 2 0 0 0 10 0 0 0 0 0 0 0 5 0 0 0 0 0 10 0 2 0 0 0 0 0 10 0 0 10 0 0 2   40
43 0 0 3 0 0 10 0 0 0 0 0 0 0 0 0 0 0 0 0 0 0 0 0 0 0 0 10 0 0 0 0 0 0 0 0 10 0 0 0 0 0 10 0 6 2 0 0 0 0 10 0 10 0 2 10 0 10 0 0 0 0 0 0 0 0 0 0 3 0 0 0 10 0 0 0 0 0 0 0 5 0 0 0 0 0 10 0 3 0 0 0 0 0 10 0 0 10 0 0 3   40
44 0 0 4 0 0 10 0 0 0 0 0 0 0 0 0 0 0 0 0 0 0 0 0 0 0 0 10 0 0 0 0 0 0 0 0 10 0 0 0 0 0 10 0 6 2 0 0 0 0 10 0 10 0 2 10 0 10 0 0 0 0 0 0 0 0 0 0 4 0 0 0 10 0 0 0 0 0 0 0 5 0 0 0 0 0 10 0 4 0 0 0 0 0 10 0 0 10 0 0 4   60
45 0 0 5 0 0 10 0 0 0 0 0 0 0 0 0 0 0 0 0 0 0 0 0 0 0 0 10 0 0 0 0 0 0 0 0 10 0 0 0 0 0 10 0 6 2 0 0 0 0 10 0 10 0 2 10 0 10 0 0 0 0 0 0 0 0 0 0 5 0 0 0 10 0 0 0 0 0 0 0 5 0 0 0 0 0 10 0 5 0 0 0 0 0 10 0 0 10 0 0 5   60
46 0 0 6 0 0 10 0 0 0 0 0 0 0 0 0 0 0 0 0 0 0 0 0 0 0 0 10 0 0 0 0 0 0 0 0 10 0 0 0 0 0 10 0 6 2 0 0 0 0 10 0 10 0 2 10 0 10 0 0 0 0 0 0 0 0 0 0 6 0 0 0 10 0 0 0 0 0 0 0 6 0 0 0 0 0 10 0 6 0 0 0 0 0 10 0 0 10 0 0 6   60
47 0 0 7 0 0 10 0 0 0 0 0 0 0 0 0 0 0 0 0 0 0 0 0 0 0 0 10 0 0 0 0 0 0 0 0 10 0 0 0 0 0 10 0 7 2 0 0 0 0 10 0 10 0 2 10 0 10 0 0 0 0 0 0 0 0 0 0 7 0 0 0 10 0 0 0 0 0 0 0 7 0 0 0 0 0 10 0 7 0 0 0 0 0 10 0 0 10 0 0 7   60
48 0 0 8 0 0 10 0 0 0 0 0 0 0 0 0 0 0 0 0 0 0 0 0 0 0 0 10 0 0 0 0 0 0 0 0 10 0 0 0 0 0 10 0 8 2 0 0 0 0 10 0 10 0 2 10 0 10 0 0 0 0 0 0 0 0 0 0 7 0 0 0 10 0 0 0 0 0 0 0 8 0 0 0 0 0 10 0 8 0 0 0 0 0 10 0 0 10 0 0 8   60
49 0 0 9 0 0 10 0 0 0 0 0 0 0 0 0 0 0 0 0 0 0 0 0 0 0 0 10 0 0 0 0 0 0 0 0 10 0 0 0 0 0 10 0 9 2 0 0 0 0 10 0 10 0 2 10 0 10 0 0 0 0 0 0 0 0 0 0 7 0 0 0 10 0 0 0 0 0 0 0 9 0 0 0 0 0 10 0 9 0 0 0 0 0 10 0 0 10 0 0 9   80
50 0 0 10 0 0 10 0 0 0 0 0 0 0 0 0 0 0 0 0 0 0 0 0 0 0 0 10 0 0 0 0 0 0 0 0 10 0 0 0 0 0 10 0 10 2 0 0 0 0 10 0 10 0 2 10 0 10 0 0 0 0 0 0 0 0 0 0 7 0 0 0 10 0 0 0 0 0 0 0 10 0 0 0 0 0 10 0 10 0 0 0 0 0 10 0 0 10 0 0 10   80
51 0 0 10 0 0 10 0 0 0 0 0 0 0 0 0 0 0 0 0 0 0 0 0 0 0 0 10 0 0 0 0 0 0 0 0 10 0 0 0 0 0 10 0 10 2 0 0 0 0 10 0 10 0 2 10 0 10 0 0 0 0 0 0 0 0 0 0 7 0 0 0 10 0 0 0 0 0 0 0 10 0 0 0 0 1 10 0 10 0 0 0 0 0 10 0 0 10 0 0 10   80
52 0 0 10 0 0 10 0 0 0 0 0 0 0 0 0 0 0 0 0 0 0 0 0 0 0 0 10 0 0 0 0 0 0 0 0 10 0 0 0 0 0 10 0 10 2 0 0 0 0 10 0 10 0 2 10 0 10 0 0 0 0 0 0 0 0 0 0 7 0 0 0 10 0 0 0 0 0 0 0 10 0 0 0 0 2 10 0 10 0 0 0 0 0 10 0 0 10 0 0 10   80
53 0 0 10 0 0 10 0 0 0 0 0 0 0 0 0 0 0 0 0 0 0 0 0 0 0 0 10 0 0 0 0 0 0 0 0 10 0 0 0 0 0 10 0 10 3 0 0 0 0 10 0 10 0 3 10 0 10 0 0 0 0 0 0 0 0 0 0 7 0 0 0 10 0 0 0 0 0 0 0 10 0 0 0 0 3 10 0 10 0 0 0 0 0 10 0 0 10 0 0 10   80
54 0 0 10 0 0 10 0 0 0 0 0 0 0 0 0 0 0 0 0 0 0 0 0 0 0 0 10 0 0 0 0 0 0 0 0 10 0 0 0 0 0 10 0 10 4 0 0 0 0 10 0 10 0 4 10 0 10 0 0 0 0 0 0 0 0 0 0 7 0 0 0 10 0 0 0 0 0 0 0 10 0 0 0 0 4 10 0 10 0 0 0 0 0 10 0 0 10 0 0 10   100
55 0 0 10 0 0 10 0 0 0 0 0 0 0 0 0 0 0 0 0 0 0 0 0 0 0 0 10 0 0 0 0 0 0 0 0 10 0 0 0 0 0 10 0 10 5 0 0 0 0 10 0 10 0 5 10 0 10 0 0 0 0 0 0 0 0 0 0 7 0 0 0 10 0 0 0 0 0 0 0 10 0 0 0 0 5 10 0 10 0 0 0 0 0 10 0 0 10 0 0 10   120
56 0 0 10 0 0 10 0 0 0 0 0 0 0 0 0 0 0 0 0 0 0 0 0 0 0 0 10 0 0 0 0 0 0 0 0 10 0 0 0 0 0 10 0 10 6 0 0 0 0 10 0 10 0 6 10 0 10 0 0 0 0 0 0 0 0 0 0 7 0 0 0 10 0 0 0 0 0 0 0 10 0 0 0 0 6 10 0 10 0 0 0 0 0 10 0 0 10 0 0 10   120
57 0 0 10 0 0 10 0 0 0 0 0 0 0 0 0 0 0 0 0 0 0 0 0 0 0 0 10 0 0 0 0 0 0 0 0 10 0 0 0 0 0 10 0 10 7 0 0 0 0 10 0 10 0 7 10 0 10 0 0 0 0 0 0 0 0 0 0 7 0 0 0 10 0 0 0 0 0 0 0 10 0 0 0 0 7 10 0 10 0 0 0 0 0 10 0 0 10 0 0 10   160
58 0 0 10 0 0 10 0 0 0 0 0 0 0 0 0 0 0 0 0 0 0 0 0 0 0 0 10 0 0 0 0 0 0 0 0 10 0 0 0 0 0 10 0 10 8 0 0 0 0 10 0 10 0 8 10 0 10 0 0 0 0 0 0 0 0 0 0 8 0 0 0 10 0 0 0 0 0 0 0 10 0 0 0 0 8 10 0 10 0 0 0 0 0 10 0 0 10 0 0 10   220
59 0 0 10 0 0 10 0 0 0 0 0 0 0 0 0 0 0 0 0 0 0 0 0 0 0 0 10 0 0 0 0 0 0 0 0 10 0 0 0 0 0 10 0 10 9 0 0 0 0 10 0 10 0 9 10 0 10 0 0 0 0 0 0 0 0 0 0 9 0 0 0 10 0 0 0 0 0 0 0 10 0 0 0 0 9 10 0 10 0 0 0 0 0 10 0 0 10 0 0 10   220
60 0 0 10 0 0 10 0 0 0 0 0 0 0 0 0 0 0 0 0 0 0 0 0 0 0 0 10 0 0 0 0 0 0 0 0 10 0 0 0 0 0 10 0 10 10 0 0 0 0 10 0 10 0 10 10 0 10 0 0 0 0 0 0 0 0 0 0 10 0 0 0 10 0 0 0 0 0 0 0 10 0 0 0 0 10 10 0 10 0 0 0 0 0 10 0 0 10 0 0 10   220
192 0 0 10 0 0 10 0 0 0 0 0 0 0 0 1 0 1 0 0 0 0 0 0 0 1 0 10 0 0 0 0 0 0 0 0 10 0 0 0 0 0 10 0 10 10 0 0 0 0 10 0 10 0 10 10 0 10 0 0 0 0 0 0 0 0 0 0 10 0 0 0 10 0 0 0 0 0 0 0 10 0 0 0 0 10 10 0 10 0 1 0 0 0 10 0 0 10 0 0 10   2620
205 0 0 10 0 0 10 0 0 0 0 0 0 0 0 2 0 2 0 0 0 0 0 0 0 2 0 10 0 0 0 0 0 0 0 0 10 0 0 0 0 0 10 0 10 10 0 0 0 0 10 0 10 0 10 10 0 10 0 0 0 0 0 0 0 0 0 0 10 0 0 0 10 0 0 0 0 0 0 0 10 0 0 0 0 10 10 0 10 0 1 0 0 0 10 0 0 10 0 0 10   2880
206 0 0 10 0 0 10 0 0 0 0 0 0 0 0 3 0 3 0 0 0 0 0 0 0 3 0 10 0 0 0 0 0 0 0 0 10 0 0 0 0 0 10 0 10 10 0 0 0 0 10 0 10 0 10 10 0 10 0 0 0 0 0 0 0 0 0 0 10 0 0 0 10 0 0 0 0 0 0 0 10 0 0 0 0 10 10 0 10 0 1 0 0 0 10 0 0 10 0 0 10   2900
212 0 0 10 0 0 10 0 0 0 0 0 1 0 0 3 0 3 0 0 0 0 0 0 0 3 0 10 0 0 1 0 0 0 0 0 10 0 0 0 0 0 10 0 10 10 0 0 0 0 10 0 10 0 10 10 0 10 0 0 0 0 0 0 0 1 0 0 10 0 0 0 10 0 0 0 0 0 0 0 10 0 0 0 1 10 10 0 10 0 1 0 0 0 10 0 0 10 0 0 10   3060
215 0 0 10 0 0 10 0 0 0 0 0 2 0 0 3 0 3 0 0 0 0 0 0 0 3 0 10 0 0 2 0 0 0 0 0 10 0 0 0 0 0 10 0 10 10 0 0 0 0 10 0 10 0 10 10 0 10 0 0 0 0 0 0 0 2 0 0 10 0 0 0 10 0 0 0 0 0 0 0 10 0 0 0 2 10 10 0 10 0 2 0 0 0 10 0 0 10 0 0 10   3120
221 0 0 10 0 0 10 0 0 0 0 0 3 0 0 3 0 3 0 0 0 0 0 0 0 3 0 10 0 0 3 0 0 0 0 0 10 0 0 0 0 0 10 0 10 10 0 0 0 0 10 0 10 0 10 10 0 10 0 0 0 0 0 0 0 3 0 0 10 0 0 0 10 0 0 0 0 0 0 0 10 0 0 0 3 10 10 0 10 0 3 0 0 0 10 0 0 10 0 0 10   3240
224 0 0 10 0 0 10 1 1 0 0 0 3 0 0 3 1 3 0 0 0 0 0 0 0 3 0 10 0 0 3 0 0 0 0 0 10 1 0 0 0 0 10 0 10 10 0 0 0 0 10 0 10 0 10 10 0 10 0 0 0 0 1 0 0 3 0 0 10 1 0 0 10 1 0 0 0 0 0 0 10 0 0 1 3 10 10 0 10 0 3 0 0 0 10 0 0 10 0 0 10   3240
227 0 0 10 0 0 10 1 1 0 0 0 3 0 0 3 2 3 0 0 0 0 0 0 0 3 0 10 0 0 3 0 0 0 0 0 10 2 0 0 0 0 10 0 10 10 0 0 0 0 10 0 10 0 10 10 0 10 0 0 0 0 1 0 0 3 0 0 10 2 0 0 10 2 0 0 0 0 0 0 10 0 0 1 3 10 10 0 10 0 3 0 0 0 10 0 0 10 0 0 10   3300
231 0 0 10 0 0 10 1 1 0 0 0 3 0 0 3 2 3 0 0 0 0 0 0 0 3 0 10 0 0 3 0 0 0 0 0 10 2 0 0 0 0 10 0 10 10 0 0 0 0 10 0 10 0 10 10 0 10 0 0 0 0 1 0 0 3 0 0 10 3 0 0 10 2 0 0 0 0 0 0 10 0 0 1 3 10 10 0 10 0 3 0 0 0 10 0 0 10 0 0 10   3360
243 0 0 10 0 0 10 2 2 0 0 0 3 0 0 3 2 3 0 0 0 0 0 0 0 3 0 10 0 0 3 0 0 0 0 0 10 2 0 0 0 0 10 0 10 10 0 0 0 0 10 0 10 0 10 10 0 10 0 0 0 0 1 0 0 3 0 0 10 3 0 0 10 2 0 0 0 0 0 0 10 0 0 2 3 10 10 0 10 0 3 0 0 0 10 0 0 10 0 0 10   3580
244 0 0 10 1 0 10 2 2 0 0 0 3 0 1 3 2 3 0 0 0 0 0 0 1 3 1 10 0 1 3 0 1 0 0 0 10 2 0 0 0 0 10 0 10 10 0 0 0 0 10 1 10 0 10 10 1 10 0 0 0 0 1 0 0 3 0 0 10 3 1 1 10 2 0 0 0 0 0 0 10 0 0 2 3 10 10 0 10 0 3 1 0 1 10 0 0 10 1 0 10   3620
253 0 0 10 1 0 10 2 2 0 0 0 3 0 1 3 2 3 0 0 0 0 0 0 1 3 1 10 0 1 3 0 1 0 0 0 10 2 0 0 0 0 10 0 10 10 0 0 0 0 10 1 10 0 10 10 1 10 0 0 0 0 1 0 0 3 0 0 10 4 1 1 10 2 0 0 0 0 0 0 10 0 0 2 3 10 10 0 10 0 4 1 0 1 10 0 0 10 1 0 10   3780
256 1 0 10 1 0 10 2 2 0 0 1 3 0 1 3 2 3 1 1 0 1 0 0 2 3 2 10 0 2 3 0 1 0 0 0 10 2 1 0 1 0 10 0 10 10 0 0 0 0 10 2 10 1 10 10 1 10 0 0 0 1 2 0 0 3 0 0 10 4 1 2 10 2 0 0 0 1 0 0 10 0 1 2 3 10 10 0 10 0 4 1 0 1 10 0 0 10 1 1 10   3880
257 1 0 10 1 0 10 2 2 0 0 1 3 0 1 3 3 3 1 1 0 1 0 0 2 3 3 10 0 3 3 0 1 0 0 0 10 3 1 0 1 0 10 0 10 10 0 0 0 0 10 3 10 1 10 10 1 10 0 0 0 1 3 0 0 3 0 0 10 4 1 3 10 3 0 0 0 1 0 0 10 0 1 2 3 10 10 0 10 0 4 1 0 1 10 0 0 10 1 1 10   3880
258 1 0 10 1 0 10 2 2 0 0 1 3 0 1 3 4 3 1 1 0 1 0 0 2 3 4 10 0 4 3 0 1 0 0 0 10 4 1 0 1 0 10 0 10 10 0 0 0 0 10 4 10 1 10 10 1 10 0 0 0 1 4 0 0 3 0 0 10 4 1 4 10 4 0 0 0 1 0 0 10 0 1 2 3 10 10 0 10 0 4 1 0 1 10 0 0 10 1 1 10   3920
259 1 0 10 1 0 10 2 2 0 0 1 3 0 1 3 5 3 1 1 0 1 0 0 2 3 5 10 0 5 3 0 1 0 0 0 10 5 1 0 1 0 10 0 10 10 0 0 0 0 10 5 10 1 10 10 1 10 0 0 0 1 5 0 0 3 0 0 10 5 1 5 10 4 0 0 0 1 0 0 10 0 1 2 3 10 10 0 10 0 4 1 0 1 10 0 0 10 1 1 10   3940
260 1 0 10 1 0 10 2 3 0 0 1 3 0 1 3 5 3 1 1 0 1 0 0 3 3 5 10 0 5 3 0 1 0 0 0 10 5 1 0 1 0 10 0 10 10 0 0 0 0 10 5 10 1 10 10 1 10 0 0 0 1 5 0 0 3 0 0 10 5 1 5 10 4 0 0 0 1 0 0 10 0 1 2 3 10 10 0 10 0 4 1 0 1 10 0 0 10 1 1 10   3960
262 1 0 10 1 0 10 2 3 0 0 1 3 0 1 3 5 3 1 1 0 1 0 0 3 3 5 10 0 5 3 0 1 0 0 0 10 5 1 0 1 0 10 0 10 10 0 0 0 0 10 5 10 1 10 10 1 10 0 0 0 1 5 0 0 3 0 0 10 5 1 5 10 5 0 0 0 1 0 0 10 0 1 2 3 10 10 0 10 0 4 1 0 1 10 0 0 10 1 1 10   4080
263 1 0 10 2 0 10 2 3 0 0 2 3 0 2 3 5 3 1 1 0 1 0 0 3 3 5 10 0 5 3 0 1 0 0 0 10 5 1 0 1 0 10 0 10 10 0 0 0 0 10 5 10 2 10 10 2 10 0 0 0 1 5 0 0 3 0 0 10 5 1 5 10 5 0 0 0 1 0 0 10 0 1 2 3 10 10 0 10 0 4 1 0 1 10 0 0 10 2 1 10   4100
268 1 0 10 3 0 10 2 3 0 0 3 3 0 2 3 5 3 1 1 0 1 0 0 3 3 5 10 0 5 3 0 1 0 0 0 10 6 1 0 1 0 10 0 10 10 0 0 0 0 10 6 10 2 10 10 3 10 0 0 0 1 6 0 0 3 0 0 10 5 1 6 10 6 0 0 0 1 0 0 10 0 1 2 3 10 10 0 10 0 4 1 0 1 10 0 0 10 3 1 10   4180
274 1 0 10 3 0 10 2 3 0 0 3 3 0 2 3 5 3 2 1 0 2 0 0 3 3 5 10 0 5 3 0 1 0 0 0 10 6 1 0 2 0 10 0 10 10 0 0 0 0 10 6 10 2 10 10 3 10 0 0 0 1 6 0 0 3 0 0 10 5 1 6 10 6 0 0 0 2 0 0 10 0 2 2 3 10 10 0 10 0 4 2 0 2 10 0 0 10 3 1 10   4380
278 1 0 10 3 0 10 2 3 0 0 3 3 0 2 3 5 3 3 1 0 2 0 0 3 3 5 10 0 5 3 0 1 0 0 0 10 6 1 0 2 1 10 0 10 10 0 0 0 0 10 6 10 2 10 10 3 10 0 1 0 1 6 0 0 3 0 0 10 5 1 6 10 6 0 0 0 3 1 0 10 0 2 2 3 10 10 0 10 0 4 2 0 3 10 0 0 10 3 1 10   4420
279 1 1 10 3 0 10 2 3 0 1 3 3 0 2 3 5 3 3 1 0 2 1 0 3 3 5 10 1 5 3 1 1 0 0 0 10 6 1 1 2 1 10 0 10 10 0 0 0 0 10 6 10 2 10 10 3 10 0 1 1 1 6 1 0 3 1 0 10 5 1 6 10 6 1 0 0 3 1 0 10 0 2 2 3 10 10 1 10 0 4 2 0 3 10 0 0 10 3 1 10   4420
280 1 1 10 3 0 10 2 3 0 1 3 3 0 2 3 5 3 3 1 0 3 1 0 3 3 5 10 1 5 3 1 1 0 0 0 10 6 1 1 3 1 10 0 10 10 0 0 0 0 10 6 10 2 10 10 3 10 0 1 1 1 6 1 0 3 1 0 10 5 1 6 10 6 1 0 0 3 1 0 10 0 3 2 3 10 10 1 10 0 4 3 0 3 10 0 0 10 3 1 10   4460
280 1 1 10 3 0 10 2 3 0 1 3 3 0 2 3 5 3 4 1 0 3 1 0 3 3 5 10 1 5 3 1 1 0 0 0 10 6 1 1 4 1 10 0 10 10 0 0 0 0 10 6 10 2 10 10 3 10 0 1 1 1 6 1 0 3 1 0 10 5 1 6 10 6 1 0 0 4 1 0 10 0 4 2 3 10 10 1 10 0 4 4 0 3 10 0 0 10 3 1 10   4460
281 2 1 10 3 0 10 2 3 0 2 3 3 0 2 3 5 3 4 2 0 3 1 0 3 3 5 10 1 5 3 1 1 0 0 1 10 6 1 1 4 1 10 0 10 10 1 0 0 2 10 6 10 2 10 10 3 10 0 1 1 2 6 1 0 3 1 1 10 5 1 6 10 6 1 0 0 4 1 0 10 1 4 2 3 10 10 2 10 0 4 4 0 3 10 0 0 10 3 2 10   4460
282 2 2 10 3 0 10 2 3 0 2 3 3 0 2 3 5 3 4 2 0 3 2 0 3 3 5 10 1 5 3 2 1 0 0 1 10 6 1 2 4 2 10 0 10 10 2 0 0 2 10 6 10 2 10 10 3 10 0 2 2 2 6 1 0 3 1 1 10 5 1 6 10 6 2 0 0 4 2 0 10 1 4 2 3 10 10 2 10 0 4 4 0 3 10 0 0 10 3 2 10   4460
285 2 3 10 3 0 10 2 3 0 2 3 3 0 2 3 5 3 4 2 0 3 3 0 3 3 5 10 1 5 3 3 1 0 0 1 10 6 1 3 4 3 10 0 10 10 3 0 0 3 10 6 10 2 10 10 3 10 0 3 3 2 6 1 0 3 1 1 10 5 1 6 10 6 3 0 0 4 3 0 10 1 4 2 3 10 10 3 10 0 4 4 0 3 10 0 0 10 3 2 10   4520
285 2 4 10 3 0 10 2 3 0 2 3 3 0 2 3 5 3 4 2 0 3 4 0 3 3 5 10 1 5 3 3 1 0 0 1 10 6 1 4 4 4 10 0 10 10 3 0 0 3 10 6 10 2 10 10 3 10 0 4 4 2 6 1 0 3 1 1 10 5 1 6 10 6 3 0 0 4 3 0 10 1 4 2 3 10 10 4 10 0 4 4 0 3 10 0 0 10 3 2 10   4520
286 2 4 10 3 0 10 2 3 0 2 3 3 0 2 3 5 3 5 2 0 3 4 0 3 3 5 10 1 5 3 3 1 0 0 1 10 6 1 4 4 5 10 0 10 10 3 0 0 3 10 6 10 2 10 10 3 10 0 4 4 2 6 1 0 3 1 1 10 5 1 6 10 6 3 0 0 5 3 0 10 1 5 2 3 10 10 4 10 0 4 5 0 3 10 0 0 10 3 2 10   4520
287 2 4 10 3 0 10 2 3 0 2 3 3 0 2 3 5 3 5 2 0 3 4 0 3 3 5 10 1 5 3 4 1 0 0 1 10 6 1 4 4 5 10 0 10 10 4 0 0 3 10 6 10 2 10 10 3 10 0 4 4 2 6 1 0 3 1 1 10 5 1 6 10 6 4 0 0 5 3 0 10 1 5 2 3 10 10 4 10 0 4 5 0 3 10 0 0 10 3 2 10   4540
288 2 4 10 3 0 10 2 3 0 2 3 3 0 2 3 5 3 5 2 0 3 4 0 3 3 5 10 1 5 3 4 1 0 1 1 10 6 1 4 4 5 10 0 10 10 4 0 1 3 10 6 10 2 10 10 3 10 0 4 4 2 6 1 0 3 1 1 10 5 1 6 10 6 4 0 0 5 3 0 10 1 5 2 3 10 10 4 10 0 4 5 0 3 10 0 1 10 3 2 10   4540
291 2 4 10 3 0 10 2 3 0 2 3 3 0 2 3 5 3 6 2 0 3 4 0 3 3 5 10 1 5 3 4 1 0 1 1 10 6 1 4 4 6 10 0 10 10 4 0 1 3 10 6 10 2 10 10 3 10 0 4 4 2 6 1 0 3 1 1 10 5 1 6 10 6 4 0 0 6 3 0 10 1 5 2 3 10 10 4 10 0 4 5 0 3 10 0 1 10 3 2 10   4660
292 2 4 10 3 0 10 2 3 0 2 3 3 0 2 3 5 3 6 2 0 3 5 0 3 3 5 10 1 5 3 4 1 0 1 1 10 6 1 5 4 6 10 0 10 10 5 0 1 3 10 6 10 2 10 10 3 10 0 4 4 2 6 1 0 3 1 1 10 5 1 6 10 6 5 0 0 6 3 0 10 1 5 2 3 10 10 5 10 0 4 5 0 3 10 0 1 10 3 2 10   4660
294 2 4 10 3 0 10 2 3 0 2 3 3 0 2 3 5 3 6 2 0 3 5 0 3 3 5 10 2 5 3 4 1 0 2 1 10 6 1 5 4 6 10 0 10 10 5 0 2 3 10 6 10 2 10 10 3 10 0 4 4 2 6 2 0 3 1 1 10 5 1 6 10 6 5 0 0 6 3 0 10 2 5 2 3 10 10 5 10 0 4 5 0 3 10 0 1 10 3 2 10   4660
295 2 4 10 3 0 10 2 3 0 2 3 3 0 2 3 5 3 6 2 0 3 5 0 3 3 5 10 2 5 3 4 1 0 2 1 10 6 2 5 4 6 10 0 10 10 5 0 2 3 10 6 10 2 10 10 3 10 0 4 4 2 6 2 0 3 2 1 10 5 1 6 10 6 5 0 0 6 3 0 10 2 5 2 3 10 10 5 10 0 4 5 0 3 10 0 1 10 3 2 10   4740
297 3 4 10 3 0 10 2 3 0 3 3 3 0 2 3 5 3 6 3 0 3 5 0 3 3 5 10 2 5 3 4 1 0 2 1 10 6 2 5 4 6 10 0 10 10 5 0 2 3 10 6 10 2 10 10 3 10 0 4 4 3 6 2 0 3 3 1 10 5 1 6 10 6 5 0 0 6 3 0 10 2 5 2 3 10 10 5 10 0 4 5 0 3 10 0 1 10 3 3 10   4780
304 3 4 10 3 0 10 2 3 0 3 3 3 0 2 3 5 3 6 3 0 3 6 0 3 3 5 10 2 5 3 4 1 0 2 1 10 6 2 5 4 6 10 0 10 10 5 0 2 3 10 6 10 2 10 10 3 10 0 4 4 3 6 2 0 3 3 1 10 5 1 6 10 6 5 0 0 6 3 0 10 2 5 2 3 10 10 6 10 0 4 5 0 3 10 0 1 10 3 3 10   4820
307 3 5 10 3 0 10 2 3 0 3 3 3 0 2 3 5 3 6 3 0 3 6 0 3 3 5 10 2 5 3 5 1 0 2 1 10 6 2 5 4 6 10 0 10 10 5 0 2 3 10 6 10 2 10 10 3 10 0 5 5 3 6 2 0 3 3 1 10 5 1 6 10 6 5 0 0 6 3 0 10 2 5 2 3 10 10 6 10 0 4 5 0 3 10 0 1 10 3 3 10   4860
308 3 6 10 3 0 10 2 3 0 3 3 3 0 2 3 5 3 6 3 0 3 6 0 3 3 5 10 2 5 3 6 1 0 2 1 10 6 2 6 4 6 10 0 10 10 6 0 2 3 10 6 10 2 10 10 3 10 0 5 6 3 6 2 0 3 3 1 10 5 1 6 10 6 6 0 0 6 3 0 10 2 5 2 3 10 10 6 10 0 4 5 0 3 10 0 1 10 3 3 10   4860
311 3 6 10 3 0 10 2 3 1 3 3 3 1 2 3 5 3 6 3 1 3 6 1 3 3 5 10 3 5 3 6 1 0 3 1 10 6 2 6 4 6 10 0 10 10 6 1 3 3 10 6 10 2 10 10 3 10 1 5 6 3 6 3 0 3 3 1 10 5 1 6 10 6 6 0 1 6 3 0 10 3 5 2 3 10 10 6 10 1 4 5 1 3 10 0 1 10 3 3 10   4880
311 3 6 10 3 0 10 2 3 1 3 3 3 1 2 3 5 3 6 3 1 3 6 1 3 3 5 10 4 5 3 6 1 0 4 1 10 6 2 6 4 6 10 0 10 10 6 1 3 4 10 6 10 2 10 10 3 10 1 5 6 3 6 4 0 3 3 1 10 5 1 6 10 6 6 0 1 6 3 0 10 4 5 2 3 10 10 6 10 1 4 5 1 3 10 0 1 10 3 3 10   4880
313 3 6 10 3 0 10 2 3 2 3 3 3 2 2 3 5 3 6 3 2 3 6 2 3 3 5 10 4 5 3 6 1 0 4 1 10 6 2 6 4 6 10 0 10 10 6 2 3 4 10 6 10 2 10 10 3 10 2 5 6 3 6 4 0 3 3 1 10 5 1 6 10 6 6 0 2 6 3 0 10 4 5 2 3 10 10 6 10 2 4 5 1 3 10 0 2 10 3 3 10   4900
324 3 6 10 3 0 10 2 3 2 3 3 3 2 2 3 5 3 6 3 3 3 6 3 3 3 5 10 4 5 3 6 1 0 4 1 10 6 2 6 4 6 10 0 10 10 6 2 3 4 10 6 10 2 10 10 3 10 3 5 6 3 6 4 0 3 3 1 10 5 1 6 10 6 6 0 3 6 3 0 10 4 5 2 3 10 10 6 10 3 4 5 1 3 10 0 2 10 3 3 10   5080
329 3 6 10 3 0 10 2 3 2 3 3 3 2 2 3 5 3 6 3 4 3 6 4 3 3 5 10 4 5 3 6 1 0 4 1 10 6 2 6 4 6 10 0 10 10 6 2 4 4 10 6 10 2 10 10 3 10 4 5 6 3 6 4 0 3 3 1 10 5 1 6 10 6 6 0 4 6 3 0 10 4 5 2 3 10 10 6 10 3 4 5 1 3 10 0 2 10 3 3 10   5140
335 3 6 10 3 1 10 2 3 2 3 3 3 2 2 3 5 3 6 3 4 3 6 4 3 3 5 10 4 5 3 6 1 1 4 1 10 6 2 6 4 6 10 1 10 10 6 2 4 4 10 6 10 2 10 10 3 10 4 5 6 3 6 4 1 3 3 1 10 5 1 6 10 6 6 0 4 6 3 0 10 4 5 2 3 10 10 6 10 3 4 5 1 3 10 1 2 10 3 3 10   5320
