1 0 0 0 0 0 1 0 0 0 0 0 0 0 0 0 0 0 0 0 0 0 0 0 0 0 0 1 0 0 0 0 0 0 0 0 1 0 0 0 0 0 1 0 0 0 0 0 0 0 1 0 0 0 0 1 0 1 0 0 0 0 0 0 0 0 0 0 0 0 0 0 1 0 0 0 0 0 0 0 0 0 0 0 0 0 1 0 0 0 0 0 0 0 1 0 0 1 0 0 0   0
2 0 0 0 0 0 2 0 0 0 0 0 0 0 0 0 0 0 0 0 0 0 0 0 0 0 0 2 0 0 0 0 0 0 0 0 1 0 0 0 0 0 2 0 0 0 0 0 0 0 2 0 0 0 0 1 0 2 0 0 0 0 0 0 0 0 0 0 0 0 0 0 2 0 0 0 0 0 0 0 0 0 0 0 0 0 1 0 0 0 0 0 0 0 2 0 0 2 0 0 0   0
3 0 0 0 0 0 3 0 0 0 0 0 0 0 0 0 0 0 0 0 0 0 0 0 0 0 0 3 0 0 0 0 0 0 0 0 1 0 0 0 0 0 2 0 0 0 0 0 0 0 3 0 0 0 0 1 0 2 0 0 0 0 0 0 0 0 0 0 0 0 0 0 3 0 0 0 0 0 0 0 0 0 0 0 0 0 1 0 0 0 0 0 0 0 3 0 0 3 0 0 0   0
4 0 0 0 0 0 4 0 0 0 0 0 0 0 0 0 0 0 0 0 0 0 0 0 0 0 0 4 0 0 0 0 0 0 0 0 1 0 0 0 0 0 2 0 0 0 0 0 0 0 4 0 0 0 0 1 0 2 0 0 0 0 0 0 0 0 0 0 0 0 0 0 4 0 0 0 0 0 0 0 0 0 0 0 0 0 1 0 0 0 0 0 0 0 4 0 0 4 0 0 0   0
5 0 0 0 0 0 5 0 0 0 0 0 0 0 0 0 0 0 0 0 0 0 0 0 0 0 0 5 0 0 0 0 0 0 0 0 1 0 0 0 0 0 2 0 0 0 0 0 0 0 5 0 0 0 0 1 0 2 0 0 0 0 0 0 0 0 0 0 0 0 0 0 5 0 0 0 0 0 0 0 0 0 0 0 0 0 1 0 0 0 0 0 0 0 5 0 0 5 0 0 0   0
6 0 0 0 0 0 6 0 0 0 0 0 0 0 0 0 0 0 0 0 0 0 0 0 0 0 0 6 0 0 0 0 0 0 0 0 1 0 0 0 0 0 2 0 0 0 0 0 0 0 6 0 0 0 0 1 0 2 0 0 0 0 0 0 0 0 0 0 0 0 0 0 6 0 0 0 0 0 0 0 0 0 0 0 0 0 1 0 0 0 0 0 0 0 6 0 0 6 0 0 0   0
7 0 0 0 0 0 6 0 0 0 0 0 0 0 0 0 0 0 0 0 0 0 0 0 0 0 0 7 0 0 0 0 0 0 0 0 1 0 0 0 0 0 2 0 0 0 0 0 0 0 6 0 0 0 0 1 0 2 0 0 0 0 0 0 0 0 0 0 0 0 0 0 7 0 0 0 0 0 0 0 0 0 0 0 0 0 1 0 0 0 0 0 0 0 7 0 0 7 0 0 0   0
8 0 0 0 0 0 6 0 0 0 0 0 0 0 0 0 0 0 0 0 0 0 0 0 0 0 0 8 0 0 0 0 0 0 0 0 1 0 0 0 0 0 2 0 0 0 0 0 0 0 6 0 0 0 0 1 0 2 0 0 0 0 0 0 0 0 0 0 0 0 0 0 8 0 0 0 0 0 0 0 0 0 0 0 0 0 1 0 0 0 0 0 0 0 8 0 0 8 0 0 0   0
9 0 0 0 0 0 6 0 0 0 0 0 0 0 0 0 0 0 0 0 0 0 0 0 0 0 0 9 0 0 0 0 0 0 0 0 1 0 0 0 0 0 2 0 0 0 0 0 0 0 6 0 0 0 0 1 0 2 0 0 0 0 0 0 0 0 0 0 0 0 0 0 8 0 0 0 0 0 0 0 0 0 0 0 0 0 1 0 0 0 0 0 0 0 9 0 0 9 0 0 0   0
10 0 0 0 0 0 6 0 0 0 0 0 0 0 0 0 0 0 0 0 0 0 0 0 0 0 0 10 0 0 0 0 0 0 0 0 1 0 0 0 0 0 2 0 0 0 0 0 0 0 6 0 0 0 0 1 0 2 0 0 0 0 0 0 0 0 0 0 0 0 0 0 8 0 0 0 0 0 0 0 0 0 0 0 0 0 1 0 0 0 0 0 0 0 9 0 0 10 0 0 0   0
12 0 0 0 0 0 6 0 0 0 0 0 0 0 0 0 0 0 0 0 0 0 0 0 0 0 0 10 0 0 0 0 0 0 0 0 2 0 0 0 0 0 2 0 0 0 0 0 0 0 6 0 0 0 0 2 0 2 0 0 0 0 0 0 0 0 0 0 0 0 0 0 8 0 0 0 0 0 0 0 0 0 0 0 0 0 1 0 0 0 0 0 0 0 9 0 0 10 0 0 0   0
13 0 0 0 0 0 6 0 0 0 0 0 0 0 0 0 0 0 0 0 0 0 0 0 0 0 0 10 0 0 0 0 0 0 0 0 3 0 0 0 0 0 3 0 0 0 0 0 0 0 6 0 0 0 0 3 0 3 0 0 0 0 0 0 0 0 0 0 0 0 0 0 8 0 0 0 0 0 0 0 0 0 0 0 0 0 1 0 0 0 0 0 0 0 9 0 0 10 0 0 0   0
14 0 0 0 0 0 6 0 0 0 0 0 0 0 0 0 0 0 0 0 0 0 0 0 0 0 0 10 0 0 0 0 0 0 0 0 4 0 0 0 0 0 4 0 0 0 0 0 0 0 6 0 0 0 0 4 0 4 0 0 0 0 0 0 0 0 0 0 0 0 0 0 8 0 0 0 0 0 0 0 0 0 0 0 0 0 1 0 0 0 0 0 0 0 9 0 0 10 0 0 0   0
15 0 0 0 0 0 6 0 0 0 0 0 0 0 0 0 0 0 0 0 0 0 0 0 0 0 0 10 0 0 0 0 0 0 0 0 5 0 0 0 0 0 5 0 0 0 0 0 0 0 6 0 0 0 0 4 0 4 0 0 0 0 0 0 0 0 0 0 0 0 0 0 8 0 0 0 0 0 0 0 0 0 0 0 0 0 1 0 0 0 0 0 0 0 9 0 0 10 0 0 0   0
16 0 0 0 0 0 6 0 0 0 0 0 0 0 0 0 0 0 0 0 0 0 0 0 0 0 0 10 0 0 0 0 0 0 0 0 6 0 0 0 0 0 6 0 0 0 0 0 0 0 6 0 0 0 0 4 0 4 0 0 0 0 0 0 0 0 0 0 0 0 0 0 8 0 0 0 0 0 0 0 0 0 0 0 0 0 1 0 0 0 0 0 0 0 9 0 0 10 0 0 0   0
17 0 0 0 0 0 7 0 0 0 0 0 0 0 0 0 0 0 0 0 0 0 0 0 0 0 0 10 0 0 0 0 0 0 0 0 7 0 0 0 0 0 7 0 0 0 0 0 0 0 7 0 0 0 0 4 0 4 0 0 0 0 0 0 0 0 0 0 0 0 0 0 8 0 0 0 0 0 0 0 0 0 0 0 0 0 1 0 0 0 0 0 0 0 9 0 0 10 0 0 0   0
18 0 0 0 0 0 7 0 0 0 0 0 0 0 0 0 0 0 0 0 0 0 0 0 0 0 0 10 0 0 0 0 0 0 0 0 8 0 0 0 0 0 7 0 0 0 0 0 0 0 8 0 0 0 0 4 0 4 0 0 0 0 0 0 0 0 0 0 0 0 0 0 8 0 0 0 0 0 0 0 0 0 0 0 0 0 1 0 0 0 0 0 0 0 9 0 0 10 0 0 0   0
19 0 0 0 0 0 7 0 0 0 0 0 0 0 0 0 0 0 0 0 0 0 0 0 0 0 0 10 0 0 0 0 0 0 0 0 9 0 0 0 0 0 7 0 0 0 0 0 0 0 9 0 0 0 0 4 0 4 0 0 0 0 0 0 0 0 0 0 0 0 0 0 8 0 0 0 0 0 0 0 0 0 0 0 0 0 1 0 0 0 0 0 0 0 9 0 0 10 0 0 0   0
20 0 0 0 0 0 7 0 0 0 0 0 0 0 0 0 0 0 0 0 0 0 0 0 0 0 0 10 0 0 0 0 0 0 0 0 10 0 0 0 0 0 7 0 0 0 0 0 0 0 10 0 0 0 0 4 0 4 0 0 0 0 0 0 0 0 0 0 0 0 0 0 8 0 0 0 0 0 0 0 0 0 0 0 0 0 1 0 0 0 0 0 0 0 10 0 0 10 0 0 0   0
25 0 0 0 0 0 7 0 0 0 0 0 0 0 0 0 0 0 0 0 0 0 0 0 0 0 0 10 0 0 0 0 0 0 0 0 10 0 0 0 0 0 7 0 0 0 0 0 0 0 10 0 0 0 0 5 0 4 0 0 0 0 0 0 0 0 0 0 0 0 0 0 8 0 0 0 0 0 0 0 0 0 0 0 0 0 1 0 0 0 0 0 0 0 10 0 0 10 0 0 0   0
26 0 0 0 0 0 7 0 0 0 0 0 0 0 0 0 0 0 0 0 0 0 0 0 0 0 0 10 0 0 0 0 0 0 0 0 10 0 0 0 0 0 7 0 0 0 0 0 0 0 10 0 0 0 0 6 0 4 0 0 0 0 0 0 0 0 0 0 0 0 0 0 8 0 0 0 0 0 0 0 0 0 0 0 0 0 1 0 0 0 0 0 0 0 10 0 0 10 0 0 0   0
27 0 0 0 0 0 7 0 0 0 0 0 0 0 0 0 0 0 0 0 0 0 0 0 0 0 0 10 0 0 0 0 0 0 0 0 10 0 0 0 0 0 7 0 0 0 0 0 0 0 10 0 0 0 0 7 0 4 0 0 0 0 0 0 0 0 0 0 0 0 0 0 8 0 0 0 0 0 0 0 0 0 0 0 0 0 1 0 0 0 0 0 0 0 10 0 0 10 0 0 0   0
31 0 0 1 0 0 7 0 0 0 0 0 0 0 0 0 0 0 0 0 0 0 0 0 0 0 0 10 0 0 0 0 0 0 0 0 10 0 0 0 0 0 7 0 0 0 0 0 0 0 10 0 1 0 0 7 0 4 0 0 0 0 0 0 0 0 0 0 1 0 0 0 8 0 0 0 0 0 0 0 0 0 0 0 0 0 1 0 1 0 0 0 0 0 10 0 0 10 0 0 0   0
32 0 0 2 0 0 7 0 0 0 0 0 0 0 0 0 0 0 0 0 0 0 0 0 0 0 0 10 0 0 0 0 0 0 0 0 10 0 0 0 0 0 7 0 0 0 0 0 0 0 10 0 2 0 0 7 0 4 0 0 0 0 0 0 0 0 0 0 2 0 0 0 8 0 0 0 0 0 0 0 0 0 0 0 0 0 2 0 2 0 0 0 0 0 10 0 0 10 0 0 0   0
33 0 0 2 0 0 7 0 0 0 0 0 0 0 0 0 0 0 0 0 0 0 0 0 0 0 0 10 0 0 0 0 0 0 0 0 10 0 0 0 0 0 7 0 0 0 0 0 0 0 10 0 3 0 0 7 0 4 0 0 0 0 0 0 0 0 0 0 3 0 0 0 8 0 0 0 0 0 0 0 0 0 0 0 0 0 3 0 3 0 0 0 0 0 10 0 0 10 0 0 0   0
34 0 0 2 0 0 7 0 0 0 0 0 0 0 0 0 0 0 0 0 0 0 0 0 0 0 0 10 0 0 0 0 0 0 0 0 10 0 0 0 0 0 7 0 0 0 0 0 0 0 10 0 4 0 0 7 0 4 0 0 0 0 0 0 0 0 0 0 4 0 0 0 8 0 0 0 0 0 0 0 0 0 0 0 0 0 4 0 3 0 0 0 0 0 10 0 0 10 0 0 0   0
35 0 0 2 0 0 7 0 0 0 0 0 0 0 0 0 0 0 0 0 0 0 0 0 0 0 0 10 0 0 0 0 0 0 0 0 10 0 0 0 0 0 7 0 0 0 0 0 0 0 10 0 4 0 0 7 0 5 0 0 0 0 0 0 0 0 0 0 5 0 0 0 8 0 0 0 0 0 0 0 0 0 0 0 0 0 5 0 3 0 0 0 0 0 10 0 0 10 0 0 0   0
36 0 0 2 0 0 7 0 0 0 0 0 0 0 0 0 0 0 0 0 0 0 0 0 0 0 0 10 0 0 0 0 0 0 0 0 10 0 0 0 0 0 7 0 0 0 0 0 0 0 10 0 4 0 0 7 0 6 0 0 0 0 0 0 0 0 0 0 6 0 0 0 8 0 0 0 0 0 0 0 0 0 0 0 0 0 6 0 3 0 0 0 0 0 10 0 0 10 0 0 0   20
37 0 0 2 0 0 7 0 0 0 0 0 0 0 0 0 0 0 0 0 0 0 0 0 0 0 0 10 0 0 0 0 0 0 0 0 10 0 0 0 0 0 7 0 0 0 0 0 0 0 10 0 4 0 0 7 0 7 0 0 0 0 0 0 0 0 0 0 6 0 0 0 8 0 0 0 0 0 0 0 0 0 0 0 0 0 7 0 3 0 0 0 0 0 10 0 0 10 0 0 0   20
38 0 0 2 0 0 7 0 0 0 0 0 0 0 0 0 0 0 0 0 0 0 0 0 0 0 0 10 0 0 0 0 0 0 0 0 10 0 0 0 0 0 8 0 0 0 0 0 0 0 10 0 4 0 0 8 0 8 0 0 0 0 0 0 0 0 0 0 6 0 0 0 8 0 0 0 0 0 0 0 0 0 0 0 0 0 8 0 3 0 0 0 0 0 10 0 0 10 0 0 0   20
39 0 0 2 0 0 7 0 0 0 0 0 0 0 0 0 0 0 0 0 0 0 0 0 0 0 0 10 0 0 0 0 0 0 0 0 10 0 0 0 0 0 8 0 0 0 0 0 0 0 10 0 4 0 0 8 0 8 0 0 0 0 0 0 0 0 0 0 6 0 0 0 8 0 0 0 0 0 0 0 0 0 0 0 0 0 9 0 3 0 0 0 0 0 10 0 0 10 0 0 0   20
40 0 0 2 0 0 7 0 0 0 0 0 0 0 0 0 0 0 0 0 0 0 0 0 0 0 0 10 0 0 0 0 0 0 0 0 10 0 0 0 0 0 8 0 0 0 0 0 0 0 10 0 4 0 0 8 0 8 0 0 0 0 0 0 0 0 0 0 6 0 0 0 8 0 0 0 0 0 0 0 0 0 0 0 0 0 10 0 3 0 0 0 0 0 10 0 0 10 0 0 0   20
41 0 0 2 0 0 7 0 0 0 0 0 0 0 0 0 0 0 0 0 0 0 0 0 0 0 0 10 0 0 0 0 0 0 0 0 10 0 0 0 0 0 8 0 0 1 0 0 0 0 10 0 4 0 1 8 0 8 0 0 0 0 0 0 0 0 0 0 6 0 0 0 8 0 0 0 0 0 0 0 0 0 0 0 0 1 10 0 3 0 0 0 0 0 10 0 0 10 0 0 1   20
42 0 0 2 0 0 7 0 0 0 0 0 0 0 0 0 0 0 0 0 0 0 0 0 0 0 0 10 0 0 0 0 0 0 0 0 10 0 0 0 0 0 8 0 0 2 0 0 0 0 10 0 4 0 2 8 0 8 0 0 0 0 0 0 0 0 0 0 6 0 0 0 9 0 0 0 0 0 0 0 0 0 0 0 0 2 10 0 3 0 0 0 0 0 10 0 0 10 0 0 1   20
43 0 0 3 0 0 7 0 0 0 0 0 0 0 0 0 0 0 0 0 0 0 0 0 0 0 0 10 0 0 0 0 0 0 0 0 10 0 0 0 0 0 8 0 0 2 0 0 0 0 10 0 4 0 3 8 0 8 0 0 0 0 0 0 0 0 0 0 6 0 0 0 9 0 0 0 0 0 0 0 0 0 0 0 0 2 10 0 3 0 0 0 0 0 10 0 0 10 0 0 1   20
44 0 0 4 0 0 7 0 0 0 0 0 0 0 0 0 0 0 0 0 0 0 0 0 0 0 0 10 0 0 0 0 0 0 0 0 10 0 0 0 0 0 8 0 0 2 0 0 0 0 10 0 4 0 3 8 0 8 0 0 0 0 0 0 0 0 0 0 6 0 0 0 9 0 0 0 0 0 0 0 0 0 0 0 0 2 10 0 4 0 0 0 0 0 10 0 0 10 0 0 1   20
45 0 0 5 0 0 7 0 0 0 0 0 0 0 0 0 0 0 0 0 0 0 0 0 0 0 0 10 0 0 0 0 0 0 0 0 10 0 0 0 0 0 8 0 0 2 0 0 0 0 10 0 4 0 3 8 0 8 0 0 0 0 0 0 0 0 0 0 6 0 0 0 9 0 0 0 0 0 0 0 0 0 0 0 0 2 10 0 5 0 0 0 0 0 10 0 0 10 0 0 1   20
46 0 0 6 0 0 7 0 0 0 0 0 0 0 0 0 0 0 0 0 0 0 0 0 0 0 0 10 0 0 0 0 0 0 0 0 10 0 0 0 0 0 8 0 0 2 0 0 0 0 10 0 4 0 3 8 0 8 0 0 0 0 0 0 0 0 0 0 6 0 0 0 9 0 0 0 0 0 0 0 0 0 0 0 0 2 10 0 6 0 0 0 0 0 10 0 0 10 0 0 1   20
47 0 0 7 0 0 7 0 0 0 0 0 0 0 0 0 0 0 0 0 0 0 0 0 0 0 0 10 0 0 0 0 0 0 0 0 10 0 0 0 0 0 8 0 0 2 0 0 0 0 10 0 4 0 3 8 0 8 0 0 0 0 0 0 0 0 0 0 7 0 0 0 9 0 0 0 0 0 0 0 0 0 0 0 0 2 10 0 7 0 0 0 0 0 10 0 0 10 0 0 1   40
48 0 0 8 0 0 7 0 0 0 0 0 0 0 0 0 0 0 0 0 0 0 0 0 0 0 0 10 0 0 0 0 0 0 0 0 10 0 0 0 0 0 8 0 0 2 0 0 0 0 10 0 4 0 3 8 0 8 0 0 0 0 0 0 0 0 0 0 8 0 0 0 9 0 0 0 0 0 0 0 0 0 0 0 0 2 10 0 8 0 0 0 0 0 10 0 0 10 0 0 1   40
49 0 0 9 0 0 7 0 0 0 0 0 0 0 0 0 0 0 0 0 0 0 0 0 0 0 0 10 0 0 0 0 0 0 0 0 10 0 0 0 0 0 8 0 0 2 0 0 0 0 10 0 4 0 3 9 0 8 0 0 0 0 0 0 0 0 0 0 9 0 0 0 9 0 0 0 0 0 0 0 0 0 0 0 0 2 10 0 9 0 0 0 0 0 10 0 0 10 0 0 1   40
50 0 0 9 0 0 7 0 0 0 0 0 0 0 0 0 0 0 0 0 0 0 0 0 0 0 0 10 0 0 0 0 0 0 0 0 10 0 0 0 0 0 8 0 0 2 0 0 0 0 10 0 4 0 3 10 0 8 0 0 0 0 0 0 0 0 0 0 10 0 0 0 9 0 0 0 0 0 0 0 0 0 0 0 0 2 10 0 10 0 0 0 0 0 10 0 0 10 0 0 1   40
51 0 0 9 0 0 7 0 0 0 0 0 0 0 0 0 0 0 0 0 0 0 0 0 0 0 0 10 0 0 0 0 0 0 0 0 10 0 0 0 0 0 8 0 1 2 0 0 0 0 10 0 4 0 3 10 0 8 0 0 0 0 0 0 0 0 0 0 10 0 0 0 9 0 0 0 0 0 0 0 0 0 0 0 0 2 10 0 10 0 0 0 0 0 10 0 0 10 0 0 1   60
52 0 0 9 0 0 7 0 0 0 0 0 0 0 0 0 0 0 0 0 0 0 0 0 0 0 0 10 0 0 0 0 0 0 0 0 10 0 0 0 0 0 8 0 1 2 0 0 0 0 10 0 4 0 3 10 0 8 0 0 0 0 0 0 0 0 0 0 10 0 0 0 10 0 0 0 0 0 0 0 0 0 0 0 0 2 10 0 10 0 0 0 0 0 10 0 0 10 0 0 1   60
52 0 0 9 0 0 7 0 0 0 0 0 0 0 0 0 0 0 0 0 0 0 0 0 0 0 0 10 0 0 0 0 0 0 0 0 10 0 0 0 0 0 8 0 2 2 0 0 0 0 10 0 4 0 3 10 0 8 0 0 0 0 0 0 0 0 0 0 10 0 0 0 10 0 0 0 0 0 0 0 0 0 0 0 0 2 10 0 10 0 0 0 0 0 10 0 0 10 0 0 2   60
53 0 0 9 0 0 7 0 0 0 0 0 0 0 0 0 0 0 0 0 0 0 0 0 0 0 0 10 0 0 0 0 0 0 0 0 10 0 0 0 0 0 8 0 3 3 0 0 0 0 10 0 4 0 3 10 0 8 0 0 0 0 0 0 0 0 0 0 10 0 0 0 10 0 0 0 0 0 0 0 0 0 0 0 0 3 10 0 10 0 0 0 0 0 10 0 0 10 0 0 3   60
54 0 0 9 0 0 7 0 0 0 0 0 0 0 0 0 0 0 0 0 0 0 0 0 0 0 0 10 0 0 0 0 0 0 0 0 10 0 0 0 0 0 8 0 4 3 0 0 0 0 10 0 4 0 4 10 0 8 0 0 0 0 0 0 0 0 0 0 10 0 0 0 10 0 0 0 0 0 0 0 0 0 0 0 0 4 10 0 10 0 0 0 0 0 10 0 0 10 0 0 4   80
55 0 0 9 0 0 7 0 0 0 0 0 0 0 0 0 0 0 0 0 0 0 0 0 0 0 0 10 0 0 0 0 0 0 0 0 10 0 0 0 0 0 9 0 5 3 0 0 0 0 10 0 4 0 5 10 0 8 0 0 0 0 0 0 0 0 0 0 10 0 0 0 10 0 0 0 0 0 0 0 0 0 0 0 0 5 10 0 10 0 0 0 0 0 10 0 0 10 0 0 5   80
56 0 0 9 0 0 7 0 0 0 0 0 0 0 0 0 0 0 0 0 0 0 0 0 0 0 0 10 0 0 0 0 0 0 0 0 10 0 0 0 0 0 9 0 6 3 0 0 0 0 10 0 4 0 6 10 0 8 0 0 0 0 0 0 0 0 0 0 10 0 0 0 10 0 0 0 0 0 0 0 0 0 0 0 0 6 10 0 10 0 0 0 0 0 10 0 0 10 0 0 6   100
57 0 0 9 0 0 7 0 0 0 0 0 0 0 0 0 0 0 0 0 0 0 0 0 0 0 0 10 0 0 0 0 0 0 0 0 10 0 0 0 0 0 9 0 7 3 0 0 0 0 10 0 4 0 7 10 0 8 0 0 0 0 0 0 0 0 0 0 10 0 0 0 10 0 0 0 0 0 0 0 0 0 0 0 0 7 10 0 10 0 0 0 0 0 10 0 0 10 0 0 7   120
58 0 0 9 0 0 7 0 0 0 0 0 0 0 0 0 0 0 0 0 0 0 0 0 0 0 0 10 0 0 0 0 0 0 0 0 10 0 0 0 0 0 9 0 8 3 0 0 0 0 10 0 4 0 8 10 0 8 0 0 0 0 0 0 0 0 0 0 10 0 0 0 10 0 0 0 0 0 0 0 0 0 0 0 0 8 10 0 10 0 0 0 0 0 10 0 0 10 0 0 8   120
59 0 0 9 0 0 7 0 0 0 0 0 0 0 0 0 0 0 0 0 0 0 0 0 0 0 0 10 0 0 0 0 0 0 0 0 10 0 0 0 0 0 9 0 9 3 0 0 0 0 10 0 4 0 9 10 0 8 0 0 0 0 0 0 0 0 0 0 10 0 0 0 10 0 0 0 0 0 0 0 0 0 0 0 0 9 10 0 10 0 0 0 0 0 10 0 0 10 0 0 9   120
60 0 0 9 0 0 7 0 0 0 0 0 0 0 0 0 0 0 0 0 0 0 0 0 0 0 0 10 0 0 0 0 0 0 0 0 10 0 0 0 0 0 9 0 10 3 0 0 0 0 10 0 4 0 10 10 0 8 0 0 0 0 0 0 0 0 0 0 10 0 0 0 10 0 0 0 0 0 0 0 0 0 0 0 0 10 10 0 10 0 0 0 0 0 10 0 0 10 0 0 10   120
61 0 0 9 0 0 7 0 0 0 0 0 0 0 0 0 0 0 0 0 0 0 0 0 0 0 0 10 0 0 0 0 0 0 0 0 10 0 0 0 0 0 9 0 10 3 0 0 0 0 10 0 4 0 10 10 0 8 0 0 0 0 0 0 0 0 0 0 10 0 0 0 10 0 0 0 0 0 0 0 1 0 0 0 0 10 10 0 10 0 0 0 0 0 10 0 0 10 0 0 10   180
62 0 0 9 0 0 7 0 0 0 0 0 0 0 0 0 0 0 0 0 0 0 0 0 0 0 0 10 0 0 0 0 0 0 0 0 10 0 0 0 0 0 9 0 10 3 0 0 0 0 10 0 4 0 10 10 0 8 0 0 0 0 0 0 0 0 0 0 10 0 0 0 10 0 0 0 0 0 0 0 2 0 0 0 0 10 10 0 10 0 0 0 0 0 10 0 0 10 0 0 10   180
63 0 0 9 0 0 7 0 0 0 0 0 0 0 0 0 0 0 0 0 0 0 0 0 0 0 0 10 0 0 0 0 0 0 0 0 10 0 0 0 0 0 9 0 10 3 0 0 0 0 10 0 4 0 10 10 0 8 0 0 0 0 0 0 0 0 0 0 10 0 0 0 10 0 0 0 0 0 0 0 3 0 0 0 0 10 10 0 10 0 0 0 0 0 10 0 0 10 0 0 10   180
64 0 0 9 0 0 7 0 0 0 0 0 0 0 0 0 0 0 0 0 0 0 0 0 0 0 0 10 0 0 0 0 0 0 0 0 10 0 0 0 0 0 9 0 10 3 0 0 0 0 10 0 4 0 10 10 0 8 0 0 0 0 0 0 0 0 0 0 10 0 0 0 10 0 0 0 0 0 0 0 4 0 0 0 0 10 10 0 10 0 0 0 0 0 10 0 0 10 0 0 10   180
65 0 0 9 0 0 8 0 0 0 0 0 0 0 0 0 0 0 0 0 0 0 0 0 0 0 0 10 0 0 0 0 0 0 0 0 10 0 0 0 0 0 9 0 10 3 0 0 0 0 10 0 4 0 10 10 0 8 0 0 0 0 0 0 0 0 0 0 10 0 0 0 10 0 0 0 0 0 0 0 5 0 0 0 0 10 10 0 10 0 0 0 0 0 10 0 0 10 0 0 10   200
66 0 0 9 0 0 8 0 0 0 0 0 0 0 0 0 0 0 0 0 0 0 0 0 0 0 0 10 0 0 0 0 0 0 0 0 10 0 0 0 0 0 9 0 10 3 0 0 0 0 10 0 4 0 10 10 0 8 0 0 0 0 0 0 0 0 0 0 10 0 0 0 10 0 0 0 0 0 0 0 6 0 0 0 0 10 10 0 10 0 0 0 0 0 10 0 0 10 0 0 10   200
72 0 0 9 0 0 9 0 0 0 0 0 0 0 0 0 0 0 0 0 0 0 0 0 0 0 0 10 0 0 0 0 0 0 0 0 10 0 0 0 0 0 9 0 10 3 0 0 0 0 10 0 4 0 10 10 0 9 0 0 0 0 0 0 0 0 0 0 10 0 0 0 10 0 0 0 0 0 0 0 6 0 0 0 0 10 10 0 10 0 0 0 0 0 10 0 0 10 0 0 10   320
75 0 0 9 0 0 10 0 0 0 0 0 0 0 0 0 0 0 0 0 0 0 0 0 0 0 0 10 0 0 0 0 0 0 0 0 10 0 0 0 0 0 10 0 10 3 0 0 0 0 10 0 4 0 10 10 0 10 0 0 0 0 0 0 0 0 0 0 10 0 0 0 10 0 0 0 0 0 0 0 6 0 0 0 0 10 10 0 10 0 0 0 0 0 10 0 0 10 0 0 10   420
87 0 0 9 0 0 10 0 0 0 0 0 0 0 0 0 0 0 0 0 0 0 0 0 0 0 0 10 0 0 0 0 0 0 0 0 10 0 0 0 0 0 10 0 10 3 0 0 0 0 10 0 4 0 10 10 0 10 0 0 0 0 0 0 0 0 0 0 10 0 0 0 10 0 0 0 0 0 0 0 7 0 0 0 0 10 10 0 10 0 0 0 0 0 10 0 0 10 0 0 10   620
101 0 0 9 0 0 10 0 0 0 0 0 0 0 0 0 0 0 0 0 0 0 0 0 0 0 0 10 0 0 0 0 0 0 0 0 10 0 0 0 0 0 10 0 10 3 0 0 0 0 10 0 4 0 10 10 0 10 0 0 0 0 0 0 0 0 0 0 10 0 0 0 10 0 0 0 0 0 0 0 8 0 0 0 0 10 10 0 10 0 0 0 0 0 10 0 0 10 0 0 10   920
116 0 0 9 0 0 10 0 0 0 0 0 0 0 0 0 0 0 0 0 0 0 0 0 0 0 0 10 0 0 0 0 0 0 0 0 10 0 0 0 0 0 10 0 10 3 0 0 0 0 10 0 5 0 10 10 0 10 0 0 0 0 0 0 0 0 0 0 10 0 0 0 10 0 0 0 0 0 0 0 8 0 0 0 0 10 10 0 10 0 0 0 0 0 10 0 0 10 0 0 10   1340
120 0 0 9 0 0 10 0 0 0 0 0 0 0 0 0 0 0 0 0 0 0 0 0 0 0 0 10 0 0 0 0 0 0 0 0 10 0 0 0 0 0 10 0 10 4 0 0 0 0 10 0 5 0 10 10 0 10 0 0 0 0 0 0 0 0 0 0 10 0 0 0 10 0 0 0 0 0 0 0 8 0 0 0 0 10 10 0 10 0 0 0 0 0 10 0 0 10 0 0 10   1400
123 0 0 9 0 0 10 0 0 0 0 0 0 0 0 0 0 0 0 0 0 0 0 0 0 0 0 10 0 0 0 0 0 0 0 0 10 0 0 0 0 0 10 0 10 4 0 0 0 0 10 0 6 0 10 10 0 10 0 0 0 0 0 0 0 0 0 0 10 0 0 0 10 0 0 0 0 0 0 0 8 0 0 0 0 10 10 0 10 0 0 0 0 0 10 0 0 10 0 0 10   1460
132 0 0 9 0 0 10 0 0 0 0 0 0 0 0 0 0 0 0 0 0 0 0 0 0 0 0 10 0 0 0 0 0 0 0 0 10 0 0 0 0 0 10 0 10 4 0 0 0 0 10 0 7 0 10 10 0 10 0 0 0 0 0 0 0 0 0 0 10 0 0 0 10 0 0 0 0 0 0 0 8 0 0 0 0 10 10 0 10 0 0 0 0 0 10 0 0 10 0 0 10   1580
139 0 0 9 0 0 10 0 0 0 0 0 0 0 0 0 0 0 0 0 0 0 0 0 0 0 0 10 0 0 0 0 0 0 0 0 10 0 0 0 0 0 10 0 10 5 0 0 0 0 10 0 7 0 10 10 0 10 0 0 0 0 0 0 0 0 0 0 10 0 0 0 10 0 0 0 0 0 0 0 8 0 0 0 0 10 10 0 10 0 0 0 0 0 10 0 0 10 0 0 10   1680
155 0 0 9 0 0 10 0 0 0 0 0 0 0 0 0 0 0 0 0 0 0 0 0 0 0 0 10 0 0 0 0 0 0 0 0 10 0 0 0 0 0 10 0 10 5 0 0 0 0 10 0 7 0 10 10 0 10 0 0 0 0 0 0 0 0 0 0 10 0 0 0 10 0 0 0 0 0 0 0 9 0 0 0 0 10 10 0 10 0 0 0 0 0 10 0 0 10 0 0 10   1940
164 0 0 9 0 0 10 0 0 0 0 0 0 0 0 0 0 0 0 0 0 0 0 0 0 0 0 10 0 0 0 0 0 0 0 0 10 0 0 0 0 0 10 0 10 6 0 0 0 0 10 0 7 0 10 10 0 10 0 0 0 0 0 0 0 0 0 0 10 0 0 0 10 0 0 0 0 0 0 0 9 0 0 0 0 10 10 0 10 0 0 0 0 0 10 0 0 10 0 0 10   2040
167 0 0 10 0 0 10 0 0 0 0 0 0 0 0 0 0 0 0 0 0 0 0 0 0 0 0 10 0 0 0 0 0 0 0 0 10 0 0 0 0 0 10 0 10 6 0 0 0 0 10 0 7 0 10 10 0 10 0 0 0 0 0 0 0 0 0 0 10 0 0 0 10 0 0 0 0 0 0 0 10 0 0 0 0 10 10 0 10 0 0 0 0 0 10 0 0 10 0 0 10   2100
189 0 0 10 0 0 10 0 0 0 0 0 0 0 0 0 0 0 0 0 0 0 0 0 0 0 0 10 0 0 0 0 0 0 0 0 10 0 0 0 0 0 10 0 10 7 0 0 0 0 10 0 7 0 10 10 0 10 0 0 0 0 0 0 0 0 0 0 10 0 0 0 10 0 0 0 0 0 0 0 10 0 0 0 0 10 10 0 10 0 0 0 0 0 10 0 0 10 0 0 10   2480
195 0 0 10 0 0 10 0 0 0 0 0 0 0 0 0 0 1 0 0 0 0 0 0 0 1 0 10 0 0 1 0 0 0 0 0 10 0 0 0 0 0 10 0 10 7 0 0 0 0 10 0 8 0 10 10 0 10 0 0 0 0 0 0 0 1 0 0 10 0 0 0 10 0 0 0 0 0 0 0 10 0 0 0 0 10 10 0 10 0 1 0 0 0 10 0 0 10 0 0 10   2580
202 0 0 10 0 0 10 0 0 0 0 0 0 0 0 0 0 1 0 0 0 0 0 0 0 1 0 10 0 0 1 0 0 0 0 0 10 0 0 0 0 0 10 0 10 7 0 0 0 0 10 0 9 0 10 10 0 10 0 0 0 0 0 0 0 1 0 0 10 0 0 0 10 0 0 0 0 0 0 0 10 0 0 0 0 10 10 0 10 0 1 0 0 0 10 0 0 10 0 0 10   2700
202 0 0 10 0 0 10 0 0 0 0 0 0 0 0 0 0 1 0 0 0 0 0 0 0 2 0 10 0 0 2 0 0 0 0 0 10 0 0 0 0 0 10 0 10 7 0 0 0 0 10 0 9 0 10 10 0 10 0 0 0 0 0 0 0 2 0 0 10 0 0 0 10 0 0 0 0 0 0 0 10 0 0 0 0 10 10 0 10 0 2 0 0 0 10 0 0 10 0 0 10   2700
204 0 0 10 0 0 10 0 0 0 0 0 0 0 0 0 0 1 0 0 0 0 0 0 0 2 0 10 0 0 3 0 0 0 0 0 10 0 0 0 0 0 10 0 10 7 0 0 0 0 10 0 9 0 10 10 0 10 0 0 0 0 0 0 0 3 0 0 10 0 0 0 10 0 0 0 0 0 0 0 10 0 0 0 0 10 10 0 10 0 3 0 0 0 10 0 0 10 0 0 10   2760
234 0 0 10 0 0 10 1 1 0 0 0 0 0 0 0 1 1 0 0 0 0 0 0 0 2 0 10 0 0 3 0 0 0 0 0 10 0 0 0 0 0 10 0 10 7 0 0 0 0 10 0 9 0 10 10 0 10 0 0 0 0 1 0 0 3 0 0 10 1 0 1 10 0 0 0 0 0 0 0 10 0 0 1 0 10 10 0 10 0 3 0 0 0 10 0 0 10 0 0 10   3380
239 0 0 10 0 0 10 1 1 0 0 0 0 0 0 0 1 1 0 0 0 0 0 0 1 2 1 10 0 1 3 0 0 0 0 0 10 1 0 0 0 0 10 0 10 7 0 0 0 0 10 1 9 0 10 10 0 10 0 0 0 0 1 0 0 3 0 0 10 1 1 1 10 1 0 0 0 0 0 0 10 0 0 1 0 10 10 0 10 0 3 0 0 0 10 0 0 10 0 0 10   3400
257 0 0 10 0 0 10 1 1 0 0 1 0 0 1 0 1 1 1 0 0 1 0 0 1 2 1 10 0 1 3 0 0 0 0 0 10 1 0 0 1 0 10 0 10 7 0 0 0 0 10 1 9 1 10 10 1 10 0 0 0 0 1 0 0 3 0 0 10 1 1 1 10 1 0 0 0 0 0 1 10 0 1 1 0 10 10 0 10 0 3 1 0 1 10 0 0 10 1 0 10   3680
258 1 0 10 1 0 10 1 1 0 1 1 0 0 1 0 1 1 1 0 0 1 0 0 1 2 1 10 0 1 3 0 0 0 0 0 10 1 1 0 1 0 10 0 10 7 0 0 0 1 10 1 9 1 10 10 1 10 0 0 0 0 1 0 0 3 1 0 10 1 1 1 10 1 0 0 0 0 0 1 10 0 1 1 0 10 10 0 10 0 3 1 0 1 10 0 0 10 1 1 10   3700
262 1 0 10 1 0 10 1 1 0 1 1 0 0 1 0 1 1 1 0 0 1 0 0 1 2 1 10 0 1 3 0 0 0 0 0 10 1 1 0 1 0 10 0 10 8 0 0 0 1 10 1 9 1 10 10 1 10 0 0 0 0 1 0 0 3 1 0 10 1 1 1 10 1 0 0 0 0 0 1 10 0 1 1 0 10 10 0 10 0 3 1 0 1 10 0 0 10 1 1 10   3760
264 2 0 10 1 0 10 1 1 0 1 2 0 0 1 0 1 1 2 0 0 2 0 0 1 2 1 10 0 1 3 0 0 0 0 0 10 1 2 0 2 0 10 0 10 8 0 0 0 2 10 1 9 2 10 10 2 10 0 0 0 0 1 0 0 3 1 0 10 1 1 1 10 1 0 0 0 0 0 2 10 0 2 1 0 10 10 0 10 0 3 2 0 2 10 0 0 10 2 2 10   3800
278 2 0 10 1 0 10 1 1 0 1 3 0 0 1 0 1 1 3 0 0 3 0 0 1 2 1 10 0 1 3 0 0 0 0 0 10 1 3 0 3 0 10 0 10 8 0 0 0 2 10 1 9 3 10 10 3 10 0 0 0 0 1 0 0 3 1 0 10 1 1 1 10 1 0 0 0 0 0 2 10 0 3 1 0 10 10 0 10 0 3 3 0 3 10 0 0 10 3 2 10   4060
287 2 1 10 1 0 10 1 1 0 1 3 0 0 1 0 1 1 3 0 0 3 1 0 1 2 1 10 1 1 3 1 0 0 0 1 10 1 3 0 3 0 10 0 10 8 1 1 0 2 10 1 9 3 10 10 3 10 0 0 1 0 1 1 0 3 1 1 10 1 1 1 10 1 0 0 0 0 1 2 10 0 3 1 0 10 10 0 10 0 3 3 0 3 10 0 0 10 3 2 10   4240
291 3 1 10 1 0 10 1 1 0 1 3 0 0 1 0 1 1 3 0 0 3 1 0 1 2 1 10 1 1 3 1 0 0 0 1 10 1 3 0 3 0 10 0 10 8 1 1 0 2 10 1 9 3 10 10 3 10 0 0 1 0 1 1 0 3 1 1 10 1 1 1 10 1 0 0 0 0 1 3 10 0 3 1 0 10 10 0 10 0 3 3 0 3 10 0 0 10 3 3 10   4280
293 3 2 10 1 0 10 1 1 0 1 3 0 0 1 0 1 1 3 0 0 3 2 0 1 2 1 10 2 1 3 2 0 0 0 2 10 1 3 0 3 0 10 0 10 8 2 1 0 2 10 1 9 3 10 10 3 10 0 0 2 0 1 2 0 3 1 2 10 1 1 1 10 1 0 0 0 0 1 3 10 0 3 1 0 10 10 0 10 0 3 3 0 3 10 0 0 10 3 3 10   4280
295 3 3 10 1 0 10 1 1 0 1 3 0 0 1 0 1 1 3 0 0 3 3 0 1 2 1 10 3 1 3 3 0 0 0 3 10 1 3 0 3 0 10 0 10 8 3 1 0 3 10 1 9 3 10 10 3 10 0 0 3 0 1 3 0 3 1 3 10 1 1 1 10 1 0 0 0 0 1 3 10 0 3 1 0 10 10 0 10 0 3 3 0 3 10 0 0 10 3 3 10   4360
296 3 4 10 1 0 10 1 1 0 1 3 0 0 1 0 1 1 3 0 0 3 4 0 1 2 1 10 4 1 3 4 0 0 0 4 10 1 3 0 3 0 10 0 10 8 3 1 0 4 10 1 9 3 10 10 3 10 0 0 4 0 1 4 0 3 1 4 10 1 1 1 10 1 0 0 0 0 1 3 10 0 3 1 0 10 10 0 10 0 3 3 0 3 10 0 0 10 3 3 10   4380
298 3 4 10 1 0 10 1 1 1 1 3 0 1 1 0 1 1 3 0 1 3 4 0 1 2 1 10 4 1 3 4 0 0 1 4 10 1 3 0 3 0 10 0 10 8 3 1 0 4 10 1 9 3 10 10 3 10 0 0 4 0 1 4 0 3 1 4 10 1 1 1 10 1 0 1 0 0 1 3 10 1 3 1 0 10 10 0 10 0 3 3 1 3 10 1 1 10 3 3 10   4420
301 3 4 10 1 0 10 1 1 1 2 3 0 1 1 0 1 1 3 0 1 3 4 0 1 2 1 10 4 1 3 4 0 0 1 4 10 1 3 0 3 0 10 0 10 8 3 1 0 4 10 1 9 3 10 10 3 10 0 0 4 0 1 4 0 3 1 4 10 1 1 1 10 1 0 1 0 0 2 3 10 1 3 1 0 10 10 0 10 0 3 3 1 3 10 1 1 10 3 3 10   4500
304 3 4 10 1 0 10 1 1 2 2 3 0 2 1 0 1 1 3 0 1 3 4 0 1 2 1 10 4 1 3 4 0 0 2 4 10 1 3 0 3 0 10 0 10 8 3 2 0 4 10 1 9 3 10 10 3 10 0 0 4 0 1 4 0 3 1 4 10 1 1 1 10 1 0 1 0 0 2 3 10 2 3 1 0 10 10 0 10 0 3 3 2 3 10 2 2 10 3 3 10   4580
312 3 5 10 1 0 10 1 1 2 2 3 0 2 1 0 1 1 3 0 1 3 5 0 1 2 1 10 5 1 3 5 0 0 2 5 10 1 3 0 3 0 10 0 10 8 3 2 0 5 10 1 9 3 10 10 3 10 0 0 5 0 1 5 0 3 1 5 10 1 1 1 10 1 0 1 0 0 2 3 10 2 3 1 0 10 10 0 10 0 3 3 2 3 10 2 2 10 3 3 10   4740
315 3 5 10 1 1 10 1 1 2 2 3 0 2 1 0 1 1 3 0 1 3 5 0 1 2 1 10 5 1 3 5 0 1 2 5 10 1 3 0 3 0 10 1 10 8 3 2 0 5 10 1 9 3 10 10 3 10 0 0 5 0 1 5 1 3 1 5 10 1 1 1 10 1 0 1 0 0 2 3 10 2 3 1 0 10 10 0 10 1 3 3 2 3 10 2 2 10 3 3 10   4800
320 3 5 10 1 1 10 1 1 2 2 3 0 2 1 0 1 1 3 0 1 3 5 1 1 2 1 10 5 1 3 5 0 1 2 5 10 1 3 0 3 0 10 1 10 8 3 2 0 5 10 1 9 3 10 10 3 10 1 0 5 0 1 5 1 3 1 5 10 1 1 1 10 1 0 1 1 0 2 3 10 2 3 1 0 10 10 0 10 1 3 3 2 3 10 2 2 10 3 3 10   4860
320 3 5 10 1 1 10 1 1 3 2 3 0 2 1 0 1 1 3 0 1 3 5 1 1 2 1 10 5 1 3 5 0 1 3 5 10 1 3 0 3 0 10 1 10 8 3 3 0 5 10 1 9 3 10 10 3 10 1 0 5 0 1 5 1 3 1 5 10 1 1 1 10 1 0 1 1 0 2 3 10 2 3 1 0 10 10 0 10 1 3 3 3 3 10 3 3 10 3 3 10   4860
326 3 5 10 1 1 10 1 1 3 2 3 0 3 1 0 1 1 3 0 1 3 5 1 1 2 1 10 5 1 3 5 0 1 3 5 10 1 3 0 3 0 10 1 10 8 3 3 0 5 10 1 9 3 10 10 3 10 1 0 5 0 1 5 1 3 1 5 10 1 1 1 10 1 0 1 1 0 2 3 10 3 3 1 0 10 10 0 10 1 3 3 3 3 10 3 3 10 3 3 10   4920
330 3 5 10 1 1 10 1 1 3 2 3 0 3 1 0 1 1 3 0 2 3 5 2 1 2 1 10 5 1 3 5 0 1 3 5 10 1 3 0 3 0 10 1 10 8 3 3 0 5 10 1 9 3 10 10 3 10 2 0 5 0 1 5 1 3 1 5 10 1 1 1 10 1 0 2 2 0 2 3 10 3 3 1 0 10 10 0 10 1 3 3 3 3 10 3 3 10 3 3 10   5020
339 3 5 10 1 1 10 1 1 3 2 3 0 3 1 0 1 1 3 0 2 3 5 2 1 2 1 10 5 1 3 5 0 2 3 5 10 1 3 0 3 0 10 2 10 8 3 3 0 5 10 1 9 3 10 10 3 10 2 0 5 0 1 5 2 3 1 5 10 1 1 1 10 1 0 2 2 0 2 3 10 3 3 1 0 10 10 0 10 1 3 3 3 3 10 3 3 10 3 3 10   5200
