[1, 0, 0, 0, 0, 0, 1, 0, 0, 0, 0, 0, 0, 0, 0, 0, 0, 0, 0, 0, 0, 0, 0, 0, 0, 0, 0, 1, 0, 0, 0, 0, 0, 0, 0, 0, 1, 0, 0, 0, 0, 0, 1, 0, 0, 0, 0, 0, 0, 0, 1, 0, 0, 0, 0, 1, 0, 1, 0, 0, 0, 0, 0, 0, 0, 0, 0, 0, 0, 0, 0, 0, 1, 0, 0, 0, 0, 0, 0, 0, 0, 0, 0, 0, 0, 0, 0, 0, 0, 0, 0, 0, 0, 0, 1, 0, 0, 1, 0, 0, 0]
[2, 0, 0, 0, 0, 0, 2, 0, 0, 0, 0, 0, 0, 0, 0, 0, 0, 0, 0, 0, 0, 0, 0, 0, 0, 0, 0, 2, 0, 0, 0, 0, 0, 0, 0, 0, 2, 0, 0, 0, 0, 0, 2, 0, 0, 0, 0, 0, 0, 0, 1, 0, 0, 0, 0, 2, 0, 1, 0, 0, 0, 0, 0, 0, 0, 0, 0, 0, 0, 0, 0, 0, 2, 0, 0, 0, 0, 0, 0, 0, 0, 0, 0, 0, 0, 0, 0, 0, 0, 0, 0, 0, 0, 0, 2, 0, 0, 2, 0, 0, 0]
[3, 0, 0, 0, 0, 0, 3, 0, 0, 0, 0, 0, 0, 0, 0, 0, 0, 0, 0, 0, 0, 0, 0, 0, 0, 0, 0, 2, 0, 0, 0, 0, 0, 0, 0, 0, 3, 0, 0, 0, 0, 0, 2, 0, 0, 0, 0, 0, 0, 0, 1, 0, 0, 0, 0, 3, 0, 1, 0, 0, 0, 0, 0, 0, 0, 0, 0, 0, 0, 0, 0, 0, 3, 0, 0, 0, 0, 0, 0, 0, 0, 0, 0, 0, 0, 0, 0, 0, 0, 0, 0, 0, 0, 0, 3, 0, 0, 3, 0, 0, 0]
[4, 0, 0, 0, 0, 0, 4, 0, 0, 0, 0, 0, 0, 0, 0, 0, 0, 0, 0, 0, 0, 0, 0, 0, 0, 0, 0, 2, 0, 0, 0, 0, 0, 0, 0, 0, 4, 0, 0, 0, 0, 0, 2, 0, 0, 0, 0, 0, 0, 0, 1, 0, 0, 0, 0, 3, 0, 1, 0, 0, 0, 0, 0, 0, 0, 0, 0, 0, 0, 0, 0, 0, 4, 0, 0, 0, 0, 0, 0, 0, 0, 0, 0, 0, 0, 0, 0, 0, 0, 0, 0, 0, 0, 0, 4, 0, 0, 3, 0, 0, 0]
[5, 0, 0, 0, 0, 0, 5, 0, 0, 0, 0, 0, 0, 0, 0, 0, 0, 0, 0, 0, 0, 0, 0, 0, 0, 0, 0, 2, 0, 0, 0, 0, 0, 0, 0, 0, 5, 0, 0, 0, 0, 0, 2, 0, 0, 0, 0, 0, 0, 0, 1, 0, 0, 0, 0, 3, 0, 1, 0, 0, 0, 0, 0, 0, 0, 0, 0, 0, 0, 0, 0, 0, 5, 0, 0, 0, 0, 0, 0, 0, 0, 0, 0, 0, 0, 0, 0, 0, 0, 0, 0, 0, 0, 0, 5, 0, 0, 3, 0, 0, 0]
[6, 0, 0, 0, 0, 0, 6, 0, 0, 0, 0, 0, 0, 0, 0, 0, 0, 0, 0, 0, 0, 0, 0, 0, 0, 0, 0, 2, 0, 0, 0, 0, 0, 0, 0, 0, 6, 0, 0, 0, 0, 0, 2, 0, 0, 0, 0, 0, 0, 0, 1, 0, 0, 0, 0, 3, 0, 1, 0, 0, 0, 0, 0, 0, 0, 0, 0, 0, 0, 0, 0, 0, 6, 0, 0, 0, 0, 0, 0, 0, 0, 0, 0, 0, 0, 0, 0, 0, 0, 0, 0, 0, 0, 0, 6, 0, 0, 3, 0, 0, 0]
[7, 0, 0, 0, 0, 0, 7, 0, 0, 0, 0, 0, 0, 0, 0, 0, 0, 0, 0, 0, 0, 0, 0, 0, 0, 0, 0, 2, 0, 0, 0, 0, 0, 0, 0, 0, 7, 0, 0, 0, 0, 0, 2, 0, 0, 0, 0, 0, 0, 0, 1, 0, 0, 0, 0, 3, 0, 1, 0, 0, 0, 0, 0, 0, 0, 0, 0, 0, 0, 0, 0, 0, 7, 0, 0, 0, 0, 0, 0, 0, 0, 0, 0, 0, 0, 0, 0, 0, 0, 0, 0, 0, 0, 0, 7, 0, 0, 3, 0, 0, 0]
[8, 0, 0, 0, 0, 0, 8, 0, 0, 0, 0, 0, 0, 0, 0, 0, 0, 0, 0, 0, 0, 0, 0, 0, 0, 0, 0, 2, 0, 0, 0, 0, 0, 0, 0, 0, 8, 0, 0, 0, 0, 0, 2, 0, 0, 0, 0, 0, 0, 0, 1, 0, 0, 0, 0, 3, 0, 1, 0, 0, 0, 0, 0, 0, 0, 0, 0, 0, 0, 0, 0, 0, 8, 0, 0, 0, 0, 0, 0, 0, 0, 0, 0, 0, 0, 0, 0, 0, 0, 0, 0, 0, 0, 0, 8, 0, 0, 3, 0, 0, 0]
[9, 0, 0, 0, 0, 0, 9, 0, 0, 0, 0, 0, 0, 0, 0, 0, 0, 0, 0, 0, 0, 0, 0, 0, 0, 0, 0, 2, 0, 0, 0, 0, 0, 0, 0, 0, 9, 0, 0, 0, 0, 0, 2, 0, 0, 0, 0, 0, 0, 0, 1, 0, 0, 0, 0, 3, 0, 1, 0, 0, 0, 0, 0, 0, 0, 0, 0, 0, 0, 0, 0, 0, 9, 0, 0, 0, 0, 0, 0, 0, 0, 0, 0, 0, 0, 0, 0, 0, 0, 0, 0, 0, 0, 0, 9, 0, 0, 3, 0, 0, 0]
[10, 0, 0, 0, 0, 0, 10, 0, 0, 0, 0, 0, 0, 0, 0, 0, 0, 0, 0, 0, 0, 0, 0, 0, 0, 0, 0, 2, 0, 0, 0, 0, 0, 0, 0, 0, 10, 0, 0, 0, 0, 0, 2, 0, 0, 0, 0, 0, 0, 0, 1, 0, 0, 0, 0, 3, 0, 1, 0, 0, 0, 0, 0, 0, 0, 0, 0, 0, 0, 0, 0, 0, 10, 0, 0, 0, 0, 0, 0, 0, 0, 0, 0, 0, 0, 0, 0, 0, 0, 0, 0, 0, 0, 0, 10, 0, 0, 3, 0, 0, 0]
[11, 0, 0, 0, 0, 0, 10, 0, 0, 0, 0, 0, 0, 0, 0, 0, 0, 0, 0, 0, 0, 0, 0, 0, 0, 0, 0, 2, 0, 0, 0, 0, 0, 0, 0, 0, 10, 0, 0, 0, 0, 0, 2, 0, 0, 0, 0, 0, 0, 0, 1, 0, 1, 0, 0, 3, 0, 1, 0, 0, 0, 0, 0, 0, 0, 0, 0, 0, 0, 0, 0, 0, 10, 0, 0, 0, 0, 0, 0, 0, 0, 0, 0, 0, 0, 0, 1, 0, 0, 0, 0, 0, 0, 0, 10, 0, 0, 3, 0, 0, 0]
[12, 0, 0, 0, 0, 0, 10, 0, 0, 0, 0, 0, 0, 0, 0, 0, 0, 0, 0, 0, 0, 0, 0, 0, 0, 0, 0, 2, 0, 0, 0, 0, 0, 0, 0, 0, 10, 0, 0, 0, 0, 0, 2, 0, 0, 0, 0, 0, 0, 0, 2, 0, 2, 0, 0, 3, 0, 1, 0, 0, 0, 0, 0, 0, 0, 0, 0, 0, 0, 0, 0, 0, 10, 0, 0, 0, 0, 0, 0, 0, 0, 0, 0, 0, 0, 0, 2, 0, 0, 0, 0, 0, 0, 0, 10, 0, 0, 3, 0, 0, 0]
[13, 0, 0, 0, 0, 0, 10, 0, 0, 0, 0, 0, 0, 0, 0, 0, 0, 0, 0, 0, 0, 0, 0, 0, 0, 0, 0, 3, 0, 0, 0, 0, 0, 0, 0, 0, 10, 0, 0, 0, 0, 0, 3, 0, 0, 0, 0, 0, 0, 0, 3, 0, 3, 0, 0, 3, 0, 1, 0, 0, 0, 0, 0, 0, 0, 0, 0, 0, 0, 0, 0, 0, 10, 0, 0, 0, 0, 0, 0, 0, 0, 0, 0, 0, 0, 0, 3, 0, 0, 0, 0, 0, 0, 0, 10, 0, 0, 3, 0, 0, 0]
[14, 0, 0, 0, 0, 0, 10, 0, 0, 0, 0, 0, 0, 0, 0, 0, 0, 0, 0, 0, 0, 0, 0, 0, 0, 0, 0, 4, 0, 0, 0, 0, 0, 0, 0, 0, 10, 0, 0, 0, 0, 0, 4, 0, 0, 0, 0, 0, 0, 0, 3, 0, 3, 0, 0, 4, 0, 1, 0, 0, 0, 0, 0, 0, 0, 0, 0, 0, 0, 0, 0, 0, 10, 0, 0, 0, 0, 0, 0, 0, 0, 0, 0, 0, 0, 0, 3, 0, 0, 0, 0, 0, 0, 0, 10, 0, 0, 4, 0, 0, 0]
[15, 0, 0, 0, 0, 0, 10, 0, 0, 0, 0, 0, 0, 0, 0, 0, 0, 0, 0, 0, 0, 0, 0, 0, 0, 0, 0, 5, 0, 0, 0, 0, 0, 0, 0, 0, 10, 0, 0, 0, 0, 0, 5, 0, 0, 0, 0, 0, 0, 0, 3, 0, 3, 0, 0, 5, 0, 1, 0, 0, 0, 0, 0, 0, 0, 0, 0, 0, 0, 0, 0, 0, 10, 0, 0, 0, 0, 0, 0, 0, 0, 0, 0, 0, 0, 0, 3, 0, 0, 0, 0, 0, 0, 0, 10, 0, 0, 5, 0, 0, 0]
[16, 0, 0, 0, 0, 0, 10, 0, 0, 0, 0, 0, 0, 0, 0, 0, 0, 0, 0, 0, 0, 0, 0, 0, 0, 0, 0, 6, 0, 0, 0, 0, 0, 0, 0, 0, 10, 0, 0, 0, 0, 0, 6, 0, 0, 0, 0, 0, 0, 0, 3, 0, 3, 0, 0, 6, 0, 1, 0, 0, 0, 0, 0, 0, 0, 0, 0, 0, 0, 0, 0, 0, 10, 0, 0, 0, 0, 0, 0, 0, 0, 0, 0, 0, 0, 0, 3, 0, 0, 0, 0, 0, 0, 0, 10, 0, 0, 6, 0, 0, 0]
[17, 0, 0, 0, 0, 0, 10, 0, 0, 0, 0, 0, 0, 0, 0, 0, 0, 0, 0, 0, 0, 0, 0, 0, 0, 0, 0, 7, 0, 0, 0, 0, 0, 0, 0, 0, 10, 0, 0, 0, 0, 0, 7, 0, 0, 0, 0, 0, 0, 0, 3, 0, 3, 0, 0, 7, 0, 1, 0, 0, 0, 0, 0, 0, 0, 0, 0, 0, 0, 0, 0, 0, 10, 0, 0, 0, 0, 0, 0, 0, 0, 0, 0, 0, 0, 0, 3, 0, 0, 0, 0, 0, 0, 0, 10, 0, 0, 7, 0, 0, 0]
[18, 0, 0, 0, 0, 0, 10, 0, 0, 0, 0, 0, 0, 0, 0, 0, 0, 0, 0, 0, 0, 0, 0, 0, 0, 0, 0, 8, 0, 0, 0, 0, 0, 0, 0, 0, 10, 0, 0, 0, 0, 0, 8, 0, 0, 0, 0, 0, 0, 0, 3, 0, 3, 0, 0, 8, 0, 1, 0, 0, 0, 0, 0, 0, 0, 0, 0, 0, 0, 0, 0, 0, 10, 0, 0, 0, 0, 0, 0, 0, 0, 0, 0, 0, 0, 0, 3, 0, 0, 0, 0, 0, 0, 0, 10, 0, 0, 8, 0, 0, 0]
[19, 0, 0, 0, 0, 0, 10, 0, 0, 0, 0, 0, 0, 0, 0, 0, 0, 0, 0, 0, 0, 0, 0, 0, 0, 0, 0, 9, 0, 0, 0, 0, 0, 0, 0, 0, 10, 0, 0, 0, 0, 0, 9, 0, 0, 0, 0, 0, 0, 0, 3, 0, 3, 0, 0, 9, 0, 1, 0, 0, 0, 0, 0, 0, 0, 0, 0, 0, 0, 0, 0, 0, 10, 0, 0, 0, 0, 0, 0, 0, 0, 0, 0, 0, 0, 0, 3, 0, 0, 0, 0, 0, 0, 0, 10, 0, 0, 9, 0, 0, 0]
[20, 0, 0, 0, 0, 0, 10, 0, 0, 0, 0, 0, 0, 0, 0, 0, 0, 0, 0, 0, 0, 0, 0, 0, 0, 0, 0, 9, 0, 0, 0, 0, 0, 0, 0, 0, 10, 0, 0, 0, 0, 0, 10, 0, 0, 0, 0, 0, 0, 0, 3, 0, 3, 0, 0, 10, 0, 1, 0, 0, 0, 0, 0, 0, 0, 0, 0, 0, 0, 0, 0, 0, 10, 0, 0, 0, 0, 0, 0, 0, 0, 0, 0, 0, 0, 0, 3, 0, 0, 0, 0, 0, 0, 0, 10, 0, 0, 10, 0, 0, 0]
[21, 0, 0, 0, 0, 0, 10, 0, 0, 0, 0, 0, 0, 0, 0, 0, 0, 0, 0, 0, 0, 0, 0, 0, 0, 0, 0, 9, 0, 0, 0, 0, 0, 0, 0, 0, 10, 0, 0, 0, 0, 0, 10, 0, 1, 0, 0, 0, 0, 0, 3, 0, 3, 0, 1, 10, 0, 1, 0, 0, 0, 0, 0, 0, 0, 0, 0, 0, 1, 0, 0, 0, 10, 0, 0, 0, 0, 0, 0, 0, 1, 0, 0, 0, 0, 0, 3, 0, 1, 0, 0, 0, 0, 0, 10, 0, 0, 10, 0, 0, 1]
[22, 0, 0, 0, 0, 0, 10, 0, 0, 0, 0, 0, 0, 0, 0, 0, 0, 0, 0, 0, 0, 0, 0, 0, 0, 0, 0, 9, 0, 0, 0, 0, 0, 0, 0, 0, 10, 0, 0, 0, 0, 0, 10, 0, 2, 0, 0, 0, 0, 0, 3, 0, 3, 0, 2, 10, 0, 2, 0, 0, 0, 0, 0, 0, 0, 0, 0, 0, 1, 0, 0, 0, 10, 0, 0, 0, 0, 0, 0, 0, 2, 0, 0, 0, 0, 0, 3, 0, 1, 0, 0, 0, 0, 0, 10, 0, 0, 10, 0, 0, 1]
[23, 0, 0, 0, 0, 0, 10, 0, 0, 0, 0, 0, 0, 0, 0, 0, 0, 0, 0, 0, 0, 0, 0, 0, 0, 0, 0, 9, 0, 0, 0, 0, 0, 0, 0, 0, 10, 0, 0, 0, 0, 0, 10, 0, 3, 0, 0, 0, 0, 0, 3, 0, 3, 0, 2, 10, 0, 3, 0, 0, 0, 0, 0, 0, 0, 0, 0, 0, 1, 0, 0, 0, 10, 0, 0, 0, 0, 0, 0, 0, 3, 0, 0, 0, 0, 0, 3, 0, 1, 0, 0, 0, 0, 0, 10, 0, 0, 10, 0, 0, 1]
[24, 0, 0, 0, 0, 0, 10, 0, 0, 0, 0, 0, 0, 0, 0, 0, 0, 0, 0, 0, 0, 0, 0, 0, 0, 0, 0, 9, 0, 0, 0, 0, 0, 0, 0, 0, 10, 0, 0, 0, 0, 0, 10, 0, 4, 0, 0, 0, 0, 0, 4, 0, 4, 0, 2, 10, 0, 4, 0, 0, 0, 0, 0, 0, 0, 0, 0, 0, 1, 0, 0, 0, 10, 0, 0, 0, 0, 0, 0, 0, 3, 0, 0, 0, 0, 0, 4, 0, 1, 0, 0, 0, 0, 0, 10, 0, 0, 10, 0, 0, 1]
[25, 0, 0, 0, 0, 0, 10, 0, 0, 0, 0, 0, 0, 0, 0, 0, 0, 0, 0, 0, 0, 0, 0, 0, 0, 0, 0, 9, 0, 0, 0, 0, 0, 0, 0, 0, 10, 0, 0, 0, 0, 0, 10, 0, 4, 0, 0, 0, 0, 0, 5, 0, 5, 0, 2, 10, 0, 5, 0, 0, 0, 0, 0, 0, 0, 0, 0, 0, 1, 0, 0, 0, 10, 0, 0, 0, 0, 0, 0, 0, 3, 0, 0, 0, 0, 0, 5, 0, 1, 0, 0, 0, 0, 0, 10, 0, 0, 10, 0, 0, 1]
[26, 0, 0, 0, 0, 0, 10, 0, 0, 0, 0, 0, 0, 0, 0, 0, 0, 0, 0, 0, 0, 0, 0, 0, 0, 0, 0, 9, 0, 0, 0, 0, 0, 0, 0, 0, 10, 0, 0, 0, 0, 0, 10, 0, 4, 0, 0, 0, 0, 0, 6, 0, 6, 0, 2, 10, 0, 6, 0, 0, 0, 0, 0, 0, 0, 0, 0, 0, 1, 0, 0, 0, 10, 0, 0, 0, 0, 0, 0, 0, 3, 0, 0, 0, 0, 0, 6, 0, 1, 0, 0, 0, 0, 0, 10, 0, 0, 10, 0, 0, 1]
[27, 0, 0, 0, 0, 0, 10, 0, 0, 0, 0, 0, 0, 0, 0, 0, 0, 0, 0, 0, 0, 0, 0, 0, 0, 0, 0, 9, 0, 0, 0, 0, 0, 0, 0, 0, 10, 0, 0, 0, 0, 0, 10, 0, 4, 0, 0, 0, 0, 0, 7, 0, 7, 0, 2, 10, 0, 7, 0, 0, 0, 0, 0, 0, 0, 0, 0, 0, 1, 0, 0, 0, 10, 0, 0, 0, 0, 0, 0, 0, 3, 0, 0, 0, 0, 0, 7, 0, 1, 0, 0, 0, 0, 0, 10, 0, 0, 10, 0, 0, 1]
[28, 0, 0, 0, 0, 0, 10, 0, 0, 0, 0, 0, 0, 0, 0, 0, 0, 0, 0, 0, 0, 0, 0, 0, 0, 0, 0, 9, 0, 0, 0, 0, 0, 0, 0, 0, 10, 0, 0, 0, 0, 0, 10, 0, 4, 0, 0, 0, 0, 0, 8, 0, 8, 0, 2, 10, 0, 8, 0, 0, 0, 0, 0, 0, 0, 0, 0, 0, 1, 0, 0, 0, 10, 0, 0, 0, 0, 0, 0, 0, 3, 0, 0, 0, 0, 0, 8, 0, 1, 0, 0, 0, 0, 0, 10, 0, 0, 10, 0, 0, 1]
[29, 0, 0, 0, 0, 0, 10, 0, 0, 0, 0, 0, 0, 0, 0, 0, 0, 0, 0, 0, 0, 0, 0, 0, 0, 0, 0, 9, 0, 0, 0, 0, 0, 0, 0, 0, 10, 0, 0, 0, 0, 0, 10, 0, 4, 0, 0, 0, 0, 0, 9, 0, 9, 0, 2, 10, 0, 9, 0, 0, 0, 0, 0, 0, 0, 0, 0, 0, 1, 0, 0, 0, 10, 0, 0, 0, 0, 0, 0, 0, 3, 0, 0, 0, 0, 0, 9, 0, 1, 0, 0, 0, 0, 0, 10, 0, 0, 10, 0, 0, 1]
[30, 0, 0, 0, 0, 0, 10, 0, 0, 0, 0, 0, 0, 0, 0, 0, 0, 0, 0, 0, 0, 0, 0, 0, 0, 0, 0, 10, 0, 0, 0, 0, 0, 0, 0, 0, 10, 0, 0, 0, 0, 0, 10, 0, 4, 0, 0, 0, 0, 0, 10, 0, 10, 0, 2, 10, 0, 10, 0, 0, 0, 0, 0, 0, 0, 0, 0, 0, 1, 0, 0, 0, 10, 0, 0, 0, 0, 0, 0, 0, 3, 0, 0, 0, 0, 0, 10, 0, 1, 0, 0, 0, 0, 0, 10, 0, 0, 10, 0, 0, 1]
[31, 0, 0, 1, 0, 0, 10, 0, 0, 0, 0, 0, 0, 0, 0, 0, 0, 0, 0, 0, 0, 0, 0, 0, 0, 0, 0, 10, 0, 0, 0, 0, 0, 0, 0, 0, 10, 0, 0, 0, 0, 0, 10, 0, 4, 0, 0, 0, 0, 0, 10, 0, 10, 0, 2, 10, 0, 10, 0, 0, 0, 0, 0, 0, 0, 0, 0, 0, 1, 0, 0, 0, 10, 0, 0, 0, 0, 0, 0, 0, 3, 0, 0, 0, 0, 0, 10, 0, 1, 0, 0, 0, 0, 0, 10, 0, 0, 10, 0, 0, 1]
[32, 0, 0, 2, 0, 0, 10, 0, 0, 0, 0, 0, 0, 0, 0, 0, 0, 0, 0, 0, 0, 0, 0, 0, 0, 0, 0, 10, 0, 0, 0, 0, 0, 0, 0, 0, 10, 0, 0, 0, 0, 0, 10, 0, 4, 0, 0, 0, 0, 0, 10, 0, 10, 0, 2, 10, 0, 10, 0, 0, 0, 0, 0, 0, 0, 0, 0, 0, 2, 0, 0, 0, 10, 0, 0, 0, 0, 0, 0, 0, 3, 0, 0, 0, 0, 0, 10, 0, 2, 0, 0, 0, 0, 0, 10, 0, 0, 10, 0, 0, 2]
[33, 0, 0, 3, 0, 0, 10, 0, 0, 0, 0, 0, 0, 0, 0, 0, 0, 0, 0, 0, 0, 0, 0, 0, 0, 0, 0, 10, 0, 0, 0, 0, 0, 0, 0, 0, 10, 0, 0, 0, 0, 0, 10, 0, 4, 0, 0, 0, 0, 0, 10, 0, 10, 0, 2, 10, 0, 10, 0, 0, 0, 0, 0, 0, 0, 0, 0, 0, 2, 0, 0, 0, 10, 0, 0, 0, 0, 0, 0, 0, 3, 0, 0, 0, 0, 0, 10, 0, 2, 0, 0, 0, 0, 0, 10, 0, 0, 10, 0, 0, 2]
[34, 0, 0, 3, 0, 0, 10, 0, 0, 0, 0, 0, 0, 0, 0, 0, 0, 0, 0, 0, 0, 0, 0, 0, 0, 0, 0, 10, 0, 0, 0, 0, 0, 0, 0, 0, 10, 0, 0, 0, 0, 0, 10, 0, 4, 0, 0, 0, 0, 0, 10, 0, 10, 0, 2, 10, 0, 10, 0, 0, 0, 0, 0, 0, 0, 0, 0, 0, 2, 0, 0, 0, 10, 0, 0, 0, 0, 0, 0, 0, 4, 0, 0, 0, 0, 0, 10, 0, 2, 0, 0, 0, 0, 0, 10, 0, 0, 10, 0, 0, 2]
[35, 0, 0, 3, 0, 0, 10, 0, 0, 0, 0, 0, 0, 0, 0, 0, 0, 0, 0, 0, 0, 0, 0, 0, 0, 0, 0, 10, 0, 0, 0, 0, 0, 0, 0, 0, 10, 0, 0, 0, 0, 0, 10, 0, 5, 0, 0, 0, 0, 0, 10, 0, 10, 0, 2, 10, 0, 10, 0, 0, 0, 0, 0, 0, 0, 0, 0, 0, 2, 0, 0, 0, 10, 0, 0, 0, 0, 0, 0, 0, 5, 0, 0, 0, 0, 0, 10, 0, 2, 0, 0, 0, 0, 0, 10, 0, 0, 10, 0, 0, 2]
[36, 0, 0, 3, 0, 0, 10, 0, 0, 0, 0, 0, 0, 0, 0, 0, 0, 0, 0, 0, 0, 0, 0, 0, 0, 0, 0, 10, 0, 0, 0, 0, 0, 0, 0, 0, 10, 0, 0, 0, 0, 0, 10, 0, 6, 0, 0, 0, 0, 0, 10, 0, 10, 0, 2, 10, 0, 10, 0, 0, 0, 0, 0, 0, 0, 0, 0, 0, 2, 0, 0, 0, 10, 0, 0, 0, 0, 0, 0, 0, 5, 0, 0, 0, 0, 0, 10, 0, 2, 0, 0, 0, 0, 0, 10, 0, 0, 10, 0, 0, 2]
[41, 0, 0, 3, 0, 0, 10, 0, 0, 0, 0, 0, 0, 0, 0, 0, 0, 0, 0, 0, 0, 0, 0, 0, 0, 0, 0, 10, 0, 0, 0, 0, 0, 0, 0, 0, 10, 0, 0, 0, 0, 0, 10, 0, 6, 1, 0, 0, 0, 0, 10, 0, 10, 0, 2, 10, 0, 10, 0, 0, 0, 0, 0, 0, 0, 0, 0, 0, 2, 0, 0, 0, 10, 0, 0, 0, 0, 0, 0, 0, 5, 0, 0, 0, 0, 0, 10, 0, 2, 0, 0, 0, 0, 0, 10, 0, 0, 10, 0, 0, 2]
[42, 0, 0, 3, 0, 0, 10, 0, 0, 0, 0, 0, 0, 0, 0, 0, 0, 0, 0, 0, 0, 0, 0, 0, 0, 0, 0, 10, 0, 0, 0, 0, 0, 0, 0, 0, 10, 0, 0, 0, 0, 0, 10, 0, 6, 2, 0, 0, 0, 0, 10, 0, 10, 0, 2, 10, 0, 10, 0, 0, 0, 0, 0, 0, 0, 0, 0, 0, 2, 0, 0, 0, 10, 0, 0, 0, 0, 0, 0, 0, 5, 0, 0, 0, 0, 0, 10, 0, 2, 0, 0, 0, 0, 0, 10, 0, 0, 10, 0, 0, 2]
[43, 0, 0, 3, 0, 0, 10, 0, 0, 0, 0, 0, 0, 0, 0, 0, 0, 0, 0, 0, 0, 0, 0, 0, 0, 0, 0, 10, 0, 0, 0, 0, 0, 0, 0, 0, 10, 0, 0, 0, 0, 0, 10, 0, 6, 2, 0, 0, 0, 0, 10, 0, 10, 0, 2, 10, 0, 10, 0, 0, 0, 0, 0, 0, 0, 0, 0, 0, 3, 0, 0, 0, 10, 0, 0, 0, 0, 0, 0, 0, 5, 0, 0, 0, 0, 0, 10, 0, 3, 0, 0, 0, 0, 0, 10, 0, 0, 10, 0, 0, 3]
[44, 0, 0, 4, 0, 0, 10, 0, 0, 0, 0, 0, 0, 0, 0, 0, 0, 0, 0, 0, 0, 0, 0, 0, 0, 0, 0, 10, 0, 0, 0, 0, 0, 0, 0, 0, 10, 0, 0, 0, 0, 0, 10, 0, 6, 2, 0, 0, 0, 0, 10, 0, 10, 0, 2, 10, 0, 10, 0, 0, 0, 0, 0, 0, 0, 0, 0, 0, 4, 0, 0, 0, 10, 0, 0, 0, 0, 0, 0, 0, 5, 0, 0, 0, 0, 0, 10, 0, 4, 0, 0, 0, 0, 0, 10, 0, 0, 10, 0, 0, 4]
[45, 0, 0, 5, 0, 0, 10, 0, 0, 0, 0, 0, 0, 0, 0, 0, 0, 0, 0, 0, 0, 0, 0, 0, 0, 0, 0, 10, 0, 0, 0, 0, 0, 0, 0, 0, 10, 0, 0, 0, 0, 0, 10, 0, 6, 2, 0, 0, 0, 0, 10, 0, 10, 0, 2, 10, 0, 10, 0, 0, 0, 0, 0, 0, 0, 0, 0, 0, 5, 0, 0, 0, 10, 0, 0, 0, 0, 0, 0, 0, 5, 0, 0, 0, 0, 0, 10, 0, 5, 0, 0, 0, 0, 0, 10, 0, 0, 10, 0, 0, 5]
[46, 0, 0, 6, 0, 0, 10, 0, 0, 0, 0, 0, 0, 0, 0, 0, 0, 0, 0, 0, 0, 0, 0, 0, 0, 0, 0, 10, 0, 0, 0, 0, 0, 0, 0, 0, 10, 0, 0, 0, 0, 0, 10, 0, 6, 2, 0, 0, 0, 0, 10, 0, 10, 0, 2, 10, 0, 10, 0, 0, 0, 0, 0, 0, 0, 0, 0, 0, 6, 0, 0, 0, 10, 0, 0, 0, 0, 0, 0, 0, 6, 0, 0, 0, 0, 0, 10, 0, 6, 0, 0, 0, 0, 0, 10, 0, 0, 10, 0, 0, 6]
[47, 0, 0, 7, 0, 0, 10, 0, 0, 0, 0, 0, 0, 0, 0, 0, 0, 0, 0, 0, 0, 0, 0, 0, 0, 0, 0, 10, 0, 0, 0, 0, 0, 0, 0, 0, 10, 0, 0, 0, 0, 0, 10, 0, 7, 2, 0, 0, 0, 0, 10, 0, 10, 0, 2, 10, 0, 10, 0, 0, 0, 0, 0, 0, 0, 0, 0, 0, 7, 0, 0, 0, 10, 0, 0, 0, 0, 0, 0, 0, 7, 0, 0, 0, 0, 0, 10, 0, 7, 0, 0, 0, 0, 0, 10, 0, 0, 10, 0, 0, 7]
[48, 0, 0, 8, 0, 0, 10, 0, 0, 0, 0, 0, 0, 0, 0, 0, 0, 0, 0, 0, 0, 0, 0, 0, 0, 0, 0, 10, 0, 0, 0, 0, 0, 0, 0, 0, 10, 0, 0, 0, 0, 0, 10, 0, 8, 2, 0, 0, 0, 0, 10, 0, 10, 0, 2, 10, 0, 10, 0, 0, 0, 0, 0, 0, 0, 0, 0, 0, 7, 0, 0, 0, 10, 0, 0, 0, 0, 0, 0, 0, 8, 0, 0, 0, 0, 0, 10, 0, 8, 0, 0, 0, 0, 0, 10, 0, 0, 10, 0, 0, 8]
[49, 0, 0, 9, 0, 0, 10, 0, 0, 0, 0, 0, 0, 0, 0, 0, 0, 0, 0, 0, 0, 0, 0, 0, 0, 0, 0, 10, 0, 0, 0, 0, 0, 0, 0, 0, 10, 0, 0, 0, 0, 0, 10, 0, 9, 2, 0, 0, 0, 0, 10, 0, 10, 0, 2, 10, 0, 10, 0, 0, 0, 0, 0, 0, 0, 0, 0, 0, 7, 0, 0, 0, 10, 0, 0, 0, 0, 0, 0, 0, 9, 0, 0, 0, 0, 0, 10, 0, 9, 0, 0, 0, 0, 0, 10, 0, 0, 10, 0, 0, 9]
[50, 0, 0, 10, 0, 0, 10, 0, 0, 0, 0, 0, 0, 0, 0, 0, 0, 0, 0, 0, 0, 0, 0, 0, 0, 0, 0, 10, 0, 0, 0, 0, 0, 0, 0, 0, 10, 0, 0, 0, 0, 0, 10, 0, 10, 2, 0, 0, 0, 0, 10, 0, 10, 0, 2, 10, 0, 10, 0, 0, 0, 0, 0, 0, 0, 0, 0, 0, 7, 0, 0, 0, 10, 0, 0, 0, 0, 0, 0, 0, 10, 0, 0, 0, 0, 0, 10, 0, 10, 0, 0, 0, 0, 0, 10, 0, 0, 10, 0, 0, 10]
[51, 0, 0, 10, 0, 0, 10, 0, 0, 0, 0, 0, 0, 0, 0, 0, 0, 0, 0, 0, 0, 0, 0, 0, 0, 0, 0, 10, 0, 0, 0, 0, 0, 0, 0, 0, 10, 0, 0, 0, 0, 0, 10, 0, 10, 2, 0, 0, 0, 0, 10, 0, 10, 0, 2, 10, 0, 10, 0, 0, 0, 0, 0, 0, 0, 0, 0, 0, 7, 0, 0, 0, 10, 0, 0, 0, 0, 0, 0, 0, 10, 0, 0, 0, 0, 1, 10, 0, 10, 0, 0, 0, 0, 0, 10, 0, 0, 10, 0, 0, 10]
[52, 0, 0, 10, 0, 0, 10, 0, 0, 0, 0, 0, 0, 0, 0, 0, 0, 0, 0, 0, 0, 0, 0, 0, 0, 0, 0, 10, 0, 0, 0, 0, 0, 0, 0, 0, 10, 0, 0, 0, 0, 0, 10, 0, 10, 2, 0, 0, 0, 0, 10, 0, 10, 0, 2, 10, 0, 10, 0, 0, 0, 0, 0, 0, 0, 0, 0, 0, 7, 0, 0, 0, 10, 0, 0, 0, 0, 0, 0, 0, 10, 0, 0, 0, 0, 2, 10, 0, 10, 0, 0, 0, 0, 0, 10, 0, 0, 10, 0, 0, 10]
[53, 0, 0, 10, 0, 0, 10, 0, 0, 0, 0, 0, 0, 0, 0, 0, 0, 0, 0, 0, 0, 0, 0, 0, 0, 0, 0, 10, 0, 0, 0, 0, 0, 0, 0, 0, 10, 0, 0, 0, 0, 0, 10, 0, 10, 3, 0, 0, 0, 0, 10, 0, 10, 0, 3, 10, 0, 10, 0, 0, 0, 0, 0, 0, 0, 0, 0, 0, 7, 0, 0, 0, 10, 0, 0, 0, 0, 0, 0, 0, 10, 0, 0, 0, 0, 3, 10, 0, 10, 0, 0, 0, 0, 0, 10, 0, 0, 10, 0, 0, 10]
[54, 0, 0, 10, 0, 0, 10, 0, 0, 0, 0, 0, 0, 0, 0, 0, 0, 0, 0, 0, 0, 0, 0, 0, 0, 0, 0, 10, 0, 0, 0, 0, 0, 0, 0, 0, 10, 0, 0, 0, 0, 0, 10, 0, 10, 4, 0, 0, 0, 0, 10, 0, 10, 0, 4, 10, 0, 10, 0, 0, 0, 0, 0, 0, 0, 0, 0, 0, 7, 0, 0, 0, 10, 0, 0, 0, 0, 0, 0, 0, 10, 0, 0, 0, 0, 4, 10, 0, 10, 0, 0, 0, 0, 0, 10, 0, 0, 10, 0, 0, 10]
[55, 0, 0, 10, 0, 0, 10, 0, 0, 0, 0, 0, 0, 0, 0, 0, 0, 0, 0, 0, 0, 0, 0, 0, 0, 0, 0, 10, 0, 0, 0, 0, 0, 0, 0, 0, 10, 0, 0, 0, 0, 0, 10, 0, 10, 5, 0, 0, 0, 0, 10, 0, 10, 0, 5, 10, 0, 10, 0, 0, 0, 0, 0, 0, 0, 0, 0, 0, 7, 0, 0, 0, 10, 0, 0, 0, 0, 0, 0, 0, 10, 0, 0, 0, 0, 5, 10, 0, 10, 0, 0, 0, 0, 0, 10, 0, 0, 10, 0, 0, 10]
[56, 0, 0, 10, 0, 0, 10, 0, 0, 0, 0, 0, 0, 0, 0, 0, 0, 0, 0, 0, 0, 0, 0, 0, 0, 0, 0, 10, 0, 0, 0, 0, 0, 0, 0, 0, 10, 0, 0, 0, 0, 0, 10, 0, 10, 6, 0, 0, 0, 0, 10, 0, 10, 0, 6, 10, 0, 10, 0, 0, 0, 0, 0, 0, 0, 0, 0, 0, 7, 0, 0, 0, 10, 0, 0, 0, 0, 0, 0, 0, 10, 0, 0, 0, 0, 6, 10, 0, 10, 0, 0, 0, 0, 0, 10, 0, 0, 10, 0, 0, 10]
[57, 0, 0, 10, 0, 0, 10, 0, 0, 0, 0, 0, 0, 0, 0, 0, 0, 0, 0, 0, 0, 0, 0, 0, 0, 0, 0, 10, 0, 0, 0, 0, 0, 0, 0, 0, 10, 0, 0, 0, 0, 0, 10, 0, 10, 7, 0, 0, 0, 0, 10, 0, 10, 0, 7, 10, 0, 10, 0, 0, 0, 0, 0, 0, 0, 0, 0, 0, 7, 0, 0, 0, 10, 0, 0, 0, 0, 0, 0, 0, 10, 0, 0, 0, 0, 7, 10, 0, 10, 0, 0, 0, 0, 0, 10, 0, 0, 10, 0, 0, 10]
[58, 0, 0, 10, 0, 0, 10, 0, 0, 0, 0, 0, 0, 0, 0, 0, 0, 0, 0, 0, 0, 0, 0, 0, 0, 0, 0, 10, 0, 0, 0, 0, 0, 0, 0, 0, 10, 0, 0, 0, 0, 0, 10, 0, 10, 8, 0, 0, 0, 0, 10, 0, 10, 0, 8, 10, 0, 10, 0, 0, 0, 0, 0, 0, 0, 0, 0, 0, 8, 0, 0, 0, 10, 0, 0, 0, 0, 0, 0, 0, 10, 0, 0, 0, 0, 8, 10, 0, 10, 0, 0, 0, 0, 0, 10, 0, 0, 10, 0, 0, 10]
[59, 0, 0, 10, 0, 0, 10, 0, 0, 0, 0, 0, 0, 0, 0, 0, 0, 0, 0, 0, 0, 0, 0, 0, 0, 0, 0, 10, 0, 0, 0, 0, 0, 0, 0, 0, 10, 0, 0, 0, 0, 0, 10, 0, 10, 9, 0, 0, 0, 0, 10, 0, 10, 0, 9, 10, 0, 10, 0, 0, 0, 0, 0, 0, 0, 0, 0, 0, 9, 0, 0, 0, 10, 0, 0, 0, 0, 0, 0, 0, 10, 0, 0, 0, 0, 9, 10, 0, 10, 0, 0, 0, 0, 0, 10, 0, 0, 10, 0, 0, 10]
[60, 0, 0, 10, 0, 0, 10, 0, 0, 0, 0, 0, 0, 0, 0, 0, 0, 0, 0, 0, 0, 0, 0, 0, 0, 0, 0, 10, 0, 0, 0, 0, 0, 0, 0, 0, 10, 0, 0, 0, 0, 0, 10, 0, 10, 10, 0, 0, 0, 0, 10, 0, 10, 0, 10, 10, 0, 10, 0, 0, 0, 0, 0, 0, 0, 0, 0, 0, 10, 0, 0, 0, 10, 0, 0, 0, 0, 0, 0, 0, 10, 0, 0, 0, 0, 10, 10, 0, 10, 0, 0, 0, 0, 0, 10, 0, 0, 10, 0, 0, 10]
[192, 0, 0, 10, 0, 0, 10, 0, 0, 0, 0, 0, 0, 0, 0, 1, 0, 1, 0, 0, 0, 0, 0, 0, 0, 1, 0, 10, 0, 0, 0, 0, 0, 0, 0, 0, 10, 0, 0, 0, 0, 0, 10, 0, 10, 10, 0, 0, 0, 0, 10, 0, 10, 0, 10, 10, 0, 10, 0, 0, 0, 0, 0, 0, 0, 0, 0, 0, 10, 0, 0, 0, 10, 0, 0, 0, 0, 0, 0, 0, 10, 0, 0, 0, 0, 10, 10, 0, 10, 0, 1, 0, 0, 0, 10, 0, 0, 10, 0, 0, 10]
[205, 0, 0, 10, 0, 0, 10, 0, 0, 0, 0, 0, 0, 0, 0, 2, 0, 2, 0, 0, 0, 0, 0, 0, 0, 2, 0, 10, 0, 0, 0, 0, 0, 0, 0, 0, 10, 0, 0, 0, 0, 0, 10, 0, 10, 10, 0, 0, 0, 0, 10, 0, 10, 0, 10, 10, 0, 10, 0, 0, 0, 0, 0, 0, 0, 0, 0, 0, 10, 0, 0, 0, 10, 0, 0, 0, 0, 0, 0, 0, 10, 0, 0, 0, 0, 10, 10, 0, 10, 0, 1, 0, 0, 0, 10, 0, 0, 10, 0, 0, 10]
[206, 0, 0, 10, 0, 0, 10, 0, 0, 0, 0, 0, 0, 0, 0, 3, 0, 3, 0, 0, 0, 0, 0, 0, 0, 3, 0, 10, 0, 0, 0, 0, 0, 0, 0, 0, 10, 0, 0, 0, 0, 0, 10, 0, 10, 10, 0, 0, 0, 0, 10, 0, 10, 0, 10, 10, 0, 10, 0, 0, 0, 0, 0, 0, 0, 0, 0, 0, 10, 0, 0, 0, 10, 0, 0, 0, 0, 0, 0, 0, 10, 0, 0, 0, 0, 10, 10, 0, 10, 0, 1, 0, 0, 0, 10, 0, 0, 10, 0, 0, 10]
[212, 0, 0, 10, 0, 0, 10, 0, 0, 0, 0, 0, 1, 0, 0, 3, 0, 3, 0, 0, 0, 0, 0, 0, 0, 3, 0, 10, 0, 0, 1, 0, 0, 0, 0, 0, 10, 0, 0, 0, 0, 0, 10, 0, 10, 10, 0, 0, 0, 0, 10, 0, 10, 0, 10, 10, 0, 10, 0, 0, 0, 0, 0, 0, 0, 1, 0, 0, 10, 0, 0, 0, 10, 0, 0, 0, 0, 0, 0, 0, 10, 0, 0, 0, 1, 10, 10, 0, 10, 0, 1, 0, 0, 0, 10, 0, 0, 10, 0, 0, 10]
[215, 0, 0, 10, 0, 0, 10, 0, 0, 0, 0, 0, 2, 0, 0, 3, 0, 3, 0, 0, 0, 0, 0, 0, 0, 3, 0, 10, 0, 0, 2, 0, 0, 0, 0, 0, 10, 0, 0, 0, 0, 0, 10, 0, 10, 10, 0, 0, 0, 0, 10, 0, 10, 0, 10, 10, 0, 10, 0, 0, 0, 0, 0, 0, 0, 2, 0, 0, 10, 0, 0, 0, 10, 0, 0, 0, 0, 0, 0, 0, 10, 0, 0, 0, 2, 10, 10, 0, 10, 0, 2, 0, 0, 0, 10, 0, 0, 10, 0, 0, 10]
[221, 0, 0, 10, 0, 0, 10, 0, 0, 0, 0, 0, 3, 0, 0, 3, 0, 3, 0, 0, 0, 0, 0, 0, 0, 3, 0, 10, 0, 0, 3, 0, 0, 0, 0, 0, 10, 0, 0, 0, 0, 0, 10, 0, 10, 10, 0, 0, 0, 0, 10, 0, 10, 0, 10, 10, 0, 10, 0, 0, 0, 0, 0, 0, 0, 3, 0, 0, 10, 0, 0, 0, 10, 0, 0, 0, 0, 0, 0, 0, 10, 0, 0, 0, 3, 10, 10, 0, 10, 0, 3, 0, 0, 0, 10, 0, 0, 10, 0, 0, 10]
[224, 0, 0, 10, 0, 0, 10, 1, 1, 0, 0, 0, 3, 0, 0, 3, 1, 3, 0, 0, 0, 0, 0, 0, 0, 3, 0, 10, 0, 0, 3, 0, 0, 0, 0, 0, 10, 1, 0, 0, 0, 0, 10, 0, 10, 10, 0, 0, 0, 0, 10, 0, 10, 0, 10, 10, 0, 10, 0, 0, 0, 0, 1, 0, 0, 3, 0, 0, 10, 1, 0, 0, 10, 1, 0, 0, 0, 0, 0, 0, 10, 0, 0, 1, 3, 10, 10, 0, 10, 0, 3, 0, 0, 0, 10, 0, 0, 10, 0, 0, 10]
[227, 0, 0, 10, 0, 0, 10, 1, 1, 0, 0, 0, 3, 0, 0, 3, 2, 3, 0, 0, 0, 0, 0, 0, 0, 3, 0, 10, 0, 0, 3, 0, 0, 0, 0, 0, 10, 2, 0, 0, 0, 0, 10, 0, 10, 10, 0, 0, 0, 0, 10, 0, 10, 0, 10, 10, 0, 10, 0, 0, 0, 0, 1, 0, 0, 3, 0, 0, 10, 2, 0, 0, 10, 2, 0, 0, 0, 0, 0, 0, 10, 0, 0, 1, 3, 10, 10, 0, 10, 0, 3, 0, 0, 0, 10, 0, 0, 10, 0, 0, 10]
[231, 0, 0, 10, 0, 0, 10, 1, 1, 0, 0, 0, 3, 0, 0, 3, 2, 3, 0, 0, 0, 0, 0, 0, 0, 3, 0, 10, 0, 0, 3, 0, 0, 0, 0, 0, 10, 2, 0, 0, 0, 0, 10, 0, 10, 10, 0, 0, 0, 0, 10, 0, 10, 0, 10, 10, 0, 10, 0, 0, 0, 0, 1, 0, 0, 3, 0, 0, 10, 3, 0, 0, 10, 2, 0, 0, 0, 0, 0, 0, 10, 0, 0, 1, 3, 10, 10, 0, 10, 0, 3, 0, 0, 0, 10, 0, 0, 10, 0, 0, 10]
[243, 0, 0, 10, 0, 0, 10, 2, 2, 0, 0, 0, 3, 0, 0, 3, 2, 3, 0, 0, 0, 0, 0, 0, 0, 3, 0, 10, 0, 0, 3, 0, 0, 0, 0, 0, 10, 2, 0, 0, 0, 0, 10, 0, 10, 10, 0, 0, 0, 0, 10, 0, 10, 0, 10, 10, 0, 10, 0, 0, 0, 0, 1, 0, 0, 3, 0, 0, 10, 3, 0, 0, 10, 2, 0, 0, 0, 0, 0, 0, 10, 0, 0, 2, 3, 10, 10, 0, 10, 0, 3, 0, 0, 0, 10, 0, 0, 10, 0, 0, 10]
[244, 0, 0, 10, 1, 0, 10, 2, 2, 0, 0, 0, 3, 0, 1, 3, 2, 3, 0, 0, 0, 0, 0, 0, 1, 3, 1, 10, 0, 1, 3, 0, 1, 0, 0, 0, 10, 2, 0, 0, 0, 0, 10, 0, 10, 10, 0, 0, 0, 0, 10, 1, 10, 0, 10, 10, 1, 10, 0, 0, 0, 0, 1, 0, 0, 3, 0, 0, 10, 3, 1, 1, 10, 2, 0, 0, 0, 0, 0, 0, 10, 0, 0, 2, 3, 10, 10, 0, 10, 0, 3, 1, 0, 1, 10, 0, 0, 10, 1, 0, 10]
[253, 0, 0, 10, 1, 0, 10, 2, 2, 0, 0, 0, 3, 0, 1, 3, 2, 3, 0, 0, 0, 0, 0, 0, 1, 3, 1, 10, 0, 1, 3, 0, 1, 0, 0, 0, 10, 2, 0, 0, 0, 0, 10, 0, 10, 10, 0, 0, 0, 0, 10, 1, 10, 0, 10, 10, 1, 10, 0, 0, 0, 0, 1, 0, 0, 3, 0, 0, 10, 4, 1, 1, 10, 2, 0, 0, 0, 0, 0, 0, 10, 0, 0, 2, 3, 10, 10, 0, 10, 0, 4, 1, 0, 1, 10, 0, 0, 10, 1, 0, 10]
[256, 1, 0, 10, 1, 0, 10, 2, 2, 0, 0, 1, 3, 0, 1, 3, 2, 3, 1, 1, 0, 1, 0, 0, 2, 3, 2, 10, 0, 2, 3, 0, 1, 0, 0, 0, 10, 2, 1, 0, 1, 0, 10, 0, 10, 10, 0, 0, 0, 0, 10, 2, 10, 1, 10, 10, 1, 10, 0, 0, 0, 1, 2, 0, 0, 3, 0, 0, 10, 4, 1, 2, 10, 2, 0, 0, 0, 1, 0, 0, 10, 0, 1, 2, 3, 10, 10, 0, 10, 0, 4, 1, 0, 1, 10, 0, 0, 10, 1, 1, 10]
[257, 1, 0, 10, 1, 0, 10, 2, 2, 0, 0, 1, 3, 0, 1, 3, 3, 3, 1, 1, 0, 1, 0, 0, 2, 3, 3, 10, 0, 3, 3, 0, 1, 0, 0, 0, 10, 3, 1, 0, 1, 0, 10, 0, 10, 10, 0, 0, 0, 0, 10, 3, 10, 1, 10, 10, 1, 10, 0, 0, 0, 1, 3, 0, 0, 3, 0, 0, 10, 4, 1, 3, 10, 3, 0, 0, 0, 1, 0, 0, 10, 0, 1, 2, 3, 10, 10, 0, 10, 0, 4, 1, 0, 1, 10, 0, 0, 10, 1, 1, 10]
[258, 1, 0, 10, 1, 0, 10, 2, 2, 0, 0, 1, 3, 0, 1, 3, 4, 3, 1, 1, 0, 1, 0, 0, 2, 3, 4, 10, 0, 4, 3, 0, 1, 0, 0, 0, 10, 4, 1, 0, 1, 0, 10, 0, 10, 10, 0, 0, 0, 0, 10, 4, 10, 1, 10, 10, 1, 10, 0, 0, 0, 1, 4, 0, 0, 3, 0, 0, 10, 4, 1, 4, 10, 4, 0, 0, 0, 1, 0, 0, 10, 0, 1, 2, 3, 10, 10, 0, 10, 0, 4, 1, 0, 1, 10, 0, 0, 10, 1, 1, 10]
[259, 1, 0, 10, 1, 0, 10, 2, 2, 0, 0, 1, 3, 0, 1, 3, 5, 3, 1, 1, 0, 1, 0, 0, 2, 3, 5, 10, 0, 5, 3, 0, 1, 0, 0, 0, 10, 5, 1, 0, 1, 0, 10, 0, 10, 10, 0, 0, 0, 0, 10, 5, 10, 1, 10, 10, 1, 10, 0, 0, 0, 1, 5, 0, 0, 3, 0, 0, 10, 5, 1, 5, 10, 4, 0, 0, 0, 1, 0, 0, 10, 0, 1, 2, 3, 10, 10, 0, 10, 0, 4, 1, 0, 1, 10, 0, 0, 10, 1, 1, 10]
[260, 1, 0, 10, 1, 0, 10, 2, 3, 0, 0, 1, 3, 0, 1, 3, 5, 3, 1, 1, 0, 1, 0, 0, 3, 3, 5, 10, 0, 5, 3, 0, 1, 0, 0, 0, 10, 5, 1, 0, 1, 0, 10, 0, 10, 10, 0, 0, 0, 0, 10, 5, 10, 1, 10, 10, 1, 10, 0, 0, 0, 1, 5, 0, 0, 3, 0, 0, 10, 5, 1, 5, 10, 4, 0, 0, 0, 1, 0, 0, 10, 0, 1, 2, 3, 10, 10, 0, 10, 0, 4, 1, 0, 1, 10, 0, 0, 10, 1, 1, 10]
[262, 1, 0, 10, 1, 0, 10, 2, 3, 0, 0, 1, 3, 0, 1, 3, 5, 3, 1, 1, 0, 1, 0, 0, 3, 3, 5, 10, 0, 5, 3, 0, 1, 0, 0, 0, 10, 5, 1, 0, 1, 0, 10, 0, 10, 10, 0, 0, 0, 0, 10, 5, 10, 1, 10, 10, 1, 10, 0, 0, 0, 1, 5, 0, 0, 3, 0, 0, 10, 5, 1, 5, 10, 5, 0, 0, 0, 1, 0, 0, 10, 0, 1, 2, 3, 10, 10, 0, 10, 0, 4, 1, 0, 1, 10, 0, 0, 10, 1, 1, 10]
[263, 1, 0, 10, 2, 0, 10, 2, 3, 0, 0, 2, 3, 0, 2, 3, 5, 3, 1, 1, 0, 1, 0, 0, 3, 3, 5, 10, 0, 5, 3, 0, 1, 0, 0, 0, 10, 5, 1, 0, 1, 0, 10, 0, 10, 10, 0, 0, 0, 0, 10, 5, 10, 2, 10, 10, 2, 10, 0, 0, 0, 1, 5, 0, 0, 3, 0, 0, 10, 5, 1, 5, 10, 5, 0, 0, 0, 1, 0, 0, 10, 0, 1, 2, 3, 10, 10, 0, 10, 0, 4, 1, 0, 1, 10, 0, 0, 10, 2, 1, 10]
[268, 1, 0, 10, 3, 0, 10, 2, 3, 0, 0, 3, 3, 0, 2, 3, 5, 3, 1, 1, 0, 1, 0, 0, 3, 3, 5, 10, 0, 5, 3, 0, 1, 0, 0, 0, 10, 6, 1, 0, 1, 0, 10, 0, 10, 10, 0, 0, 0, 0, 10, 6, 10, 2, 10, 10, 3, 10, 0, 0, 0, 1, 6, 0, 0, 3, 0, 0, 10, 5, 1, 6, 10, 6, 0, 0, 0, 1, 0, 0, 10, 0, 1, 2, 3, 10, 10, 0, 10, 0, 4, 1, 0, 1, 10, 0, 0, 10, 3, 1, 10]
[274, 1, 0, 10, 3, 0, 10, 2, 3, 0, 0, 3, 3, 0, 2, 3, 5, 3, 2, 1, 0, 2, 0, 0, 3, 3, 5, 10, 0, 5, 3, 0, 1, 0, 0, 0, 10, 6, 1, 0, 2, 0, 10, 0, 10, 10, 0, 0, 0, 0, 10, 6, 10, 2, 10, 10, 3, 10, 0, 0, 0, 1, 6, 0, 0, 3, 0, 0, 10, 5, 1, 6, 10, 6, 0, 0, 0, 2, 0, 0, 10, 0, 2, 2, 3, 10, 10, 0, 10, 0, 4, 2, 0, 2, 10, 0, 0, 10, 3, 1, 10]
[278, 1, 0, 10, 3, 0, 10, 2, 3, 0, 0, 3, 3, 0, 2, 3, 5, 3, 3, 1, 0, 2, 0, 0, 3, 3, 5, 10, 0, 5, 3, 0, 1, 0, 0, 0, 10, 6, 1, 0, 2, 1, 10, 0, 10, 10, 0, 0, 0, 0, 10, 6, 10, 2, 10, 10, 3, 10, 0, 1, 0, 1, 6, 0, 0, 3, 0, 0, 10, 5, 1, 6, 10, 6, 0, 0, 0, 3, 1, 0, 10, 0, 2, 2, 3, 10, 10, 0, 10, 0, 4, 2, 0, 3, 10, 0, 0, 10, 3, 1, 10]
[279, 1, 1, 10, 3, 0, 10, 2, 3, 0, 1, 3, 3, 0, 2, 3, 5, 3, 3, 1, 0, 2, 1, 0, 3, 3, 5, 10, 1, 5, 3, 1, 1, 0, 0, 0, 10, 6, 1, 1, 2, 1, 10, 0, 10, 10, 0, 0, 0, 0, 10, 6, 10, 2, 10, 10, 3, 10, 0, 1, 1, 1, 6, 1, 0, 3, 1, 0, 10, 5, 1, 6, 10, 6, 1, 0, 0, 3, 1, 0, 10, 0, 2, 2, 3, 10, 10, 1, 10, 0, 4, 2, 0, 3, 10, 0, 0, 10, 3, 1, 10]
[280, 1, 1, 10, 3, 0, 10, 2, 3, 0, 1, 3, 3, 0, 2, 3, 5, 3, 3, 1, 0, 3, 1, 0, 3, 3, 5, 10, 1, 5, 3, 1, 1, 0, 0, 0, 10, 6, 1, 1, 3, 1, 10, 0, 10, 10, 0, 0, 0, 0, 10, 6, 10, 2, 10, 10, 3, 10, 0, 1, 1, 1, 6, 1, 0, 3, 1, 0, 10, 5, 1, 6, 10, 6, 1, 0, 0, 3, 1, 0, 10, 0, 3, 2, 3, 10, 10, 1, 10, 0, 4, 3, 0, 3, 10, 0, 0, 10, 3, 1, 10]
[280, 1, 1, 10, 3, 0, 10, 2, 3, 0, 1, 3, 3, 0, 2, 3, 5, 3, 4, 1, 0, 3, 1, 0, 3, 3, 5, 10, 1, 5, 3, 1, 1, 0, 0, 0, 10, 6, 1, 1, 4, 1, 10, 0, 10, 10, 0, 0, 0, 0, 10, 6, 10, 2, 10, 10, 3, 10, 0, 1, 1, 1, 6, 1, 0, 3, 1, 0, 10, 5, 1, 6, 10, 6, 1, 0, 0, 4, 1, 0, 10, 0, 4, 2, 3, 10, 10, 1, 10, 0, 4, 4, 0, 3, 10, 0, 0, 10, 3, 1, 10]
[281, 2, 1, 10, 3, 0, 10, 2, 3, 0, 2, 3, 3, 0, 2, 3, 5, 3, 4, 2, 0, 3, 1, 0, 3, 3, 5, 10, 1, 5, 3, 1, 1, 0, 0, 1, 10, 6, 1, 1, 4, 1, 10, 0, 10, 10, 1, 0, 0, 2, 10, 6, 10, 2, 10, 10, 3, 10, 0, 1, 1, 2, 6, 1, 0, 3, 1, 1, 10, 5, 1, 6, 10, 6, 1, 0, 0, 4, 1, 0, 10, 1, 4, 2, 3, 10, 10, 2, 10, 0, 4, 4, 0, 3, 10, 0, 0, 10, 3, 2, 10]
[282, 2, 2, 10, 3, 0, 10, 2, 3, 0, 2, 3, 3, 0, 2, 3, 5, 3, 4, 2, 0, 3, 2, 0, 3, 3, 5, 10, 1, 5, 3, 2, 1, 0, 0, 1, 10, 6, 1, 2, 4, 2, 10, 0, 10, 10, 2, 0, 0, 2, 10, 6, 10, 2, 10, 10, 3, 10, 0, 2, 2, 2, 6, 1, 0, 3, 1, 1, 10, 5, 1, 6, 10, 6, 2, 0, 0, 4, 2, 0, 10, 1, 4, 2, 3, 10, 10, 2, 10, 0, 4, 4, 0, 3, 10, 0, 0, 10, 3, 2, 10]
[285, 2, 3, 10, 3, 0, 10, 2, 3, 0, 2, 3, 3, 0, 2, 3, 5, 3, 4, 2, 0, 3, 3, 0, 3, 3, 5, 10, 1, 5, 3, 3, 1, 0, 0, 1, 10, 6, 1, 3, 4, 3, 10, 0, 10, 10, 3, 0, 0, 3, 10, 6, 10, 2, 10, 10, 3, 10, 0, 3, 3, 2, 6, 1, 0, 3, 1, 1, 10, 5, 1, 6, 10, 6, 3, 0, 0, 4, 3, 0, 10, 1, 4, 2, 3, 10, 10, 3, 10, 0, 4, 4, 0, 3, 10, 0, 0, 10, 3, 2, 10]
[285, 2, 4, 10, 3, 0, 10, 2, 3, 0, 2, 3, 3, 0, 2, 3, 5, 3, 4, 2, 0, 3, 4, 0, 3, 3, 5, 10, 1, 5, 3, 3, 1, 0, 0, 1, 10, 6, 1, 4, 4, 4, 10, 0, 10, 10, 3, 0, 0, 3, 10, 6, 10, 2, 10, 10, 3, 10, 0, 4, 4, 2, 6, 1, 0, 3, 1, 1, 10, 5, 1, 6, 10, 6, 3, 0, 0, 4, 3, 0, 10, 1, 4, 2, 3, 10, 10, 4, 10, 0, 4, 4, 0, 3, 10, 0, 0, 10, 3, 2, 10]
[286, 2, 4, 10, 3, 0, 10, 2, 3, 0, 2, 3, 3, 0, 2, 3, 5, 3, 5, 2, 0, 3, 4, 0, 3, 3, 5, 10, 1, 5, 3, 3, 1, 0, 0, 1, 10, 6, 1, 4, 4, 5, 10, 0, 10, 10, 3, 0, 0, 3, 10, 6, 10, 2, 10, 10, 3, 10, 0, 4, 4, 2, 6, 1, 0, 3, 1, 1, 10, 5, 1, 6, 10, 6, 3, 0, 0, 5, 3, 0, 10, 1, 5, 2, 3, 10, 10, 4, 10, 0, 4, 5, 0, 3, 10, 0, 0, 10, 3, 2, 10]
[287, 2, 4, 10, 3, 0, 10, 2, 3, 0, 2, 3, 3, 0, 2, 3, 5, 3, 5, 2, 0, 3, 4, 0, 3, 3, 5, 10, 1, 5, 3, 4, 1, 0, 0, 1, 10, 6, 1, 4, 4, 5, 10, 0, 10, 10, 4, 0, 0, 3, 10, 6, 10, 2, 10, 10, 3, 10, 0, 4, 4, 2, 6, 1, 0, 3, 1, 1, 10, 5, 1, 6, 10, 6, 4, 0, 0, 5, 3, 0, 10, 1, 5, 2, 3, 10, 10, 4, 10, 0, 4, 5, 0, 3, 10, 0, 0, 10, 3, 2, 10]
[288, 2, 4, 10, 3, 0, 10, 2, 3, 0, 2, 3, 3, 0, 2, 3, 5, 3, 5, 2, 0, 3, 4, 0, 3, 3, 5, 10, 1, 5, 3, 4, 1, 0, 1, 1, 10, 6, 1, 4, 4, 5, 10, 0, 10, 10, 4, 0, 1, 3, 10, 6, 10, 2, 10, 10, 3, 10, 0, 4, 4, 2, 6, 1, 0, 3, 1, 1, 10, 5, 1, 6, 10, 6, 4, 0, 0, 5, 3, 0, 10, 1, 5, 2, 3, 10, 10, 4, 10, 0, 4, 5, 0, 3, 10, 0, 1, 10, 3, 2, 10]
[291, 2, 4, 10, 3, 0, 10, 2, 3, 0, 2, 3, 3, 0, 2, 3, 5, 3, 6, 2, 0, 3, 4, 0, 3, 3, 5, 10, 1, 5, 3, 4, 1, 0, 1, 1, 10, 6, 1, 4, 4, 6, 10, 0, 10, 10, 4, 0, 1, 3, 10, 6, 10, 2, 10, 10, 3, 10, 0, 4, 4, 2, 6, 1, 0, 3, 1, 1, 10, 5, 1, 6, 10, 6, 4, 0, 0, 6, 3, 0, 10, 1, 5, 2, 3, 10, 10, 4, 10, 0, 4, 5, 0, 3, 10, 0, 1, 10, 3, 2, 10]
[292, 2, 4, 10, 3, 0, 10, 2, 3, 0, 2, 3, 3, 0, 2, 3, 5, 3, 6, 2, 0, 3, 5, 0, 3, 3, 5, 10, 1, 5, 3, 4, 1, 0, 1, 1, 10, 6, 1, 5, 4, 6, 10, 0, 10, 10, 5, 0, 1, 3, 10, 6, 10, 2, 10, 10, 3, 10, 0, 4, 4, 2, 6, 1, 0, 3, 1, 1, 10, 5, 1, 6, 10, 6, 5, 0, 0, 6, 3, 0, 10, 1, 5, 2, 3, 10, 10, 5, 10, 0, 4, 5, 0, 3, 10, 0, 1, 10, 3, 2, 10]
[294, 2, 4, 10, 3, 0, 10, 2, 3, 0, 2, 3, 3, 0, 2, 3, 5, 3, 6, 2, 0, 3, 5, 0, 3, 3, 5, 10, 2, 5, 3, 4, 1, 0, 2, 1, 10, 6, 1, 5, 4, 6, 10, 0, 10, 10, 5, 0, 2, 3, 10, 6, 10, 2, 10, 10, 3, 10, 0, 4, 4, 2, 6, 2, 0, 3, 1, 1, 10, 5, 1, 6, 10, 6, 5, 0, 0, 6, 3, 0, 10, 2, 5, 2, 3, 10, 10, 5, 10, 0, 4, 5, 0, 3, 10, 0, 1, 10, 3, 2, 10]
[295, 2, 4, 10, 3, 0, 10, 2, 3, 0, 2, 3, 3, 0, 2, 3, 5, 3, 6, 2, 0, 3, 5, 0, 3, 3, 5, 10, 2, 5, 3, 4, 1, 0, 2, 1, 10, 6, 2, 5, 4, 6, 10, 0, 10, 10, 5, 0, 2, 3, 10, 6, 10, 2, 10, 10, 3, 10, 0, 4, 4, 2, 6, 2, 0, 3, 2, 1, 10, 5, 1, 6, 10, 6, 5, 0, 0, 6, 3, 0, 10, 2, 5, 2, 3, 10, 10, 5, 10, 0, 4, 5, 0, 3, 10, 0, 1, 10, 3, 2, 10]
[297, 3, 4, 10, 3, 0, 10, 2, 3, 0, 3, 3, 3, 0, 2, 3, 5, 3, 6, 3, 0, 3, 5, 0, 3, 3, 5, 10, 2, 5, 3, 4, 1, 0, 2, 1, 10, 6, 2, 5, 4, 6, 10, 0, 10, 10, 5, 0, 2, 3, 10, 6, 10, 2, 10, 10, 3, 10, 0, 4, 4, 3, 6, 2, 0, 3, 3, 1, 10, 5, 1, 6, 10, 6, 5, 0, 0, 6, 3, 0, 10, 2, 5, 2, 3, 10, 10, 5, 10, 0, 4, 5, 0, 3, 10, 0, 1, 10, 3, 3, 10]
[304, 3, 4, 10, 3, 0, 10, 2, 3, 0, 3, 3, 3, 0, 2, 3, 5, 3, 6, 3, 0, 3, 6, 0, 3, 3, 5, 10, 2, 5, 3, 4, 1, 0, 2, 1, 10, 6, 2, 5, 4, 6, 10, 0, 10, 10, 5, 0, 2, 3, 10, 6, 10, 2, 10, 10, 3, 10, 0, 4, 4, 3, 6, 2, 0, 3, 3, 1, 10, 5, 1, 6, 10, 6, 5, 0, 0, 6, 3, 0, 10, 2, 5, 2, 3, 10, 10, 6, 10, 0, 4, 5, 0, 3, 10, 0, 1, 10, 3, 3, 10]
[307, 3, 5, 10, 3, 0, 10, 2, 3, 0, 3, 3, 3, 0, 2, 3, 5, 3, 6, 3, 0, 3, 6, 0, 3, 3, 5, 10, 2, 5, 3, 5, 1, 0, 2, 1, 10, 6, 2, 5, 4, 6, 10, 0, 10, 10, 5, 0, 2, 3, 10, 6, 10, 2, 10, 10, 3, 10, 0, 5, 5, 3, 6, 2, 0, 3, 3, 1, 10, 5, 1, 6, 10, 6, 5, 0, 0, 6, 3, 0, 10, 2, 5, 2, 3, 10, 10, 6, 10, 0, 4, 5, 0, 3, 10, 0, 1, 10, 3, 3, 10]
[308, 3, 6, 10, 3, 0, 10, 2, 3, 0, 3, 3, 3, 0, 2, 3, 5, 3, 6, 3, 0, 3, 6, 0, 3, 3, 5, 10, 2, 5, 3, 6, 1, 0, 2, 1, 10, 6, 2, 6, 4, 6, 10, 0, 10, 10, 6, 0, 2, 3, 10, 6, 10, 2, 10, 10, 3, 10, 0, 5, 6, 3, 6, 2, 0, 3, 3, 1, 10, 5, 1, 6, 10, 6, 6, 0, 0, 6, 3, 0, 10, 2, 5, 2, 3, 10, 10, 6, 10, 0, 4, 5, 0, 3, 10, 0, 1, 10, 3, 3, 10]
[311, 3, 6, 10, 3, 0, 10, 2, 3, 1, 3, 3, 3, 1, 2, 3, 5, 3, 6, 3, 1, 3, 6, 1, 3, 3, 5, 10, 3, 5, 3, 6, 1, 0, 3, 1, 10, 6, 2, 6, 4, 6, 10, 0, 10, 10, 6, 1, 3, 3, 10, 6, 10, 2, 10, 10, 3, 10, 1, 5, 6, 3, 6, 3, 0, 3, 3, 1, 10, 5, 1, 6, 10, 6, 6, 0, 1, 6, 3, 0, 10, 3, 5, 2, 3, 10, 10, 6, 10, 1, 4, 5, 1, 3, 10, 0, 1, 10, 3, 3, 10]
[311, 3, 6, 10, 3, 0, 10, 2, 3, 1, 3, 3, 3, 1, 2, 3, 5, 3, 6, 3, 1, 3, 6, 1, 3, 3, 5, 10, 4, 5, 3, 6, 1, 0, 4, 1, 10, 6, 2, 6, 4, 6, 10, 0, 10, 10, 6, 1, 3, 4, 10, 6, 10, 2, 10, 10, 3, 10, 1, 5, 6, 3, 6, 4, 0, 3, 3, 1, 10, 5, 1, 6, 10, 6, 6, 0, 1, 6, 3, 0, 10, 4, 5, 2, 3, 10, 10, 6, 10, 1, 4, 5, 1, 3, 10, 0, 1, 10, 3, 3, 10]
[313, 3, 6, 10, 3, 0, 10, 2, 3, 2, 3, 3, 3, 2, 2, 3, 5, 3, 6, 3, 2, 3, 6, 2, 3, 3, 5, 10, 4, 5, 3, 6, 1, 0, 4, 1, 10, 6, 2, 6, 4, 6, 10, 0, 10, 10, 6, 2, 3, 4, 10, 6, 10, 2, 10, 10, 3, 10, 2, 5, 6, 3, 6, 4, 0, 3, 3, 1, 10, 5, 1, 6, 10, 6, 6, 0, 2, 6, 3, 0, 10, 4, 5, 2, 3, 10, 10, 6, 10, 2, 4, 5, 1, 3, 10, 0, 2, 10, 3, 3, 10]
[324, 3, 6, 10, 3, 0, 10, 2, 3, 2, 3, 3, 3, 2, 2, 3, 5, 3, 6, 3, 3, 3, 6, 3, 3, 3, 5, 10, 4, 5, 3, 6, 1, 0, 4, 1, 10, 6, 2, 6, 4, 6, 10, 0, 10, 10, 6, 2, 3, 4, 10, 6, 10, 2, 10, 10, 3, 10, 3, 5, 6, 3, 6, 4, 0, 3, 3, 1, 10, 5, 1, 6, 10, 6, 6, 0, 3, 6, 3, 0, 10, 4, 5, 2, 3, 10, 10, 6, 10, 3, 4, 5, 1, 3, 10, 0, 2, 10, 3, 3, 10]
[329, 3, 6, 10, 3, 0, 10, 2, 3, 2, 3, 3, 3, 2, 2, 3, 5, 3, 6, 3, 4, 3, 6, 4, 3, 3, 5, 10, 4, 5, 3, 6, 1, 0, 4, 1, 10, 6, 2, 6, 4, 6, 10, 0, 10, 10, 6, 2, 4, 4, 10, 6, 10, 2, 10, 10, 3, 10, 4, 5, 6, 3, 6, 4, 0, 3, 3, 1, 10, 5, 1, 6, 10, 6, 6, 0, 4, 6, 3, 0, 10, 4, 5, 2, 3, 10, 10, 6, 10, 3, 4, 5, 1, 3, 10, 0, 2, 10, 3, 3, 10]
[335, 3, 6, 10, 3, 1, 10, 2, 3, 2, 3, 3, 3, 2, 2, 3, 5, 3, 6, 3, 4, 3, 6, 4, 3, 3, 5, 10, 4, 5, 3, 6, 1, 1, 4, 1, 10, 6, 2, 6, 4, 6, 10, 1, 10, 10, 6, 2, 4, 4, 10, 6, 10, 2, 10, 10, 3, 10, 4, 5, 6, 3, 6, 4, 1, 3, 3, 1, 10, 5, 1, 6, 10, 6, 6, 0, 4, 6, 3, 0, 10, 4, 5, 2, 3, 10, 10, 6, 10, 3, 4, 5, 1, 3, 10, 1, 2, 10, 3, 3, 10]
