[36, 0, 0, 0, 0, 0, 0, 0, 0, 20, 0, 0, 0, 0, 0, 0, 0, 0, 0, 0, 0, 0, 0, 0, 0, 0, 0, 0, 0, 0, 0, 0, 0, 0, 0, 0, 0, 0, 0, 0, 0, 0, 0, 0, 0, 0, 0, 0, 0, 0, 0, 0, 0, 0, 0, 0, 0, 0, 0, 0, 0, 0, 0, 0, 0, 0, 0, 0, 0, 0, 0, 0, 0, 0, 0, 0, 0, 0, 0, 0, 0, 0, 0, 0, 0, 0, 0, 0, 0, 0, 0, 0, 0, 0, 0, 0, 0, 0, 0, 0, 0, 20]
[40, 0, 0, 0, 0, 0, 0, 0, 0, 20, 0, 0, 0, 0, 0, 0, 0, 0, 0, 0, 0, 20, 0, 0, 0, 0, 0, 0, 0, 0, 0, 0, 0, 0, 0, 0, 0, 0, 0, 0, 0, 0, 0, 0, 0, 0, 0, 0, 0, 0, 0, 0, 0, 0, 0, 0, 0, 0, 0, 0, 0, 0, 0, 0, 0, 0, 0, 0, 0, 0, 0, 0, 0, 0, 0, 0, 0, 0, 0, 0, 0, 0, 0, 0, 0, 0, 0, 0, 0, 0, 0, 0, 0, 0, 0, 0, 0, 0, 0, 0, 0, 40]
[44, 0, 0, 0, 0, 0, 0, 0, 0, 20, 0, 0, 0, 0, 0, 0, 0, 0, 0, 0, 0, 20, 0, 0, 0, 0, 0, 0, 0, 0, 0, 0, 0, 0, 0, 0, 0, 0, 0, 0, 0, 0, 0, 0, 0, 0, 0, 0, 0, 0, 0, 0, 0, 0, 0, 0, 0, 0, 0, 0, 0, 0, 0, 0, 0, 0, 0, 0, 0, 20, 0, 0, 0, 0, 0, 0, 0, 0, 0, 0, 0, 0, 0, 0, 0, 0, 0, 0, 0, 0, 0, 0, 0, 0, 0, 0, 0, 0, 0, 0, 0, 60]
[49, 0, 0, 0, 0, 0, 0, 0, 0, 20, 0, 0, 0, 0, 0, 0, 0, 0, 0, 0, 0, 20, 0, 0, 0, 0, 0, 0, 0, 0, 0, 0, 0, 0, 0, 0, 0, 0, 0, 0, 0, 0, 0, 0, 0, 0, 0, 0, 0, 0, 0, 0, 0, 0, 0, 0, 0, 0, 0, 0, 0, 0, 0, 0, 0, 0, 0, 0, 0, 20, 0, 0, 0, 0, 0, 0, 20, 0, 0, 0, 0, 0, 0, 0, 0, 0, 0, 0, 0, 0, 0, 0, 0, 0, 0, 0, 0, 0, 0, 0, 0, 80]
[54, 0, 0, 0, 0, 0, 0, 0, 0, 20, 0, 0, 0, 0, 0, 0, 0, 0, 0, 0, 0, 20, 0, 0, 0, 0, 0, 0, 0, 0, 0, 0, 0, 0, 0, 0, 0, 0, 0, 0, 0, 0, 0, 0, 0, 0, 0, 0, 0, 0, 0, 20, 0, 0, 0, 0, 0, 0, 0, 0, 0, 0, 0, 0, 0, 0, 0, 0, 0, 20, 0, 0, 0, 0, 0, 0, 20, 0, 0, 0, 0, 0, 0, 0, 0, 0, 0, 0, 0, 0, 0, 0, 0, 0, 0, 0, 0, 0, 0, 0, 0, 100]
[55, 0, 0, 0, 0, 0, 0, 0, 0, 20, 0, 0, 0, 20, 0, 0, 0, 0, 0, 0, 0, 20, 0, 0, 0, 0, 0, 0, 0, 0, 0, 0, 0, 0, 0, 0, 0, 0, 0, 0, 0, 0, 0, 0, 0, 0, 0, 0, 0, 0, 0, 20, 0, 0, 0, 0, 0, 0, 0, 0, 0, 0, 0, 0, 0, 0, 0, 0, 0, 20, 0, 0, 0, 0, 0, 0, 20, 0, 0, 0, 0, 0, 0, 0, 0, 0, 0, 0, 0, 0, 0, 0, 0, 0, 0, 0, 0, 0, 0, 0, 0, 120]
[57, 0, 0, 0, 0, 0, 0, 0, 0, 20, 0, 0, 0, 20, 0, 0, 0, 0, 0, 0, 0, 20, 0, 0, 0, 0, 0, 0, 0, 0, 0, 0, 0, 0, 0, 0, 0, 0, 0, 0, 0, 0, 0, 0, 0, 0, 0, 0, 0, 0, 0, 20, 0, 0, 0, 0, 0, 0, 0, 0, 0, 0, 0, 0, 0, 0, 0, 0, 0, 20, 0, 0, 0, 0, 0, 0, 20, 0, 0, 0, 0, 0, 0, 0, 0, 0, 0, 0, 0, 0, 20, 0, 0, 0, 0, 0, 0, 0, 0, 0, 0, 140]
[57, 0, 0, 0, 0, 0, 0, 0, 0, 20, 0, 0, 0, 20, 0, 0, 0, 0, 0, 0, 0, 20, 0, 0, 0, 0, 0, 0, 0, 0, 0, 0, 0, 0, 0, 0, 0, 0, 0, 0, 0, 0, 0, 0, 0, 0, 0, 0, 0, 0, 0, 20, 0, 0, 0, 0, 0, 0, 0, 0, 0, 0, 0, 0, 0, 0, 0, 0, 0, 20, 0, 0, 0, 0, 0, 0, 20, 0, 0, 0, 0, 0, 0, 0, 0, 0, 0, 0, 0, 0, 20, 20, 0, 0, 0, 0, 0, 0, 0, 0, 0, 160]
[58, 0, 0, 0, 0, 0, 0, 0, 0, 20, 0, 0, 0, 20, 0, 0, 0, 0, 0, 0, 0, 20, 0, 0, 0, 0, 0, 0, 0, 0, 0, 0, 0, 0, 0, 0, 0, 0, 0, 0, 0, 0, 0, 0, 0, 0, 0, 0, 0, 0, 0, 20, 0, 0, 0, 0, 0, 0, 0, 0, 20, 0, 0, 0, 0, 0, 0, 0, 0, 20, 0, 0, 0, 0, 0, 0, 20, 0, 0, 0, 0, 0, 0, 0, 0, 0, 0, 0, 0, 0, 20, 20, 0, 0, 0, 0, 0, 0, 0, 0, 0, 180]
[58, 0, 0, 0, 0, 0, 0, 0, 0, 20, 0, 0, 20, 20, 0, 0, 0, 0, 0, 0, 0, 20, 0, 0, 0, 0, 0, 0, 0, 0, 0, 0, 0, 0, 0, 0, 0, 0, 0, 0, 0, 0, 0, 0, 0, 0, 0, 0, 0, 0, 0, 20, 0, 0, 0, 0, 0, 0, 0, 0, 20, 0, 0, 0, 0, 0, 0, 0, 0, 20, 0, 0, 0, 0, 0, 0, 20, 0, 0, 0, 0, 0, 20, 0, 0, 0, 0, 0, 0, 0, 20, 20, 0, 0, 0, 0, 0, 0, 0, 0, 0, 220]
[66, 0, 0, 0, 0, 0, 0, 0, 0, 20, 0, 0, 20, 20, 0, 0, 0, 0, 0, 0, 0, 20, 0, 0, 0, 0, 0, 0, 0, 0, 0, 0, 0, 0, 0, 0, 0, 0, 0, 0, 0, 0, 0, 0, 0, 0, 0, 0, 0, 0, 0, 20, 0, 0, 0, 0, 0, 0, 0, 0, 20, 0, 0, 0, 0, 0, 0, 0, 0, 20, 0, 0, 0, 0, 0, 0, 20, 0, 0, 0, 0, 0, 20, 0, 0, 0, 0, 0, 0, 0, 20, 20, 0, 20, 0, 0, 0, 0, 0, 0, 0, 240]
[67, 0, 0, 0, 0, 0, 0, 0, 0, 20, 0, 0, 20, 20, 0, 0, 0, 0, 0, 0, 0, 20, 0, 0, 0, 0, 0, 0, 0, 0, 0, 0, 0, 0, 0, 0, 0, 0, 0, 0, 0, 0, 0, 0, 0, 0, 0, 0, 20, 0, 0, 20, 0, 0, 0, 0, 0, 0, 0, 0, 20, 0, 0, 0, 0, 0, 0, 0, 0, 20, 0, 0, 0, 0, 0, 0, 20, 0, 0, 0, 0, 0, 20, 0, 0, 0, 0, 0, 0, 0, 20, 20, 0, 20, 0, 0, 0, 0, 0, 0, 0, 260]
[67, 0, 0, 0, 0, 0, 0, 0, 0, 20, 0, 0, 20, 20, 0, 0, 0, 0, 0, 0, 0, 20, 0, 0, 0, 0, 0, 0, 0, 0, 0, 0, 0, 0, 0, 0, 0, 0, 0, 20, 0, 0, 0, 0, 0, 0, 0, 0, 20, 0, 0, 20, 0, 0, 0, 0, 0, 0, 0, 0, 20, 0, 0, 0, 0, 0, 0, 0, 0, 20, 0, 0, 0, 0, 0, 0, 20, 0, 0, 0, 0, 0, 20, 0, 0, 0, 0, 0, 0, 0, 20, 20, 0, 20, 0, 0, 0, 0, 0, 0, 0, 280]
[70, 0, 0, 0, 0, 0, 0, 0, 0, 20, 0, 0, 20, 20, 0, 0, 0, 0, 0, 0, 0, 20, 0, 0, 0, 0, 0, 0, 0, 0, 0, 0, 0, 0, 0, 0, 0, 0, 0, 20, 0, 0, 0, 0, 0, 0, 0, 0, 20, 0, 0, 20, 0, 0, 0, 0, 0, 0, 0, 0, 20, 0, 0, 0, 0, 0, 0, 0, 0, 20, 0, 0, 0, 0, 0, 0, 20, 0, 0, 0, 0, 0, 20, 0, 0, 0, 0, 20, 0, 0, 20, 20, 0, 20, 0, 0, 0, 0, 0, 0, 0, 300]
[72, 0, 0, 0, 0, 0, 0, 0, 0, 20, 0, 0, 20, 20, 0, 0, 0, 0, 0, 0, 0, 20, 0, 0, 0, 0, 0, 0, 0, 0, 0, 0, 0, 0, 0, 0, 0, 0, 0, 20, 0, 20, 0, 0, 0, 0, 0, 0, 20, 0, 0, 20, 0, 0, 0, 0, 0, 0, 0, 0, 20, 0, 0, 0, 0, 0, 0, 0, 0, 20, 0, 0, 0, 0, 0, 0, 20, 0, 0, 0, 0, 0, 20, 0, 0, 0, 0, 20, 0, 0, 20, 20, 0, 20, 0, 0, 0, 0, 0, 0, 0, 320]
[73, 0, 0, 0, 0, 0, 0, 0, 0, 20, 0, 0, 20, 20, 0, 0, 0, 0, 0, 0, 0, 20, 0, 0, 0, 0, 0, 0, 0, 0, 0, 0, 0, 0, 0, 0, 0, 0, 0, 20, 0, 20, 0, 0, 0, 0, 0, 0, 20, 0, 0, 20, 0, 0, 0, 0, 0, 0, 0, 0, 20, 0, 0, 0, 0, 0, 0, 0, 0, 20, 0, 0, 0, 20, 0, 0, 20, 0, 0, 20, 0, 0, 20, 0, 0, 0, 0, 20, 0, 0, 20, 20, 0, 20, 0, 0, 0, 0, 0, 0, 0, 360]
[75, 0, 0, 0, 0, 0, 0, 0, 0, 20, 0, 0, 20, 20, 0, 0, 0, 0, 0, 0, 0, 20, 0, 0, 0, 0, 0, 0, 0, 0, 20, 0, 0, 0, 0, 0, 0, 0, 0, 20, 0, 20, 0, 0, 0, 0, 0, 0, 20, 0, 0, 20, 0, 0, 0, 0, 0, 0, 0, 0, 20, 0, 0, 0, 0, 0, 0, 0, 0, 20, 0, 0, 0, 20, 0, 0, 20, 0, 0, 20, 0, 0, 20, 0, 0, 0, 0, 20, 0, 0, 20, 20, 0, 20, 0, 0, 0, 0, 0, 0, 0, 380]
[75, 0, 0, 0, 0, 0, 0, 0, 0, 40, 0, 0, 20, 20, 0, 0, 0, 0, 0, 0, 0, 20, 0, 0, 0, 0, 0, 0, 0, 0, 20, 0, 0, 0, 0, 0, 0, 0, 0, 20, 0, 20, 0, 0, 0, 0, 0, 0, 20, 0, 0, 20, 0, 0, 0, 0, 0, 0, 0, 0, 20, 0, 0, 0, 0, 0, 0, 0, 0, 20, 0, 0, 0, 20, 0, 0, 20, 0, 0, 20, 0, 0, 20, 0, 0, 0, 0, 20, 0, 0, 20, 20, 0, 20, 0, 0, 0, 0, 0, 0, 0, 400]
[76, 0, 0, 0, 0, 0, 0, 0, 0, 40, 0, 0, 20, 20, 0, 0, 20, 0, 0, 0, 0, 20, 0, 0, 0, 0, 0, 0, 0, 0, 20, 0, 0, 0, 0, 0, 0, 0, 0, 20, 0, 20, 0, 0, 0, 0, 0, 0, 20, 0, 0, 20, 0, 0, 0, 0, 0, 0, 0, 0, 20, 0, 0, 0, 0, 0, 0, 0, 0, 20, 0, 0, 0, 20, 0, 0, 20, 0, 20, 20, 0, 0, 20, 0, 0, 0, 0, 20, 0, 0, 20, 20, 0, 20, 0, 0, 0, 0, 0, 0, 0, 440]
[78, 0, 0, 0, 0, 0, 0, 20, 0, 40, 0, 0, 20, 20, 0, 0, 20, 0, 0, 0, 0, 20, 0, 0, 0, 0, 0, 0, 0, 0, 20, 0, 0, 0, 0, 0, 0, 0, 20, 20, 0, 20, 0, 0, 0, 0, 0, 0, 20, 0, 0, 20, 0, 0, 0, 0, 0, 0, 0, 0, 20, 0, 0, 0, 0, 0, 0, 0, 0, 20, 0, 0, 0, 20, 0, 0, 20, 0, 20, 20, 0, 0, 20, 0, 0, 0, 0, 20, 0, 0, 20, 20, 0, 20, 0, 0, 0, 0, 0, 0, 0, 480]
[79, 0, 0, 0, 0, 0, 0, 20, 0, 40, 0, 0, 20, 20, 0, 0, 20, 0, 0, 0, 0, 20, 0, 0, 0, 0, 0, 0, 0, 0, 20, 20, 0, 0, 0, 0, 0, 0, 20, 20, 0, 20, 0, 0, 0, 0, 0, 0, 20, 0, 0, 20, 0, 0, 0, 0, 0, 0, 0, 0, 20, 0, 0, 0, 0, 0, 0, 0, 0, 20, 0, 0, 0, 20, 0, 0, 20, 0, 20, 20, 0, 0, 20, 0, 0, 0, 0, 20, 0, 0, 20, 20, 0, 20, 0, 0, 0, 0, 0, 0, 0, 500]
[80, 0, 0, 0, 0, 0, 0, 20, 0, 40, 0, 0, 20, 20, 0, 0, 20, 0, 0, 0, 0, 20, 0, 0, 0, 0, 0, 0, 0, 0, 20, 20, 0, 0, 0, 0, 0, 0, 20, 20, 0, 20, 0, 0, 0, 0, 0, 0, 20, 0, 0, 20, 0, 0, 0, 0, 0, 0, 0, 0, 20, 0, 0, 20, 0, 0, 0, 0, 0, 20, 0, 0, 0, 20, 0, 0, 20, 0, 20, 20, 0, 0, 20, 0, 0, 0, 0, 20, 0, 0, 20, 20, 0, 20, 0, 0, 0, 0, 0, 0, 0, 520]
[81, 0, 0, 0, 0, 0, 0, 20, 0, 40, 0, 0, 20, 20, 0, 0, 20, 0, 0, 0, 0, 20, 0, 0, 0, 0, 0, 0, 0, 0, 20, 20, 0, 0, 0, 0, 0, 0, 20, 20, 0, 20, 0, 0, 0, 0, 0, 0, 20, 0, 0, 20, 0, 0, 0, 0, 0, 0, 0, 0, 20, 0, 0, 20, 0, 0, 0, 0, 0, 20, 0, 0, 0, 20, 0, 0, 20, 0, 20, 20, 0, 20, 20, 0, 0, 0, 0, 20, 0, 0, 20, 20, 0, 20, 0, 0, 0, 0, 0, 0, 0, 540]
[81, 0, 20, 0, 0, 0, 0, 20, 0, 40, 0, 0, 20, 20, 0, 0, 20, 0, 0, 0, 0, 20, 0, 0, 0, 0, 0, 0, 0, 0, 20, 20, 0, 0, 0, 0, 0, 0, 20, 20, 0, 20, 0, 0, 0, 0, 0, 0, 20, 0, 0, 20, 0, 0, 0, 0, 0, 0, 0, 0, 20, 0, 0, 20, 0, 0, 0, 0, 0, 20, 0, 0, 0, 20, 0, 0, 20, 0, 20, 20, 0, 20, 20, 0, 0, 0, 0, 20, 0, 0, 20, 20, 0, 20, 0, 0, 0, 0, 0, 20, 0, 580]
[82, 0, 20, 0, 0, 20, 0, 20, 0, 40, 0, 0, 20, 20, 0, 0, 20, 0, 0, 0, 0, 20, 0, 0, 0, 0, 0, 0, 20, 0, 20, 20, 0, 0, 0, 0, 0, 0, 20, 20, 0, 20, 0, 0, 0, 0, 0, 0, 20, 0, 0, 20, 0, 0, 0, 0, 0, 0, 0, 0, 20, 0, 0, 20, 0, 0, 0, 0, 0, 20, 0, 0, 0, 20, 0, 0, 20, 0, 20, 20, 0, 20, 20, 0, 0, 0, 0, 20, 0, 0, 20, 20, 0, 20, 0, 0, 0, 0, 0, 20, 0, 620]
[83, 0, 20, 0, 0, 20, 0, 20, 0, 40, 0, 0, 20, 20, 0, 0, 20, 0, 20, 0, 0, 20, 0, 0, 0, 0, 0, 0, 20, 0, 20, 20, 0, 0, 0, 0, 0, 0, 20, 20, 0, 20, 0, 0, 0, 0, 0, 0, 20, 0, 0, 20, 0, 0, 0, 0, 0, 0, 0, 0, 20, 0, 0, 20, 0, 0, 0, 0, 0, 20, 0, 0, 0, 20, 0, 0, 20, 0, 20, 20, 0, 20, 20, 0, 0, 0, 0, 20, 0, 0, 20, 20, 0, 20, 0, 0, 0, 0, 0, 20, 0, 640]
[83, 0, 20, 0, 0, 20, 0, 20, 0, 40, 0, 0, 20, 20, 0, 0, 20, 0, 20, 0, 0, 20, 0, 0, 0, 0, 0, 0, 20, 0, 20, 20, 0, 0, 0, 0, 0, 0, 20, 20, 0, 20, 0, 0, 0, 0, 0, 0, 20, 0, 0, 20, 0, 0, 0, 0, 0, 0, 20, 0, 20, 0, 0, 20, 0, 0, 0, 0, 0, 20, 0, 0, 0, 20, 0, 0, 20, 0, 20, 20, 0, 20, 20, 0, 0, 0, 0, 20, 0, 0, 20, 20, 0, 20, 0, 0, 0, 0, 0, 20, 0, 660]
[84, 0, 20, 0, 0, 20, 0, 20, 0, 40, 0, 0, 20, 20, 0, 0, 20, 0, 20, 0, 0, 20, 0, 0, 0, 0, 0, 0, 20, 0, 20, 20, 0, 0, 0, 0, 0, 0, 20, 20, 0, 20, 0, 0, 0, 0, 0, 0, 20, 0, 0, 20, 0, 0, 0, 0, 0, 0, 20, 20, 20, 0, 0, 20, 0, 20, 0, 0, 0, 20, 20, 0, 0, 20, 0, 0, 20, 0, 20, 20, 0, 20, 20, 0, 0, 0, 0, 20, 0, 0, 20, 20, 0, 20, 0, 0, 0, 0, 0, 20, 0, 720]
[86, 0, 20, 0, 0, 20, 0, 20, 0, 40, 0, 0, 20, 20, 0, 0, 20, 0, 20, 0, 0, 20, 0, 0, 0, 0, 0, 0, 20, 0, 20, 20, 0, 0, 0, 0, 0, 0, 20, 20, 0, 20, 0, 0, 0, 0, 0, 0, 20, 0, 0, 20, 0, 0, 0, 0, 0, 0, 20, 20, 20, 0, 0, 20, 0, 20, 0, 0, 0, 20, 20, 0, 0, 20, 0, 20, 20, 0, 20, 20, 0, 20, 20, 0, 0, 0, 0, 20, 0, 0, 20, 20, 0, 20, 0, 0, 0, 0, 0, 20, 0, 740]
[88, 0, 20, 0, 0, 20, 0, 20, 0, 40, 0, 0, 20, 20, 0, 0, 20, 0, 20, 0, 0, 20, 0, 0, 0, 0, 0, 0, 20, 0, 20, 20, 0, 0, 0, 0, 0, 0, 20, 20, 0, 20, 0, 0, 0, 0, 0, 0, 20, 0, 0, 20, 0, 0, 0, 0, 0, 0, 20, 20, 20, 0, 0, 20, 0, 20, 0, 0, 0, 20, 20, 0, 0, 20, 0, 20, 20, 0, 20, 20, 0, 20, 20, 0, 0, 0, 0, 20, 0, 0, 20, 20, 0, 20, 0, 0, 0, 0, 20, 20, 0, 760]
[89, 0, 20, 0, 0, 20, 0, 20, 0, 40, 0, 0, 20, 20, 0, 0, 20, 0, 20, 0, 0, 20, 0, 0, 0, 0, 0, 0, 20, 0, 20, 20, 0, 0, 0, 0, 0, 0, 20, 20, 0, 20, 0, 0, 0, 0, 0, 0, 20, 0, 0, 20, 0, 0, 0, 0, 0, 0, 20, 20, 20, 0, 0, 20, 0, 20, 0, 0, 0, 20, 20, 0, 0, 20, 0, 20, 20, 0, 20, 20, 0, 20, 20, 0, 0, 0, 0, 20, 0, 0, 20, 20, 0, 20, 0, 0, 0, 20, 20, 20, 0, 780]
[89, 0, 20, 0, 0, 20, 0, 20, 0, 40, 0, 20, 20, 20, 0, 0, 20, 0, 20, 0, 0, 20, 0, 0, 0, 0, 0, 0, 20, 0, 20, 20, 0, 0, 0, 0, 0, 0, 20, 20, 20, 20, 0, 0, 0, 0, 0, 0, 20, 0, 0, 20, 0, 0, 0, 0, 0, 0, 20, 20, 20, 0, 0, 20, 0, 20, 0, 0, 0, 20, 20, 0, 0, 20, 0, 20, 20, 0, 20, 20, 0, 20, 20, 0, 0, 0, 0, 20, 0, 0, 20, 20, 0, 20, 0, 0, 0, 20, 20, 20, 0, 820]
[90, 0, 20, 0, 0, 20, 0, 20, 0, 40, 0, 20, 20, 20, 0, 0, 20, 0, 20, 0, 0, 20, 0, 0, 0, 0, 0, 0, 20, 0, 20, 20, 0, 0, 20, 0, 0, 0, 20, 20, 20, 20, 0, 0, 0, 0, 0, 0, 20, 0, 0, 20, 0, 0, 0, 0, 0, 0, 20, 20, 20, 0, 0, 20, 0, 20, 0, 0, 0, 20, 20, 0, 0, 20, 0, 20, 20, 0, 20, 20, 0, 20, 20, 0, 0, 0, 0, 20, 0, 0, 20, 20, 0, 20, 0, 0, 0, 20, 20, 20, 0, 840]
[93, 0, 20, 0, 0, 20, 0, 20, 0, 40, 0, 20, 20, 20, 0, 0, 20, 0, 20, 0, 0, 20, 0, 20, 0, 0, 0, 0, 20, 20, 20, 20, 0, 0, 20, 0, 0, 0, 20, 20, 20, 20, 0, 0, 0, 0, 0, 0, 20, 0, 0, 20, 0, 0, 0, 0, 0, 0, 20, 20, 20, 0, 0, 20, 0, 20, 0, 0, 0, 20, 20, 0, 0, 20, 0, 20, 20, 0, 20, 20, 0, 20, 20, 0, 0, 0, 0, 20, 0, 0, 20, 20, 0, 20, 0, 0, 0, 20, 20, 20, 0, 880]
[95, 0, 20, 0, 0, 20, 0, 20, 0, 40, 20, 20, 20, 20, 0, 0, 20, 0, 20, 0, 0, 20, 0, 20, 0, 0, 0, 0, 20, 20, 20, 20, 0, 0, 20, 0, 0, 0, 20, 20, 20, 20, 0, 0, 0, 0, 0, 0, 20, 0, 0, 20, 0, 0, 0, 0, 0, 0, 20, 20, 20, 0, 0, 20, 0, 20, 0, 0, 0, 20, 20, 0, 0, 20, 0, 20, 20, 0, 20, 20, 0, 20, 20, 0, 0, 0, 0, 20, 0, 0, 20, 20, 0, 20, 0, 0, 0, 20, 20, 20, 0, 900]
[95, 0, 20, 0, 0, 20, 0, 20, 0, 40, 20, 20, 20, 20, 0, 0, 20, 0, 20, 0, 0, 20, 0, 20, 0, 0, 0, 0, 20, 20, 20, 20, 0, 0, 20, 0, 0, 0, 20, 20, 20, 20, 0, 0, 0, 0, 0, 0, 20, 0, 0, 20, 0, 0, 0, 0, 0, 0, 20, 20, 20, 0, 0, 20, 0, 20, 0, 0, 0, 20, 20, 20, 0, 20, 0, 20, 20, 0, 20, 20, 0, 20, 20, 0, 0, 0, 0, 20, 0, 0, 20, 20, 0, 20, 0, 0, 0, 20, 20, 20, 0, 920]
[96, 0, 20, 0, 0, 20, 0, 20, 0, 40, 20, 20, 20, 20, 0, 0, 20, 0, 20, 20, 0, 20, 0, 20, 0, 0, 0, 0, 20, 20, 20, 20, 0, 0, 20, 0, 0, 0, 20, 20, 20, 20, 0, 0, 0, 0, 0, 0, 20, 0, 0, 20, 0, 0, 0, 0, 0, 0, 20, 20, 20, 0, 0, 20, 0, 20, 0, 20, 0, 20, 20, 20, 0, 20, 0, 20, 20, 0, 20, 20, 0, 20, 20, 0, 0, 0, 0, 20, 0, 0, 20, 20, 0, 20, 0, 0, 0, 20, 20, 20, 0, 960]
[96, 0, 20, 0, 20, 20, 0, 20, 0, 40, 20, 20, 20, 20, 0, 0, 20, 0, 20, 20, 0, 20, 0, 20, 0, 0, 0, 0, 20, 20, 20, 20, 0, 0, 20, 0, 0, 0, 20, 20, 20, 20, 0, 0, 0, 0, 0, 0, 20, 0, 0, 20, 0, 0, 0, 0, 0, 0, 20, 20, 20, 0, 0, 20, 0, 20, 0, 20, 0, 20, 20, 20, 0, 20, 0, 20, 20, 0, 20, 20, 0, 20, 20, 0, 0, 0, 0, 20, 0, 0, 20, 20, 0, 20, 0, 0, 0, 20, 20, 20, 0, 980]
[98, 0, 20, 0, 20, 20, 0, 20, 0, 40, 20, 20, 20, 20, 0, 0, 20, 0, 20, 20, 0, 20, 0, 20, 0, 0, 0, 0, 20, 20, 20, 20, 0, 0, 20, 0, 0, 0, 20, 20, 20, 20, 0, 0, 0, 0, 0, 0, 20, 0, 0, 20, 0, 0, 0, 0, 0, 0, 20, 20, 20, 0, 20, 20, 0, 20, 0, 20, 0, 20, 20, 20, 0, 20, 0, 20, 20, 0, 20, 20, 0, 20, 20, 0, 0, 0, 0, 20, 0, 0, 20, 20, 0, 20, 0, 0, 0, 20, 20, 20, 0, 1000]
[99, 0, 20, 0, 20, 20, 0, 20, 0, 40, 20, 20, 20, 20, 0, 0, 20, 0, 20, 20, 0, 20, 0, 20, 0, 0, 0, 0, 20, 20, 20, 20, 0, 0, 20, 0, 0, 0, 20, 20, 20, 20, 0, 0, 0, 0, 0, 0, 20, 0, 0, 20, 0, 0, 0, 0, 0, 0, 20, 20, 20, 0, 20, 20, 20, 20, 0, 20, 0, 20, 20, 20, 0, 20, 0, 20, 20, 0, 20, 20, 0, 20, 20, 0, 0, 0, 0, 20, 0, 0, 20, 20, 0, 20, 0, 0, 0, 20, 20, 20, 0, 1020]
[101, 0, 20, 0, 20, 20, 20, 20, 0, 40, 20, 20, 20, 20, 0, 0, 20, 0, 20, 20, 0, 20, 0, 20, 0, 0, 0, 0, 20, 20, 20, 20, 0, 0, 20, 0, 0, 0, 20, 20, 20, 20, 0, 0, 0, 0, 0, 0, 20, 0, 0, 20, 0, 0, 0, 0, 0, 0, 20, 20, 20, 0, 20, 20, 20, 20, 0, 20, 0, 20, 20, 20, 0, 20, 0, 20, 20, 0, 20, 20, 0, 20, 20, 0, 0, 0, 0, 20, 0, 0, 20, 20, 0, 20, 0, 0, 0, 20, 20, 20, 0, 1040]
[102, 0, 20, 0, 20, 20, 20, 20, 0, 40, 20, 20, 20, 20, 0, 0, 20, 0, 20, 20, 0, 20, 0, 20, 0, 0, 0, 0, 20, 20, 20, 20, 0, 0, 20, 20, 0, 0, 20, 20, 20, 20, 0, 0, 0, 0, 0, 0, 20, 0, 0, 20, 0, 0, 0, 0, 0, 0, 20, 20, 20, 0, 20, 20, 20, 20, 0, 20, 0, 20, 20, 20, 0, 20, 0, 20, 20, 0, 20, 20, 0, 20, 20, 0, 0, 0, 0, 20, 0, 20, 20, 20, 0, 20, 0, 0, 0, 20, 20, 20, 0, 1080]
[102, 0, 20, 0, 20, 20, 20, 20, 0, 40, 20, 20, 20, 20, 0, 0, 20, 0, 20, 20, 0, 20, 0, 20, 0, 0, 0, 0, 20, 20, 20, 20, 0, 0, 20, 20, 0, 0, 20, 20, 20, 20, 0, 20, 0, 0, 0, 0, 20, 0, 0, 20, 0, 0, 0, 0, 0, 0, 20, 20, 20, 0, 20, 20, 20, 20, 0, 20, 0, 20, 20, 20, 0, 20, 0, 20, 20, 0, 20, 20, 0, 20, 20, 0, 0, 0, 0, 20, 0, 20, 20, 20, 0, 20, 0, 0, 0, 20, 20, 20, 0, 1100]
[104, 0, 20, 0, 20, 20, 20, 20, 0, 40, 20, 20, 20, 20, 0, 0, 20, 0, 20, 20, 0, 20, 0, 20, 0, 0, 0, 0, 20, 20, 20, 20, 20, 0, 20, 20, 0, 0, 20, 20, 20, 20, 0, 20, 0, 0, 0, 0, 20, 0, 0, 20, 0, 0, 0, 0, 0, 0, 20, 20, 20, 0, 20, 20, 20, 20, 0, 20, 0, 20, 20, 20, 0, 20, 0, 20, 20, 0, 20, 20, 0, 20, 20, 0, 0, 0, 0, 20, 0, 20, 20, 20, 0, 20, 0, 0, 0, 20, 20, 20, 0, 1120]
[105, 0, 20, 0, 20, 20, 20, 20, 0, 40, 20, 20, 20, 20, 0, 0, 20, 0, 20, 20, 0, 20, 0, 20, 0, 0, 0, 0, 20, 20, 20, 20, 20, 0, 20, 20, 0, 0, 20, 20, 20, 20, 0, 20, 0, 0, 0, 20, 20, 0, 0, 20, 0, 0, 0, 0, 0, 0, 20, 20, 20, 0, 20, 20, 20, 20, 0, 20, 0, 20, 20, 20, 0, 20, 0, 20, 20, 0, 20, 20, 0, 20, 20, 0, 0, 0, 0, 20, 0, 20, 20, 20, 0, 20, 0, 0, 0, 20, 20, 20, 0, 1140]
[106, 0, 20, 0, 20, 20, 20, 20, 0, 40, 20, 20, 20, 20, 0, 0, 20, 0, 20, 20, 0, 20, 0, 20, 0, 0, 0, 0, 20, 20, 20, 20, 20, 0, 20, 20, 0, 20, 20, 20, 20, 20, 0, 20, 0, 0, 0, 20, 20, 0, 0, 20, 0, 0, 0, 0, 0, 0, 20, 20, 20, 0, 20, 20, 20, 20, 0, 20, 0, 20, 20, 20, 0, 20, 0, 20, 20, 0, 20, 20, 0, 20, 20, 0, 0, 0, 0, 20, 0, 20, 20, 20, 0, 20, 0, 0, 0, 20, 20, 20, 0, 1160]
[107, 0, 20, 0, 20, 20, 20, 20, 0, 40, 20, 20, 20, 20, 0, 0, 20, 0, 20, 20, 0, 20, 0, 20, 0, 0, 0, 0, 20, 20, 20, 20, 20, 0, 20, 20, 0, 20, 20, 20, 20, 20, 0, 20, 0, 0, 0, 20, 20, 0, 0, 20, 0, 0, 0, 0, 0, 0, 20, 20, 20, 0, 20, 20, 20, 20, 0, 20, 0, 20, 20, 20, 0, 20, 0, 20, 20, 0, 20, 20, 0, 20, 20, 0, 0, 0, 0, 20, 0, 20, 20, 20, 20, 20, 0, 0, 0, 20, 20, 20, 0, 1180]
[113, 20, 20, 0, 20, 20, 20, 20, 0, 40, 20, 20, 20, 20, 0, 0, 20, 0, 20, 20, 0, 20, 0, 20, 0, 0, 0, 0, 20, 20, 20, 20, 20, 0, 20, 20, 0, 20, 20, 20, 20, 20, 0, 20, 0, 0, 0, 20, 20, 0, 0, 20, 0, 0, 0, 0, 0, 0, 20, 20, 20, 0, 20, 20, 20, 20, 0, 20, 0, 20, 20, 20, 0, 20, 0, 20, 20, 0, 20, 20, 0, 20, 20, 0, 0, 0, 0, 20, 0, 20, 20, 20, 20, 20, 0, 0, 0, 20, 20, 20, 0, 1200]
[115, 20, 20, 0, 20, 20, 20, 20, 0, 40, 20, 20, 20, 20, 0, 0, 20, 0, 20, 20, 0, 20, 0, 20, 0, 0, 0, 0, 20, 20, 20, 20, 20, 0, 20, 20, 0, 20, 20, 20, 20, 20, 0, 20, 0, 0, 0, 20, 20, 0, 0, 20, 0, 0, 0, 0, 0, 0, 20, 20, 20, 0, 20, 20, 20, 20, 0, 20, 0, 20, 20, 20, 20, 20, 0, 20, 20, 0, 20, 20, 0, 20, 20, 0, 0, 0, 0, 20, 0, 20, 20, 20, 20, 20, 0, 0, 0, 20, 20, 20, 0, 1220]
[116, 20, 20, 0, 20, 20, 20, 20, 0, 40, 20, 20, 20, 20, 0, 0, 20, 0, 20, 20, 0, 20, 0, 20, 0, 0, 0, 0, 20, 20, 20, 20, 20, 0, 20, 20, 0, 20, 20, 20, 20, 20, 0, 20, 0, 0, 0, 20, 20, 0, 0, 20, 0, 0, 0, 0, 20, 0, 20, 20, 20, 0, 20, 20, 20, 20, 0, 20, 0, 20, 20, 20, 20, 20, 0, 20, 20, 0, 20, 20, 0, 20, 20, 0, 0, 0, 0, 20, 0, 20, 20, 20, 20, 20, 0, 0, 0, 20, 20, 20, 0, 1240]
[117, 20, 20, 0, 20, 20, 20, 20, 0, 40, 20, 20, 20, 20, 0, 0, 20, 0, 20, 20, 0, 20, 0, 20, 0, 0, 0, 0, 20, 20, 20, 20, 20, 0, 20, 20, 0, 20, 20, 20, 20, 20, 0, 20, 0, 0, 0, 20, 20, 0, 0, 20, 0, 0, 0, 0, 20, 0, 20, 20, 20, 20, 20, 20, 20, 20, 0, 20, 0, 20, 20, 20, 20, 20, 0, 20, 40, 0, 20, 20, 0, 20, 20, 0, 0, 0, 0, 20, 0, 20, 20, 20, 20, 20, 0, 0, 0, 20, 20, 20, 0, 1280]
[117, 20, 20, 0, 20, 20, 20, 20, 0, 40, 20, 20, 20, 20, 0, 0, 20, 0, 20, 20, 0, 20, 0, 20, 0, 0, 0, 0, 20, 20, 40, 20, 20, 0, 20, 20, 0, 20, 20, 20, 20, 20, 0, 20, 0, 0, 0, 20, 20, 0, 0, 20, 0, 0, 0, 0, 20, 0, 20, 20, 20, 20, 20, 20, 20, 20, 0, 20, 0, 20, 20, 20, 20, 20, 0, 20, 40, 0, 20, 20, 0, 20, 20, 0, 0, 0, 0, 20, 0, 20, 20, 20, 20, 20, 0, 0, 0, 20, 20, 20, 0, 1300]
[119, 20, 20, 0, 20, 20, 20, 20, 0, 40, 20, 20, 20, 20, 0, 0, 20, 0, 20, 20, 0, 20, 0, 20, 0, 0, 0, 0, 20, 20, 40, 20, 20, 0, 20, 20, 0, 20, 20, 20, 20, 20, 0, 20, 0, 0, 0, 20, 20, 0, 0, 20, 0, 0, 0, 0, 20, 0, 20, 20, 20, 20, 20, 20, 20, 20, 0, 20, 0, 20, 20, 20, 20, 20, 0, 20, 40, 0, 20, 20, 0, 20, 20, 20, 0, 0, 0, 20, 0, 20, 20, 20, 20, 20, 0, 0, 0, 20, 20, 20, 0, 1320]
[120, 20, 20, 0, 20, 20, 20, 20, 0, 40, 20, 20, 20, 20, 0, 40, 20, 0, 20, 20, 0, 20, 0, 20, 0, 0, 0, 0, 20, 20, 40, 20, 20, 0, 20, 20, 20, 20, 20, 20, 20, 20, 0, 20, 0, 0, 0, 20, 20, 0, 0, 20, 0, 0, 0, 0, 20, 0, 20, 20, 40, 20, 20, 20, 20, 20, 0, 20, 0, 20, 20, 20, 20, 20, 0, 20, 40, 0, 20, 20, 0, 20, 20, 20, 0, 0, 0, 20, 0, 20, 20, 20, 20, 20, 0, 0, 0, 20, 20, 20, 0, 1380]
[120, 20, 20, 0, 20, 20, 20, 20, 0, 40, 20, 20, 20, 20, 0, 40, 20, 0, 20, 20, 0, 20, 0, 20, 0, 0, 0, 0, 20, 20, 40, 20, 20, 0, 20, 20, 20, 20, 20, 20, 20, 20, 0, 20, 0, 0, 0, 20, 20, 0, 0, 20, 0, 0, 0, 0, 20, 0, 20, 20, 40, 20, 20, 20, 20, 20, 0, 20, 0, 20, 20, 20, 20, 20, 0, 20, 40, 0, 20, 20, 0, 20, 20, 20, 0, 0, 0, 20, 0, 20, 20, 20, 20, 20, 20, 0, 0, 20, 20, 20, 0, 1400]
[123, 20, 20, 0, 20, 20, 20, 20, 0, 40, 20, 20, 20, 20, 0, 40, 20, 0, 20, 20, 0, 20, 0, 20, 0, 0, 0, 0, 20, 20, 40, 20, 20, 0, 20, 20, 20, 20, 20, 20, 20, 20, 0, 20, 0, 0, 0, 20, 20, 0, 0, 20, 0, 0, 0, 0, 20, 0, 20, 20, 40, 20, 20, 20, 20, 20, 0, 20, 0, 20, 20, 20, 20, 20, 20, 20, 40, 0, 20, 20, 0, 20, 20, 20, 0, 0, 0, 20, 0, 20, 20, 20, 20, 20, 20, 0, 0, 20, 20, 20, 0, 1420]
[124, 20, 20, 0, 20, 20, 20, 20, 0, 40, 20, 20, 20, 20, 0, 40, 20, 0, 20, 20, 0, 20, 0, 20, 0, 0, 0, 0, 20, 20, 40, 20, 20, 0, 20, 20, 20, 20, 20, 20, 20, 20, 0, 20, 0, 0, 0, 20, 20, 0, 0, 20, 0, 0, 0, 0, 20, 0, 20, 20, 40, 20, 20, 20, 20, 20, 0, 20, 0, 20, 20, 20, 20, 20, 20, 20, 40, 20, 20, 20, 0, 20, 20, 20, 0, 0, 0, 20, 0, 20, 20, 20, 20, 20, 20, 0, 0, 20, 20, 20, 0, 1440]
[127, 20, 20, 0, 20, 20, 20, 20, 0, 40, 20, 20, 20, 20, 0, 40, 20, 0, 20, 20, 0, 20, 0, 20, 0, 0, 0, 0, 20, 20, 40, 20, 20, 0, 20, 20, 20, 20, 20, 20, 20, 20, 0, 20, 0, 0, 0, 20, 20, 0, 0, 20, 0, 0, 0, 0, 20, 0, 20, 20, 40, 20, 20, 20, 20, 20, 0, 20, 0, 20, 20, 20, 20, 20, 20, 20, 40, 20, 20, 20, 0, 20, 20, 20, 0, 0, 0, 20, 0, 20, 20, 20, 20, 20, 20, 0, 40, 20, 20, 20, 0, 1460]
[129, 20, 20, 0, 20, 20, 20, 20, 0, 40, 20, 20, 20, 20, 0, 40, 20, 0, 20, 20, 0, 20, 0, 20, 0, 0, 0, 0, 20, 20, 40, 20, 20, 0, 20, 20, 20, 20, 20, 20, 20, 20, 0, 20, 0, 0, 0, 20, 20, 20, 0, 20, 0, 0, 0, 0, 20, 0, 20, 20, 40, 20, 20, 20, 20, 20, 0, 20, 0, 20, 20, 20, 20, 20, 20, 20, 40, 20, 20, 20, 0, 20, 20, 20, 0, 0, 0, 20, 0, 20, 20, 20, 20, 20, 20, 0, 40, 20, 20, 20, 0, 1480]
[131, 20, 20, 0, 20, 20, 20, 20, 0, 40, 20, 20, 20, 20, 0, 40, 20, 0, 20, 20, 0, 20, 0, 20, 0, 0, 0, 0, 20, 20, 40, 20, 20, 0, 20, 20, 20, 20, 20, 40, 20, 20, 0, 20, 0, 0, 0, 20, 20, 20, 0, 20, 20, 0, 0, 0, 20, 0, 20, 20, 40, 20, 20, 20, 20, 20, 0, 20, 0, 20, 20, 20, 20, 20, 20, 20, 40, 20, 20, 20, 0, 20, 20, 20, 0, 0, 0, 20, 0, 20, 40, 20, 20, 20, 20, 0, 40, 20, 20, 20, 0, 1540]
[132, 20, 20, 0, 20, 20, 20, 20, 0, 40, 20, 20, 20, 20, 20, 40, 20, 0, 20, 20, 0, 40, 0, 20, 0, 0, 0, 0, 20, 20, 40, 20, 20, 0, 20, 20, 20, 20, 20, 40, 20, 20, 0, 20, 0, 0, 0, 20, 20, 20, 0, 20, 20, 0, 0, 0, 20, 0, 20, 20, 40, 20, 20, 20, 20, 20, 0, 20, 0, 20, 20, 20, 20, 20, 20, 20, 40, 20, 20, 20, 0, 20, 20, 20, 0, 0, 0, 20, 0, 20, 40, 20, 20, 20, 20, 0, 40, 20, 20, 20, 0, 1580]
[138, 20, 20, 0, 20, 20, 20, 20, 0, 40, 20, 20, 20, 20, 20, 40, 20, 0, 20, 20, 0, 40, 0, 20, 0, 0, 0, 20, 20, 20, 40, 20, 20, 0, 20, 20, 20, 20, 20, 40, 20, 20, 0, 20, 0, 0, 0, 20, 20, 20, 0, 20, 20, 0, 0, 0, 20, 0, 20, 20, 40, 20, 20, 20, 20, 20, 0, 20, 0, 20, 20, 20, 20, 20, 20, 20, 40, 20, 20, 20, 0, 20, 20, 20, 0, 0, 0, 20, 0, 20, 40, 20, 20, 20, 20, 0, 40, 20, 20, 20, 0, 1600]
[139, 20, 20, 0, 20, 20, 20, 20, 0, 40, 20, 20, 20, 20, 20, 40, 20, 0, 20, 20, 0, 40, 40, 20, 0, 0, 0, 20, 20, 20, 40, 20, 20, 0, 20, 20, 20, 20, 20, 40, 20, 20, 0, 20, 0, 0, 0, 20, 20, 20, 0, 20, 20, 0, 0, 0, 20, 0, 20, 20, 40, 20, 20, 20, 20, 20, 0, 20, 0, 20, 20, 20, 20, 20, 20, 20, 40, 20, 20, 20, 0, 20, 20, 20, 0, 0, 0, 20, 0, 20, 40, 20, 20, 20, 20, 0, 40, 20, 20, 20, 0, 1620]
[140, 20, 20, 0, 20, 20, 20, 20, 0, 40, 20, 20, 20, 20, 20, 40, 20, 0, 20, 20, 0, 40, 40, 20, 0, 0, 0, 20, 20, 20, 40, 20, 20, 0, 20, 20, 20, 20, 20, 40, 20, 20, 0, 20, 0, 0, 0, 20, 20, 20, 0, 20, 20, 0, 0, 0, 20, 0, 20, 20, 40, 20, 20, 20, 20, 20, 0, 20, 0, 20, 20, 20, 20, 20, 20, 20, 40, 20, 20, 20, 0, 20, 20, 20, 0, 0, 0, 20, 0, 20, 40, 20, 20, 40, 20, 0, 40, 20, 20, 20, 0, 1640]
[144, 20, 20, 0, 20, 20, 20, 20, 0, 40, 20, 20, 20, 20, 20, 40, 20, 0, 20, 20, 0, 40, 40, 20, 0, 0, 0, 20, 20, 20, 40, 20, 20, 0, 20, 20, 20, 20, 20, 40, 20, 20, 0, 20, 0, 0, 0, 20, 20, 20, 0, 20, 20, 0, 0, 0, 20, 0, 20, 20, 40, 20, 20, 20, 20, 20, 0, 20, 0, 40, 20, 20, 20, 20, 20, 20, 40, 20, 20, 20, 0, 20, 20, 20, 0, 0, 0, 20, 0, 20, 40, 20, 20, 40, 20, 0, 40, 20, 20, 20, 0, 1660]
[147, 20, 20, 0, 20, 20, 20, 20, 0, 40, 20, 20, 20, 20, 20, 40, 20, 0, 20, 20, 0, 40, 40, 20, 0, 0, 0, 20, 20, 20, 40, 20, 20, 0, 20, 20, 20, 20, 20, 40, 20, 20, 0, 20, 0, 0, 0, 20, 20, 20, 0, 20, 20, 0, 0, 0, 20, 0, 20, 20, 40, 20, 20, 20, 20, 20, 0, 20, 0, 40, 20, 20, 20, 20, 20, 20, 40, 20, 20, 20, 0, 40, 20, 20, 0, 0, 0, 20, 0, 20, 40, 20, 20, 40, 20, 0, 40, 20, 20, 20, 0, 1680]
[148, 20, 20, 0, 20, 20, 20, 20, 0, 40, 20, 20, 20, 20, 20, 40, 20, 0, 20, 20, 0, 40, 40, 20, 0, 0, 0, 20, 20, 20, 40, 20, 20, 0, 20, 20, 20, 20, 20, 40, 20, 20, 0, 20, 0, 0, 0, 20, 20, 20, 0, 20, 20, 0, 0, 0, 20, 0, 20, 20, 40, 20, 20, 20, 20, 20, 0, 20, 0, 40, 20, 20, 20, 20, 20, 20, 40, 20, 20, 20, 0, 40, 20, 20, 0, 0, 0, 20, 0, 20, 40, 20, 20, 40, 20, 0, 40, 20, 20, 20, 20, 1700]
[149, 20, 20, 0, 20, 20, 20, 20, 0, 40, 20, 20, 20, 20, 20, 40, 20, 0, 40, 20, 0, 40, 40, 20, 0, 0, 0, 20, 20, 20, 40, 20, 20, 0, 20, 20, 20, 20, 20, 40, 20, 20, 0, 20, 0, 0, 0, 20, 20, 20, 0, 20, 20, 0, 0, 0, 20, 0, 20, 20, 40, 20, 20, 20, 20, 20, 0, 20, 0, 40, 20, 20, 20, 20, 20, 20, 40, 20, 20, 20, 0, 40, 20, 20, 0, 0, 0, 20, 0, 20, 40, 20, 20, 40, 20, 0, 40, 20, 20, 20, 20, 1720]
[150, 20, 20, 0, 20, 20, 20, 20, 0, 40, 20, 20, 20, 20, 20, 40, 20, 0, 40, 20, 0, 40, 40, 20, 0, 0, 0, 20, 20, 40, 40, 20, 20, 0, 20, 20, 20, 20, 20, 40, 20, 20, 0, 20, 0, 0, 0, 20, 20, 20, 0, 20, 20, 0, 0, 0, 20, 0, 20, 20, 40, 20, 20, 20, 20, 20, 0, 20, 0, 40, 20, 20, 20, 20, 20, 20, 40, 20, 20, 20, 0, 40, 20, 20, 0, 0, 0, 20, 0, 20, 40, 40, 20, 40, 20, 0, 40, 20, 20, 20, 20, 1760]
[152, 20, 20, 0, 20, 20, 20, 20, 0, 40, 20, 20, 20, 20, 20, 40, 20, 0, 40, 20, 0, 40, 40, 20, 0, 0, 0, 20, 20, 40, 40, 20, 20, 0, 20, 20, 20, 20, 20, 40, 20, 20, 0, 20, 0, 0, 0, 20, 20, 20, 0, 20, 20, 0, 0, 0, 20, 0, 20, 20, 40, 20, 20, 40, 20, 20, 0, 20, 0, 40, 20, 20, 20, 20, 20, 20, 40, 20, 20, 20, 0, 40, 20, 20, 0, 0, 0, 20, 0, 20, 40, 40, 20, 40, 20, 0, 40, 20, 20, 20, 20, 1780]
[153, 20, 20, 0, 20, 20, 20, 20, 0, 40, 20, 20, 20, 20, 20, 40, 40, 0, 40, 20, 0, 40, 40, 20, 0, 0, 0, 20, 20, 40, 40, 20, 20, 0, 20, 20, 20, 20, 20, 40, 20, 20, 0, 20, 0, 0, 0, 20, 20, 20, 0, 20, 20, 0, 0, 0, 20, 0, 20, 20, 40, 20, 20, 40, 20, 20, 0, 20, 0, 40, 20, 20, 20, 20, 20, 20, 40, 20, 20, 20, 0, 40, 20, 20, 0, 0, 0, 20, 0, 20, 40, 40, 20, 40, 20, 0, 40, 20, 20, 20, 20, 1800]
[153, 20, 20, 0, 20, 20, 20, 20, 0, 40, 20, 20, 20, 20, 20, 40, 40, 0, 40, 20, 0, 40, 40, 20, 40, 0, 0, 20, 20, 40, 40, 20, 20, 0, 20, 20, 20, 20, 20, 40, 20, 20, 0, 20, 0, 0, 0, 20, 20, 20, 0, 20, 20, 0, 0, 0, 20, 0, 20, 20, 40, 20, 20, 40, 20, 20, 0, 20, 0, 40, 20, 20, 20, 20, 20, 20, 40, 20, 20, 20, 0, 40, 20, 20, 0, 0, 0, 20, 0, 20, 40, 40, 20, 40, 20, 0, 40, 20, 20, 20, 20, 1820]
[154, 20, 20, 0, 20, 20, 20, 20, 0, 40, 20, 20, 20, 20, 20, 40, 40, 0, 40, 20, 0, 40, 40, 20, 40, 0, 0, 20, 40, 40, 40, 20, 20, 0, 20, 20, 20, 20, 20, 40, 20, 20, 0, 20, 0, 0, 0, 20, 20, 20, 0, 20, 20, 0, 0, 0, 20, 0, 20, 20, 40, 20, 20, 40, 20, 20, 0, 20, 0, 40, 20, 20, 20, 20, 20, 20, 40, 20, 20, 20, 0, 40, 20, 20, 0, 0, 0, 20, 0, 20, 40, 40, 20, 40, 20, 0, 40, 20, 20, 20, 20, 1840]
[155, 20, 20, 20, 20, 20, 20, 20, 0, 60, 20, 20, 20, 20, 20, 40, 40, 0, 40, 20, 0, 40, 40, 20, 40, 0, 0, 20, 40, 40, 40, 20, 20, 0, 20, 20, 20, 20, 20, 40, 20, 20, 0, 20, 0, 0, 0, 20, 20, 20, 0, 20, 20, 0, 0, 0, 20, 0, 20, 20, 40, 20, 20, 40, 20, 20, 0, 20, 0, 40, 20, 20, 20, 20, 20, 20, 40, 20, 20, 20, 0, 40, 20, 20, 0, 0, 0, 20, 0, 20, 40, 40, 20, 40, 20, 0, 40, 20, 20, 20, 20, 1880]
[157, 20, 20, 20, 20, 20, 20, 20, 0, 60, 20, 20, 20, 20, 20, 40, 40, 0, 40, 20, 0, 40, 40, 20, 40, 0, 0, 20, 40, 40, 40, 20, 20, 0, 20, 20, 20, 20, 20, 40, 20, 20, 20, 20, 0, 0, 0, 20, 20, 20, 0, 20, 20, 0, 0, 0, 20, 0, 20, 20, 40, 20, 20, 40, 20, 20, 0, 20, 0, 40, 20, 20, 20, 20, 20, 20, 40, 20, 20, 20, 0, 40, 20, 20, 0, 0, 0, 20, 0, 20, 40, 40, 20, 40, 20, 0, 40, 20, 20, 20, 20, 1900]
[157, 20, 20, 20, 20, 20, 20, 20, 0, 60, 20, 20, 20, 20, 20, 40, 40, 0, 40, 20, 0, 40, 40, 20, 40, 0, 0, 20, 40, 40, 40, 20, 20, 0, 20, 20, 20, 20, 20, 40, 20, 20, 20, 20, 0, 20, 0, 20, 20, 20, 0, 20, 20, 0, 0, 0, 20, 0, 20, 20, 40, 20, 20, 40, 20, 40, 0, 20, 0, 40, 20, 20, 20, 20, 20, 20, 40, 20, 20, 20, 0, 40, 20, 20, 0, 0, 0, 20, 0, 20, 40, 40, 20, 40, 20, 0, 40, 20, 20, 20, 20, 1940]
[159, 20, 20, 20, 20, 20, 20, 20, 0, 60, 20, 20, 20, 20, 20, 40, 40, 0, 40, 20, 0, 40, 40, 20, 40, 0, 0, 20, 40, 40, 40, 20, 20, 0, 20, 20, 20, 20, 20, 40, 20, 20, 20, 20, 0, 20, 0, 20, 40, 20, 0, 20, 20, 0, 0, 0, 20, 0, 20, 20, 40, 20, 20, 40, 20, 40, 0, 20, 0, 40, 20, 20, 20, 20, 20, 20, 40, 20, 20, 20, 0, 40, 20, 20, 0, 0, 0, 20, 0, 20, 40, 40, 20, 40, 20, 0, 40, 20, 20, 20, 20, 1960]
[160, 20, 20, 20, 20, 20, 20, 20, 0, 60, 20, 20, 20, 20, 20, 40, 40, 0, 40, 20, 0, 40, 40, 20, 40, 0, 0, 20, 40, 40, 40, 20, 20, 0, 20, 20, 20, 20, 20, 40, 20, 20, 20, 20, 0, 20, 0, 20, 40, 20, 0, 20, 20, 0, 0, 0, 20, 20, 20, 20, 40, 20, 20, 40, 20, 40, 0, 20, 0, 40, 20, 20, 20, 20, 20, 20, 40, 20, 20, 20, 0, 40, 20, 20, 0, 0, 0, 20, 0, 20, 40, 40, 20, 40, 20, 0, 40, 20, 20, 20, 20, 1980]
[161, 20, 20, 20, 20, 20, 20, 20, 0, 60, 20, 20, 20, 20, 20, 40, 40, 0, 40, 20, 0, 40, 40, 20, 40, 0, 0, 20, 40, 40, 40, 20, 20, 0, 20, 20, 20, 20, 20, 40, 20, 20, 20, 20, 0, 20, 0, 20, 40, 20, 0, 20, 20, 0, 0, 0, 20, 20, 20, 20, 40, 20, 20, 40, 20, 40, 0, 20, 0, 40, 20, 20, 20, 20, 20, 20, 40, 20, 20, 20, 0, 40, 20, 20, 0, 0, 20, 20, 0, 20, 40, 40, 20, 40, 20, 0, 40, 20, 20, 20, 20, 2000]
[163, 20, 20, 20, 20, 20, 20, 20, 0, 60, 20, 20, 20, 20, 20, 40, 40, 0, 40, 20, 0, 40, 40, 20, 40, 0, 0, 20, 40, 40, 40, 20, 20, 0, 20, 20, 20, 20, 20, 40, 20, 20, 20, 20, 0, 20, 0, 20, 40, 20, 0, 20, 20, 0, 0, 0, 20, 20, 20, 20, 40, 20, 20, 40, 20, 40, 0, 20, 0, 40, 20, 20, 20, 20, 20, 20, 40, 20, 20, 20, 0, 40, 20, 20, 0, 20, 20, 20, 0, 20, 40, 40, 20, 40, 20, 0, 40, 20, 20, 20, 20, 2020]
[164, 20, 20, 20, 20, 20, 20, 20, 0, 60, 20, 40, 20, 20, 20, 40, 40, 0, 40, 20, 0, 40, 40, 20, 40, 0, 0, 20, 40, 40, 40, 20, 20, 0, 20, 20, 20, 20, 20, 40, 20, 20, 20, 20, 0, 20, 0, 20, 40, 20, 0, 20, 20, 0, 0, 0, 20, 20, 20, 20, 40, 20, 20, 40, 20, 40, 0, 20, 0, 40, 20, 20, 20, 20, 20, 40, 40, 20, 20, 20, 0, 40, 20, 20, 0, 20, 20, 20, 0, 20, 40, 40, 20, 40, 20, 0, 40, 20, 20, 20, 20, 2060]
[166, 20, 20, 20, 20, 20, 20, 20, 0, 60, 20, 40, 20, 20, 20, 40, 40, 0, 40, 20, 0, 40, 40, 20, 40, 0, 0, 20, 40, 40, 40, 20, 20, 0, 20, 20, 20, 20, 20, 40, 40, 20, 20, 20, 0, 20, 0, 20, 40, 20, 0, 20, 20, 0, 0, 0, 20, 20, 20, 20, 40, 20, 20, 40, 20, 40, 0, 20, 0, 40, 20, 20, 20, 20, 20, 40, 40, 20, 20, 20, 0, 40, 20, 20, 0, 20, 20, 20, 0, 20, 40, 40, 20, 40, 20, 0, 40, 20, 20, 20, 20, 2080]
[166, 20, 20, 20, 20, 20, 20, 20, 0, 60, 20, 40, 20, 20, 20, 40, 40, 0, 40, 20, 0, 40, 40, 20, 40, 0, 0, 20, 40, 40, 40, 20, 20, 0, 20, 20, 20, 20, 20, 40, 40, 20, 20, 20, 0, 20, 0, 20, 40, 20, 0, 20, 20, 0, 0, 0, 20, 20, 20, 20, 40, 20, 20, 40, 20, 40, 0, 20, 0, 40, 20, 40, 20, 20, 20, 40, 40, 20, 20, 20, 0, 40, 20, 20, 0, 20, 20, 20, 0, 20, 40, 40, 20, 40, 20, 0, 40, 20, 20, 20, 20, 2100]
[167, 20, 20, 20, 20, 20, 20, 20, 0, 60, 20, 40, 20, 20, 20, 40, 40, 0, 40, 20, 0, 40, 40, 20, 40, 0, 0, 20, 40, 40, 40, 20, 20, 0, 20, 20, 20, 20, 20, 40, 40, 40, 20, 20, 0, 20, 0, 20, 40, 20, 0, 20, 20, 0, 0, 0, 20, 20, 20, 20, 40, 20, 20, 40, 20, 40, 0, 20, 0, 40, 20, 40, 20, 20, 20, 40, 40, 20, 20, 20, 0, 40, 20, 20, 0, 20, 20, 20, 0, 20, 40, 40, 20, 40, 20, 0, 40, 20, 20, 20, 20, 2120]
[169, 20, 20, 20, 20, 20, 20, 20, 0, 60, 20, 40, 20, 20, 20, 40, 40, 0, 40, 20, 0, 40, 40, 20, 40, 0, 0, 20, 40, 40, 40, 20, 20, 0, 20, 20, 20, 20, 20, 40, 40, 40, 20, 20, 0, 20, 0, 20, 40, 20, 0, 20, 20, 0, 0, 0, 20, 20, 20, 20, 40, 20, 20, 40, 20, 40, 0, 20, 0, 40, 20, 40, 20, 20, 20, 40, 40, 20, 20, 20, 0, 40, 20, 20, 0, 20, 20, 40, 0, 20, 40, 40, 20, 40, 20, 0, 40, 20, 20, 20, 20, 2140]
[169, 20, 20, 20, 20, 20, 20, 20, 0, 60, 20, 40, 20, 20, 20, 40, 40, 0, 40, 20, 0, 40, 40, 20, 40, 0, 40, 20, 40, 40, 40, 20, 20, 0, 20, 20, 20, 20, 20, 40, 40, 40, 20, 20, 0, 20, 0, 20, 40, 20, 0, 20, 20, 0, 0, 0, 20, 20, 20, 20, 60, 20, 20, 40, 20, 40, 0, 20, 0, 40, 40, 40, 20, 20, 20, 40, 40, 20, 20, 20, 0, 40, 20, 20, 0, 20, 20, 40, 20, 20, 40, 40, 20, 40, 20, 0, 40, 20, 20, 20, 20, 2220]
[170, 20, 40, 20, 20, 20, 20, 20, 0, 60, 20, 40, 20, 20, 20, 40, 40, 0, 40, 20, 0, 40, 40, 20, 40, 0, 40, 20, 40, 40, 40, 20, 20, 0, 20, 20, 20, 20, 20, 40, 40, 40, 20, 20, 0, 20, 0, 20, 40, 20, 0, 20, 20, 0, 0, 0, 20, 20, 20, 20, 60, 20, 20, 40, 20, 40, 0, 20, 0, 40, 40, 40, 20, 20, 20, 40, 40, 20, 20, 20, 0, 40, 20, 20, 0, 20, 20, 40, 20, 20, 40, 40, 20, 40, 20, 0, 40, 20, 20, 20, 20, 2240]
[170, 20, 40, 20, 20, 20, 20, 20, 0, 60, 20, 40, 20, 40, 20, 40, 40, 0, 40, 20, 0, 40, 40, 20, 40, 0, 40, 20, 40, 40, 40, 20, 20, 0, 20, 20, 20, 20, 20, 40, 40, 40, 20, 20, 0, 20, 0, 20, 40, 20, 0, 20, 20, 0, 0, 0, 20, 20, 20, 20, 60, 20, 20, 40, 20, 40, 0, 20, 0, 40, 40, 40, 20, 20, 20, 40, 40, 20, 20, 20, 0, 40, 20, 20, 0, 20, 20, 40, 20, 20, 40, 40, 20, 40, 20, 0, 40, 20, 20, 20, 20, 2260]
[171, 20, 40, 20, 20, 20, 20, 20, 0, 60, 20, 40, 20, 40, 20, 40, 40, 0, 40, 20, 0, 40, 40, 20, 40, 0, 40, 20, 40, 40, 40, 20, 20, 0, 20, 20, 20, 20, 20, 40, 40, 40, 20, 20, 0, 20, 0, 20, 40, 20, 0, 20, 20, 0, 0, 20, 20, 20, 20, 20, 60, 20, 20, 40, 20, 40, 0, 20, 0, 40, 40, 40, 20, 20, 20, 40, 40, 20, 20, 20, 0, 40, 20, 20, 0, 20, 20, 40, 20, 20, 40, 40, 20, 40, 20, 0, 40, 20, 20, 20, 20, 2280]
[172, 20, 40, 20, 20, 20, 20, 20, 0, 60, 20, 40, 20, 40, 20, 40, 40, 0, 40, 20, 0, 40, 40, 20, 40, 0, 40, 20, 40, 40, 40, 20, 20, 0, 20, 20, 20, 20, 20, 40, 40, 40, 20, 20, 0, 20, 0, 20, 40, 20, 0, 20, 20, 0, 0, 20, 20, 20, 20, 20, 60, 20, 20, 40, 20, 40, 0, 20, 0, 40, 40, 40, 20, 20, 20, 40, 40, 20, 20, 20, 0, 40, 40, 20, 0, 20, 20, 40, 20, 20, 40, 40, 20, 40, 20, 40, 40, 20, 20, 20, 20, 2320]
[172, 20, 40, 20, 20, 20, 20, 20, 0, 60, 20, 40, 20, 40, 20, 40, 40, 0, 40, 20, 0, 40, 40, 20, 40, 0, 40, 20, 40, 40, 40, 20, 20, 0, 20, 20, 20, 20, 20, 40, 40, 40, 20, 20, 0, 20, 0, 20, 40, 20, 0, 20, 20, 0, 0, 20, 20, 20, 20, 20, 60, 20, 20, 40, 20, 40, 0, 20, 20, 40, 40, 40, 20, 40, 20, 40, 40, 20, 20, 20, 0, 40, 40, 20, 0, 20, 20, 40, 20, 20, 40, 40, 20, 40, 20, 40, 40, 20, 20, 20, 20, 2360]
[173, 20, 40, 20, 20, 20, 20, 20, 0, 60, 20, 40, 20, 40, 20, 40, 40, 0, 40, 20, 0, 40, 40, 20, 40, 0, 40, 20, 40, 40, 40, 20, 20, 0, 20, 20, 20, 20, 20, 40, 40, 40, 20, 20, 0, 20, 0, 20, 40, 20, 0, 60, 20, 0, 0, 20, 20, 20, 20, 20, 60, 20, 20, 40, 20, 40, 0, 20, 20, 40, 40, 40, 20, 40, 20, 40, 40, 20, 20, 20, 0, 40, 40, 20, 0, 20, 20, 40, 20, 20, 40, 40, 20, 40, 20, 40, 40, 20, 20, 20, 20, 2380]
[173, 20, 40, 20, 20, 20, 20, 20, 0, 60, 20, 40, 20, 40, 20, 40, 40, 0, 40, 20, 0, 40, 40, 20, 40, 0, 40, 20, 40, 40, 40, 20, 20, 0, 20, 20, 20, 20, 20, 40, 40, 40, 20, 20, 0, 20, 0, 20, 40, 20, 0, 60, 20, 0, 0, 20, 20, 20, 20, 20, 60, 20, 20, 40, 20, 40, 0, 20, 20, 40, 40, 40, 20, 40, 20, 40, 40, 20, 20, 20, 0, 40, 40, 20, 0, 20, 20, 40, 20, 20, 40, 40, 20, 40, 20, 40, 40, 20, 20, 40, 20, 2400]
[175, 20, 40, 20, 20, 20, 20, 20, 0, 60, 20, 40, 20, 40, 20, 40, 40, 0, 40, 20, 0, 40, 40, 20, 40, 60, 40, 20, 40, 40, 40, 20, 20, 0, 20, 20, 20, 20, 20, 40, 40, 40, 20, 20, 0, 20, 0, 20, 40, 20, 0, 60, 20, 0, 0, 20, 20, 20, 20, 20, 60, 20, 20, 40, 20, 40, 0, 20, 20, 40, 40, 40, 20, 40, 20, 40, 40, 20, 20, 20, 0, 40, 40, 20, 0, 20, 20, 40, 20, 20, 40, 40, 20, 40, 20, 40, 40, 20, 20, 40, 20, 2420]
[176, 20, 40, 20, 20, 20, 20, 20, 0, 60, 20, 40, 20, 40, 20, 40, 40, 0, 40, 20, 0, 40, 40, 20, 40, 60, 40, 20, 40, 40, 40, 20, 20, 0, 20, 20, 20, 20, 20, 40, 40, 40, 20, 20, 0, 20, 0, 20, 40, 20, 0, 60, 20, 0, 20, 20, 20, 20, 20, 20, 60, 20, 20, 40, 20, 40, 0, 20, 20, 40, 40, 40, 20, 40, 20, 40, 40, 20, 20, 20, 0, 40, 40, 20, 0, 20, 20, 40, 20, 20, 40, 40, 20, 40, 20, 40, 40, 20, 20, 40, 20, 2440]
[180, 20, 40, 20, 20, 20, 20, 40, 0, 60, 20, 40, 20, 40, 20, 40, 40, 0, 40, 20, 0, 40, 40, 20, 40, 60, 40, 20, 40, 40, 40, 20, 20, 0, 20, 20, 20, 20, 20, 40, 40, 40, 20, 20, 0, 20, 0, 20, 40, 20, 0, 60, 20, 0, 20, 20, 20, 20, 20, 20, 60, 20, 20, 40, 20, 40, 0, 20, 20, 40, 40, 40, 20, 40, 20, 40, 40, 20, 40, 20, 0, 40, 40, 20, 0, 20, 20, 40, 20, 20, 40, 40, 20, 40, 20, 40, 40, 20, 20, 40, 20, 2480]
[181, 20, 40, 20, 20, 20, 20, 40, 0, 60, 20, 40, 20, 40, 20, 40, 40, 0, 40, 20, 0, 40, 40, 20, 40, 60, 40, 20, 40, 40, 40, 20, 20, 40, 20, 20, 20, 20, 20, 40, 40, 40, 20, 20, 0, 20, 0, 20, 40, 20, 0, 60, 20, 0, 20, 20, 20, 20, 20, 20, 60, 20, 20, 40, 20, 40, 0, 20, 20, 40, 40, 40, 20, 40, 20, 40, 40, 20, 40, 20, 0, 40, 40, 20, 0, 20, 20, 40, 20, 20, 40, 40, 20, 40, 20, 40, 40, 20, 20, 40, 20, 2500]
[187, 20, 40, 20, 20, 20, 20, 40, 0, 60, 20, 40, 20, 40, 20, 40, 40, 0, 40, 20, 0, 40, 40, 20, 40, 60, 40, 20, 40, 40, 40, 20, 20, 40, 20, 20, 20, 20, 20, 40, 40, 40, 20, 20, 0, 20, 0, 20, 40, 20, 0, 60, 20, 0, 20, 20, 20, 20, 20, 20, 60, 20, 20, 40, 20, 40, 40, 20, 20, 40, 40, 40, 20, 40, 20, 40, 40, 20, 40, 20, 0, 40, 40, 20, 0, 20, 20, 40, 20, 20, 40, 40, 20, 40, 20, 40, 40, 20, 20, 40, 20, 2520]
[188, 20, 40, 20, 20, 20, 40, 40, 0, 60, 20, 40, 20, 40, 20, 40, 40, 0, 40, 20, 0, 40, 40, 20, 40, 60, 40, 20, 40, 40, 40, 20, 20, 40, 20, 20, 20, 20, 20, 40, 40, 40, 20, 20, 0, 20, 0, 20, 40, 20, 0, 60, 20, 0, 20, 20, 20, 20, 20, 20, 60, 20, 20, 40, 20, 40, 40, 20, 20, 40, 40, 40, 20, 40, 20, 40, 40, 20, 40, 20, 0, 40, 40, 20, 0, 20, 20, 40, 20, 20, 40, 40, 20, 40, 20, 40, 40, 20, 20, 40, 20, 2540]
[188, 20, 40, 20, 20, 20, 40, 40, 0, 60, 40, 40, 20, 40, 20, 40, 40, 0, 40, 20, 0, 40, 40, 20, 40, 60, 40, 20, 40, 40, 40, 20, 20, 40, 20, 20, 20, 20, 20, 40, 40, 40, 20, 20, 0, 20, 0, 20, 40, 20, 0, 60, 20, 0, 20, 20, 20, 20, 20, 20, 60, 20, 20, 40, 20, 40, 40, 20, 20, 40, 40, 40, 20, 40, 20, 40, 40, 20, 40, 20, 0, 40, 40, 20, 0, 20, 20, 40, 20, 20, 40, 40, 20, 40, 20, 40, 40, 20, 20, 40, 20, 2560]
[189, 20, 40, 20, 20, 20, 40, 40, 0, 60, 40, 40, 20, 40, 20, 40, 40, 0, 40, 20, 0, 40, 40, 20, 40, 60, 40, 20, 40, 40, 40, 20, 20, 40, 20, 20, 20, 20, 20, 40, 40, 40, 20, 20, 0, 20, 0, 20, 40, 20, 0, 60, 20, 0, 20, 20, 20, 20, 20, 20, 60, 20, 20, 40, 20, 40, 40, 40, 20, 40, 40, 40, 20, 40, 20, 40, 40, 20, 40, 20, 0, 40, 40, 20, 0, 20, 20, 40, 20, 20, 40, 40, 20, 40, 20, 40, 40, 20, 40, 40, 20, 2600]
[191, 20, 40, 20, 20, 20, 40, 40, 0, 60, 40, 40, 20, 40, 20, 40, 40, 0, 40, 40, 0, 40, 40, 20, 40, 60, 40, 20, 40, 40, 40, 20, 20, 40, 20, 20, 20, 20, 20, 40, 40, 40, 20, 20, 0, 20, 0, 20, 40, 20, 0, 60, 20, 0, 20, 20, 20, 20, 20, 20, 60, 20, 20, 40, 20, 40, 40, 40, 20, 40, 40, 40, 20, 40, 20, 40, 40, 20, 40, 20, 0, 40, 40, 20, 0, 20, 20, 40, 20, 20, 40, 40, 20, 40, 20, 40, 40, 20, 40, 40, 20, 2620]
[193, 20, 40, 20, 20, 20, 40, 40, 0, 60, 40, 40, 20, 40, 20, 40, 40, 0, 40, 40, 0, 40, 40, 20, 40, 60, 40, 20, 40, 40, 40, 20, 20, 40, 20, 20, 20, 20, 20, 40, 40, 40, 20, 20, 0, 20, 0, 20, 40, 20, 0, 60, 20, 0, 20, 20, 20, 20, 20, 20, 60, 20, 20, 40, 20, 40, 40, 40, 20, 40, 40, 40, 20, 40, 20, 40, 40, 20, 40, 20, 0, 40, 40, 20, 0, 20, 20, 40, 20, 20, 40, 40, 20, 40, 20, 40, 60, 20, 40, 40, 20, 2640]
[194, 20, 40, 20, 20, 40, 40, 40, 0, 60, 40, 40, 20, 40, 20, 40, 40, 0, 40, 40, 0, 40, 40, 20, 40, 60, 40, 20, 40, 40, 40, 20, 20, 40, 20, 20, 20, 20, 20, 40, 40, 40, 20, 20, 0, 20, 0, 20, 40, 20, 0, 60, 20, 0, 20, 20, 20, 20, 20, 20, 60, 20, 20, 40, 20, 40, 40, 40, 20, 40, 40, 40, 20, 40, 20, 40, 40, 20, 40, 20, 0, 40, 40, 20, 60, 20, 20, 40, 20, 20, 40, 40, 20, 40, 20, 40, 60, 20, 40, 40, 20, 2680]
[196, 20, 40, 20, 20, 40, 40, 40, 0, 60, 40, 40, 20, 40, 20, 40, 40, 0, 40, 40, 0, 40, 40, 20, 40, 60, 40, 40, 40, 40, 40, 60, 20, 40, 20, 20, 20, 20, 20, 40, 40, 40, 20, 20, 0, 20, 0, 20, 40, 20, 0, 60, 20, 0, 20, 20, 20, 20, 20, 20, 60, 20, 20, 40, 20, 40, 40, 40, 20, 40, 40, 40, 20, 40, 20, 40, 40, 20, 40, 20, 0, 40, 40, 20, 60, 20, 20, 40, 20, 20, 40, 40, 20, 40, 20, 40, 60, 20, 40, 40, 20, 2720]
[196, 20, 40, 20, 20, 40, 40, 40, 0, 60, 40, 40, 20, 40, 20, 40, 40, 0, 40, 40, 0, 40, 40, 20, 40, 60, 40, 40, 40, 40, 40, 60, 20, 40, 20, 20, 20, 20, 20, 40, 40, 40, 20, 20, 0, 20, 0, 20, 40, 20, 0, 60, 20, 0, 20, 20, 20, 20, 20, 20, 60, 20, 20, 40, 20, 40, 40, 40, 20, 40, 40, 40, 20, 40, 20, 40, 40, 20, 40, 20, 0, 40, 40, 20, 60, 20, 20, 40, 20, 20, 40, 40, 20, 60, 20, 40, 60, 20, 40, 40, 20, 2740]
[197, 20, 40, 20, 20, 40, 40, 40, 0, 60, 40, 40, 20, 40, 20, 40, 40, 0, 40, 40, 0, 40, 40, 20, 40, 60, 40, 40, 40, 40, 40, 60, 20, 40, 20, 20, 20, 20, 20, 40, 40, 40, 20, 40, 0, 20, 0, 20, 40, 20, 0, 60, 20, 0, 20, 20, 20, 20, 20, 20, 60, 20, 40, 40, 20, 40, 40, 40, 20, 40, 40, 40, 20, 40, 20, 40, 40, 20, 40, 20, 0, 40, 40, 20, 60, 20, 20, 40, 20, 20, 40, 40, 20, 60, 20, 40, 60, 20, 40, 40, 20, 2780]
[200, 20, 40, 20, 20, 40, 40, 40, 0, 60, 40, 40, 20, 40, 20, 40, 40, 0, 40, 40, 0, 40, 40, 20, 40, 60, 40, 40, 40, 40, 40, 60, 20, 40, 20, 20, 20, 20, 20, 40, 40, 40, 20, 40, 0, 20, 0, 20, 40, 20, 0, 60, 20, 40, 20, 20, 20, 20, 20, 20, 60, 20, 40, 40, 20, 40, 40, 40, 20, 40, 40, 40, 20, 40, 20, 40, 40, 20, 40, 20, 0, 40, 40, 20, 60, 20, 20, 40, 20, 20, 40, 40, 20, 60, 20, 40, 60, 20, 40, 40, 20, 2800]
[201, 20, 40, 20, 20, 40, 40, 40, 40, 60, 40, 40, 20, 40, 20, 40, 40, 0, 40, 40, 0, 40, 40, 20, 40, 60, 40, 40, 40, 40, 40, 60, 20, 40, 20, 20, 20, 20, 20, 40, 40, 40, 20, 40, 0, 20, 0, 20, 40, 20, 0, 60, 20, 40, 20, 20, 20, 20, 20, 20, 60, 20, 40, 40, 20, 40, 40, 40, 20, 40, 40, 40, 20, 40, 20, 40, 40, 20, 40, 20, 0, 40, 40, 20, 60, 20, 20, 40, 20, 20, 40, 40, 20, 60, 20, 40, 60, 20, 40, 40, 20, 2820]
[203, 20, 40, 20, 20, 40, 40, 40, 40, 60, 40, 40, 20, 40, 20, 40, 40, 0, 40, 40, 40, 40, 40, 20, 40, 60, 40, 40, 40, 40, 40, 60, 20, 40, 20, 20, 20, 20, 20, 40, 40, 40, 20, 40, 0, 20, 0, 20, 40, 20, 0, 60, 20, 40, 20, 20, 20, 20, 20, 20, 60, 20, 40, 40, 20, 40, 40, 40, 20, 40, 40, 40, 20, 40, 20, 40, 40, 20, 40, 20, 0, 40, 40, 20, 60, 20, 20, 40, 20, 20, 40, 40, 20, 60, 20, 40, 60, 20, 40, 40, 20, 2840]
[205, 20, 40, 20, 20, 40, 40, 40, 40, 60, 40, 40, 20, 40, 20, 40, 40, 0, 40, 40, 40, 40, 40, 40, 40, 60, 40, 40, 40, 40, 40, 60, 20, 40, 20, 20, 20, 20, 20, 40, 40, 40, 20, 40, 0, 20, 0, 20, 40, 20, 0, 60, 20, 40, 20, 20, 20, 20, 20, 20, 60, 20, 40, 40, 20, 40, 40, 40, 20, 40, 40, 40, 20, 40, 20, 40, 40, 20, 40, 20, 0, 40, 40, 20, 60, 20, 20, 40, 20, 20, 40, 40, 20, 60, 20, 40, 60, 20, 40, 40, 20, 2860]
[205, 20, 40, 20, 20, 40, 40, 40, 40, 60, 40, 40, 20, 40, 20, 40, 40, 0, 40, 40, 40, 40, 40, 40, 40, 60, 40, 40, 40, 40, 40, 60, 20, 40, 20, 20, 20, 20, 20, 40, 40, 40, 20, 40, 0, 20, 0, 20, 40, 20, 0, 60, 20, 40, 20, 20, 20, 20, 40, 20, 60, 20, 40, 40, 20, 40, 40, 40, 20, 40, 40, 40, 20, 40, 20, 40, 40, 20, 40, 20, 0, 40, 40, 20, 60, 20, 20, 40, 20, 20, 40, 40, 20, 60, 20, 40, 60, 20, 40, 40, 20, 2880]
[206, 20, 40, 20, 20, 40, 40, 40, 40, 60, 40, 40, 20, 40, 20, 40, 40, 0, 40, 40, 40, 40, 40, 40, 40, 60, 40, 40, 40, 40, 40, 60, 20, 40, 20, 20, 20, 20, 20, 40, 40, 40, 20, 40, 0, 20, 0, 20, 40, 20, 0, 60, 20, 40, 20, 20, 20, 20, 40, 20, 60, 20, 40, 40, 20, 40, 40, 40, 20, 40, 40, 40, 20, 40, 20, 40, 40, 20, 40, 20, 0, 40, 40, 20, 60, 20, 20, 40, 20, 20, 40, 40, 40, 60, 20, 40, 60, 20, 40, 40, 20, 2900]
[208, 20, 40, 20, 20, 40, 40, 40, 40, 60, 40, 40, 20, 40, 20, 40, 40, 0, 40, 40, 40, 40, 40, 40, 40, 60, 40, 40, 40, 40, 40, 60, 20, 40, 40, 20, 20, 20, 20, 40, 40, 40, 20, 40, 0, 20, 0, 20, 40, 20, 0, 60, 20, 40, 20, 20, 20, 20, 40, 20, 60, 20, 40, 40, 20, 40, 40, 40, 20, 40, 40, 40, 20, 40, 20, 40, 40, 20, 40, 20, 0, 40, 40, 20, 60, 20, 20, 40, 20, 20, 40, 40, 40, 60, 20, 40, 60, 20, 40, 40, 20, 2920]
[209, 20, 40, 20, 20, 40, 40, 40, 40, 60, 40, 40, 20, 40, 20, 40, 40, 0, 40, 40, 40, 40, 40, 40, 40, 60, 40, 40, 40, 40, 40, 60, 20, 40, 40, 20, 20, 20, 20, 40, 40, 40, 20, 40, 0, 20, 0, 40, 40, 20, 0, 60, 20, 40, 20, 20, 20, 20, 40, 20, 60, 20, 40, 40, 20, 40, 40, 40, 20, 40, 40, 40, 20, 40, 20, 40, 40, 20, 40, 20, 0, 40, 40, 20, 60, 20, 20, 40, 20, 20, 40, 40, 40, 60, 20, 40, 60, 20, 40, 40, 20, 2940]
[209, 20, 40, 20, 20, 40, 40, 40, 40, 60, 40, 40, 20, 40, 20, 40, 40, 0, 40, 40, 40, 40, 60, 40, 40, 60, 40, 40, 40, 40, 40, 60, 20, 40, 40, 20, 20, 20, 20, 40, 40, 40, 20, 40, 0, 20, 0, 40, 40, 20, 0, 60, 20, 40, 20, 20, 20, 20, 40, 20, 60, 20, 40, 40, 20, 40, 40, 40, 20, 40, 40, 40, 20, 40, 40, 40, 40, 20, 40, 20, 0, 40, 40, 20, 60, 20, 20, 40, 20, 20, 40, 40, 40, 60, 20, 40, 60, 20, 40, 40, 20, 2980]
[210, 20, 40, 20, 20, 40, 40, 40, 40, 60, 40, 40, 20, 40, 20, 40, 40, 0, 40, 40, 40, 40, 60, 40, 40, 60, 40, 40, 40, 40, 40, 60, 20, 40, 40, 20, 20, 20, 20, 60, 40, 40, 20, 40, 0, 20, 0, 40, 40, 20, 0, 60, 20, 40, 20, 20, 20, 20, 40, 20, 60, 20, 40, 40, 20, 40, 40, 40, 20, 40, 40, 40, 20, 40, 40, 40, 40, 20, 40, 20, 0, 40, 40, 20, 60, 20, 20, 40, 20, 20, 40, 40, 40, 60, 20, 40, 60, 20, 40, 40, 20, 3000]
[211, 20, 40, 20, 40, 40, 40, 40, 40, 60, 40, 40, 20, 40, 20, 40, 40, 0, 40, 40, 40, 40, 60, 40, 40, 60, 40, 40, 40, 40, 40, 60, 20, 40, 40, 20, 20, 20, 20, 60, 40, 40, 20, 40, 0, 20, 0, 40, 40, 20, 0, 60, 20, 40, 20, 20, 20, 20, 40, 20, 60, 20, 40, 40, 20, 40, 40, 40, 20, 40, 40, 40, 20, 40, 40, 40, 40, 20, 40, 20, 0, 40, 40, 20, 60, 20, 20, 40, 20, 20, 40, 40, 40, 60, 20, 40, 60, 20, 40, 40, 20, 3020]
[211, 40, 40, 20, 40, 40, 40, 40, 40, 60, 40, 40, 20, 40, 20, 40, 40, 0, 40, 40, 40, 40, 60, 40, 40, 60, 40, 40, 40, 40, 40, 60, 20, 40, 40, 20, 20, 20, 20, 60, 40, 40, 20, 40, 0, 20, 0, 40, 40, 20, 0, 60, 20, 40, 20, 20, 20, 20, 40, 20, 60, 20, 40, 40, 20, 40, 40, 40, 20, 40, 40, 40, 20, 40, 40, 40, 40, 20, 40, 20, 0, 40, 40, 20, 60, 20, 20, 40, 20, 20, 40, 40, 40, 60, 20, 40, 60, 20, 40, 40, 20, 3040]
[212, 40, 40, 20, 40, 40, 40, 40, 40, 60, 40, 40, 20, 40, 20, 40, 40, 0, 40, 40, 40, 40, 60, 40, 60, 60, 40, 40, 40, 40, 40, 60, 20, 40, 40, 20, 20, 20, 20, 60, 40, 40, 20, 40, 0, 20, 0, 40, 40, 20, 0, 60, 20, 40, 20, 20, 20, 20, 40, 20, 60, 20, 40, 40, 20, 40, 40, 40, 20, 40, 40, 40, 20, 40, 40, 40, 40, 20, 40, 20, 0, 40, 40, 20, 60, 20, 20, 40, 20, 20, 40, 40, 40, 60, 20, 40, 60, 20, 40, 40, 20, 3060]
[214, 40, 40, 20, 40, 40, 40, 40, 40, 60, 40, 40, 20, 40, 20, 40, 40, 0, 40, 40, 40, 40, 60, 40, 60, 60, 40, 40, 40, 40, 40, 60, 20, 40, 40, 20, 20, 20, 20, 60, 40, 40, 20, 40, 0, 20, 0, 40, 40, 20, 0, 60, 20, 40, 20, 20, 20, 20, 40, 20, 60, 20, 40, 40, 20, 40, 40, 40, 20, 40, 40, 40, 20, 40, 40, 40, 40, 20, 40, 20, 0, 60, 40, 20, 60, 20, 20, 40, 20, 20, 60, 40, 40, 60, 40, 40, 60, 20, 40, 40, 20, 3120]
[218, 40, 40, 20, 40, 40, 40, 40, 40, 60, 40, 40, 20, 40, 20, 40, 40, 0, 40, 40, 40, 40, 60, 40, 60, 60, 40, 40, 40, 40, 40, 60, 20, 40, 40, 20, 40, 20, 20, 60, 40, 40, 20, 40, 0, 20, 0, 40, 40, 20, 0, 60, 20, 40, 20, 20, 20, 20, 40, 20, 60, 20, 40, 40, 20, 40, 40, 40, 20, 60, 40, 40, 20, 40, 40, 40, 40, 20, 40, 20, 0, 60, 40, 20, 60, 20, 20, 40, 20, 20, 60, 40, 40, 60, 40, 40, 60, 20, 40, 40, 20, 3160]
[218, 40, 40, 20, 40, 40, 40, 40, 40, 60, 40, 40, 20, 40, 20, 40, 40, 0, 40, 40, 40, 40, 60, 40, 60, 60, 40, 40, 40, 40, 40, 60, 20, 40, 40, 20, 40, 20, 20, 60, 40, 40, 20, 40, 0, 20, 0, 40, 40, 20, 0, 60, 20, 40, 20, 20, 20, 20, 40, 20, 60, 20, 40, 40, 20, 40, 40, 40, 20, 60, 40, 40, 20, 40, 40, 40, 40, 40, 40, 20, 0, 60, 40, 20, 60, 20, 20, 40, 20, 20, 60, 40, 40, 60, 40, 40, 60, 20, 40, 40, 20, 3180]
[219, 40, 40, 20, 40, 40, 40, 40, 40, 60, 40, 40, 20, 40, 20, 40, 40, 0, 40, 40, 40, 40, 60, 40, 60, 60, 40, 40, 40, 40, 40, 60, 20, 40, 40, 20, 40, 20, 20, 60, 40, 40, 20, 40, 0, 20, 0, 40, 40, 20, 0, 60, 20, 40, 20, 20, 20, 20, 40, 20, 60, 20, 40, 60, 20, 40, 40, 40, 20, 60, 40, 40, 20, 40, 40, 40, 40, 40, 40, 20, 0, 60, 40, 20, 60, 20, 20, 40, 20, 20, 60, 40, 40, 60, 40, 40, 60, 20, 40, 40, 20, 3200]
[221, 40, 40, 20, 40, 40, 40, 40, 40, 60, 40, 40, 20, 40, 20, 40, 40, 0, 40, 40, 40, 40, 60, 40, 60, 60, 40, 40, 40, 40, 40, 60, 20, 40, 40, 20, 40, 20, 20, 60, 40, 40, 20, 40, 0, 20, 0, 40, 40, 20, 0, 80, 20, 40, 20, 20, 20, 20, 40, 20, 60, 20, 40, 60, 20, 40, 40, 40, 20, 60, 40, 40, 20, 40, 40, 40, 40, 40, 40, 20, 0, 60, 40, 20, 60, 20, 20, 40, 20, 20, 60, 40, 40, 60, 40, 40, 60, 20, 40, 40, 20, 3220]
[221, 40, 40, 20, 40, 40, 40, 40, 40, 60, 40, 40, 20, 40, 20, 40, 40, 0, 40, 40, 40, 40, 60, 40, 60, 60, 40, 40, 40, 40, 40, 60, 20, 40, 40, 20, 40, 60, 20, 60, 40, 40, 20, 40, 0, 20, 0, 40, 40, 20, 0, 80, 20, 40, 20, 20, 20, 20, 40, 20, 60, 20, 40, 60, 20, 40, 40, 40, 20, 60, 40, 40, 20, 40, 40, 40, 40, 40, 40, 20, 0, 60, 40, 20, 60, 20, 20, 40, 20, 20, 60, 40, 40, 60, 40, 40, 60, 20, 40, 40, 20, 3240]
[226, 40, 40, 20, 40, 40, 40, 40, 40, 60, 40, 40, 20, 40, 20, 40, 40, 0, 40, 40, 40, 40, 60, 40, 60, 60, 40, 40, 40, 40, 40, 60, 20, 40, 40, 20, 40, 60, 20, 60, 40, 40, 20, 40, 0, 20, 0, 40, 40, 20, 0, 80, 20, 40, 20, 20, 20, 20, 40, 20, 60, 20, 40, 60, 20, 40, 40, 40, 20, 60, 40, 40, 20, 40, 40, 40, 40, 40, 40, 20, 0, 60, 40, 20, 60, 20, 20, 40, 20, 40, 60, 40, 40, 60, 40, 40, 60, 20, 40, 40, 20, 3260]
[226, 40, 40, 20, 40, 40, 40, 40, 40, 60, 40, 60, 20, 40, 20, 40, 40, 0, 40, 40, 40, 40, 60, 40, 60, 60, 40, 40, 40, 40, 40, 60, 20, 40, 40, 20, 40, 60, 20, 60, 40, 40, 20, 40, 0, 20, 0, 40, 40, 20, 0, 80, 20, 40, 20, 20, 20, 20, 40, 20, 60, 20, 40, 60, 20, 40, 40, 40, 20, 60, 40, 40, 20, 40, 40, 40, 40, 40, 40, 20, 0, 60, 40, 20, 60, 20, 20, 40, 20, 40, 60, 40, 40, 60, 40, 40, 60, 20, 40, 40, 20, 3280]
[227, 40, 40, 20, 40, 40, 40, 40, 40, 60, 40, 60, 20, 40, 20, 40, 60, 0, 40, 40, 40, 40, 60, 40, 60, 60, 40, 40, 40, 40, 40, 60, 20, 40, 40, 20, 40, 60, 20, 60, 40, 40, 20, 40, 0, 20, 0, 40, 40, 20, 0, 80, 20, 40, 20, 20, 20, 20, 40, 20, 60, 20, 40, 60, 20, 40, 40, 40, 20, 60, 40, 40, 20, 40, 40, 40, 40, 40, 40, 20, 0, 60, 40, 20, 60, 20, 20, 40, 20, 40, 60, 40, 40, 60, 40, 40, 60, 20, 40, 40, 20, 3300]
[228, 40, 40, 20, 40, 40, 40, 40, 40, 80, 40, 60, 20, 40, 20, 40, 60, 0, 40, 40, 40, 40, 60, 40, 60, 60, 40, 40, 40, 40, 40, 60, 20, 40, 40, 20, 40, 60, 20, 60, 40, 40, 20, 40, 0, 20, 0, 40, 40, 20, 0, 80, 20, 40, 20, 20, 20, 20, 40, 20, 60, 20, 40, 60, 20, 40, 40, 40, 20, 60, 40, 40, 20, 40, 40, 40, 40, 40, 40, 20, 0, 60, 40, 20, 60, 20, 20, 40, 20, 40, 60, 40, 40, 60, 40, 40, 60, 20, 40, 40, 20, 3320]
[229, 40, 40, 20, 40, 40, 40, 40, 40, 80, 40, 60, 20, 40, 20, 40, 60, 0, 40, 40, 40, 40, 60, 40, 60, 60, 40, 40, 40, 40, 40, 60, 40, 40, 40, 20, 40, 60, 20, 60, 40, 40, 20, 40, 0, 20, 0, 40, 40, 20, 0, 80, 20, 40, 20, 20, 20, 20, 40, 20, 60, 20, 40, 60, 20, 40, 40, 40, 20, 60, 40, 40, 20, 40, 40, 40, 40, 40, 40, 20, 0, 60, 40, 20, 60, 20, 20, 40, 20, 40, 60, 40, 40, 60, 40, 40, 60, 20, 40, 40, 20, 3340]
[229, 40, 40, 20, 40, 40, 40, 40, 40, 80, 40, 60, 20, 40, 20, 40, 60, 0, 40, 40, 40, 40, 60, 40, 60, 60, 40, 40, 40, 40, 40, 60, 40, 40, 40, 20, 40, 60, 20, 60, 40, 40, 20, 40, 0, 20, 0, 40, 40, 20, 0, 80, 20, 40, 20, 20, 20, 20, 40, 20, 60, 20, 40, 60, 20, 40, 40, 40, 20, 60, 40, 40, 20, 40, 40, 40, 60, 40, 40, 20, 0, 60, 40, 20, 60, 20, 20, 40, 20, 40, 60, 40, 40, 60, 40, 40, 60, 20, 40, 40, 20, 3360]
[233, 40, 40, 20, 40, 40, 40, 40, 40, 80, 40, 60, 20, 40, 20, 40, 60, 0, 40, 40, 40, 40, 60, 40, 60, 60, 40, 40, 40, 40, 40, 60, 40, 40, 40, 20, 40, 60, 20, 60, 40, 40, 20, 40, 0, 20, 0, 40, 40, 20, 0, 80, 20, 40, 20, 20, 20, 20, 40, 20, 60, 20, 40, 60, 20, 40, 40, 40, 20, 60, 40, 40, 20, 40, 40, 40, 60, 40, 40, 60, 0, 60, 40, 20, 60, 20, 20, 40, 20, 40, 60, 40, 40, 60, 40, 40, 60, 20, 40, 40, 20, 3380]
[235, 40, 40, 20, 40, 40, 40, 40, 40, 80, 40, 60, 20, 40, 20, 40, 60, 0, 40, 40, 40, 40, 60, 40, 60, 60, 60, 40, 40, 40, 40, 60, 40, 40, 40, 20, 40, 60, 20, 60, 40, 40, 20, 40, 0, 20, 0, 40, 40, 20, 0, 80, 20, 40, 20, 20, 20, 20, 40, 20, 60, 20, 40, 60, 20, 40, 40, 40, 20, 60, 40, 40, 20, 40, 40, 40, 60, 40, 40, 60, 0, 60, 40, 20, 60, 20, 20, 40, 20, 40, 60, 40, 40, 60, 40, 40, 60, 20, 40, 40, 20, 3400]
[235, 40, 40, 20, 40, 40, 40, 40, 40, 80, 40, 60, 20, 40, 20, 40, 60, 0, 40, 40, 40, 40, 60, 40, 60, 60, 60, 40, 40, 40, 40, 60, 40, 40, 40, 20, 40, 60, 20, 60, 40, 40, 20, 40, 0, 20, 0, 40, 40, 20, 0, 80, 20, 40, 20, 20, 20, 20, 40, 20, 60, 20, 40, 60, 20, 40, 40, 40, 20, 60, 40, 40, 20, 40, 40, 40, 60, 40, 40, 60, 0, 60, 40, 20, 60, 20, 20, 40, 20, 40, 60, 40, 40, 60, 40, 40, 60, 20, 40, 40, 40, 3420]
[237, 40, 40, 20, 40, 40, 40, 40, 40, 80, 40, 60, 20, 40, 20, 40, 60, 0, 40, 40, 40, 40, 60, 40, 60, 60, 60, 40, 40, 40, 40, 60, 40, 40, 40, 60, 40, 60, 20, 60, 40, 40, 20, 40, 0, 20, 0, 40, 40, 20, 0, 80, 40, 40, 20, 20, 20, 20, 40, 20, 60, 20, 40, 60, 20, 40, 40, 40, 20, 60, 40, 40, 20, 40, 40, 40, 60, 40, 40, 60, 0, 60, 40, 20, 60, 20, 20, 40, 20, 40, 60, 40, 40, 60, 40, 40, 60, 20, 40, 40, 40, 3460]
[237, 40, 40, 20, 40, 40, 40, 40, 40, 80, 40, 60, 20, 40, 20, 40, 60, 0, 40, 40, 40, 40, 60, 40, 60, 60, 60, 40, 40, 40, 40, 60, 40, 40, 40, 60, 40, 60, 20, 60, 40, 40, 20, 40, 0, 40, 0, 40, 40, 20, 0, 80, 40, 40, 20, 20, 20, 20, 40, 20, 60, 40, 40, 60, 20, 40, 40, 40, 20, 60, 40, 40, 20, 40, 40, 40, 60, 40, 40, 60, 0, 60, 40, 20, 60, 20, 20, 40, 20, 40, 60, 40, 40, 60, 40, 40, 60, 20, 40, 40, 40, 3500]
[238, 40, 40, 20, 40, 40, 40, 40, 40, 80, 40, 60, 20, 40, 20, 40, 60, 0, 40, 40, 40, 40, 60, 40, 60, 60, 60, 40, 40, 40, 40, 60, 40, 40, 40, 60, 40, 60, 20, 60, 40, 40, 20, 40, 0, 40, 0, 40, 40, 40, 0, 80, 40, 40, 20, 20, 20, 20, 40, 20, 60, 40, 40, 60, 20, 40, 40, 40, 20, 60, 40, 40, 20, 40, 40, 40, 60, 40, 40, 60, 0, 60, 40, 20, 60, 20, 20, 40, 20, 40, 60, 40, 40, 60, 40, 40, 60, 20, 40, 40, 40, 3520]
[238, 40, 40, 20, 40, 40, 40, 40, 40, 80, 40, 60, 20, 40, 20, 40, 60, 0, 40, 40, 40, 40, 60, 40, 60, 60, 60, 40, 40, 40, 40, 60, 40, 40, 40, 60, 40, 60, 20, 60, 40, 40, 40, 40, 0, 40, 0, 40, 40, 40, 0, 80, 40, 40, 20, 20, 20, 20, 40, 20, 60, 40, 40, 60, 20, 40, 40, 40, 20, 60, 40, 40, 20, 40, 40, 40, 60, 40, 40, 60, 0, 60, 40, 20, 60, 20, 20, 40, 20, 40, 60, 40, 40, 60, 40, 40, 60, 20, 40, 40, 40, 3540]
[240, 40, 40, 20, 40, 40, 40, 40, 40, 80, 40, 60, 20, 40, 40, 40, 60, 0, 40, 40, 40, 40, 60, 40, 60, 60, 60, 40, 40, 40, 40, 60, 40, 40, 40, 60, 40, 60, 20, 60, 40, 40, 40, 40, 0, 40, 0, 40, 40, 40, 0, 80, 40, 40, 20, 20, 20, 20, 40, 20, 60, 40, 40, 60, 20, 40, 40, 40, 20, 60, 40, 40, 20, 40, 40, 40, 60, 40, 40, 60, 0, 60, 40, 20, 60, 20, 20, 40, 20, 40, 60, 40, 40, 60, 40, 40, 60, 20, 40, 40, 40, 3560]
[241, 40, 40, 20, 40, 40, 40, 40, 40, 80, 40, 60, 20, 40, 40, 40, 60, 0, 40, 40, 40, 40, 60, 40, 60, 60, 60, 40, 40, 40, 40, 60, 40, 60, 40, 60, 40, 60, 20, 60, 40, 40, 40, 40, 0, 40, 0, 40, 40, 40, 0, 80, 40, 40, 20, 20, 20, 20, 40, 20, 60, 40, 40, 60, 20, 40, 40, 40, 20, 60, 40, 40, 20, 40, 40, 40, 60, 40, 40, 60, 0, 60, 40, 20, 60, 20, 20, 40, 20, 40, 60, 40, 40, 60, 40, 40, 60, 20, 40, 40, 40, 3580]
[244, 40, 40, 20, 40, 40, 40, 40, 40, 80, 40, 60, 20, 40, 40, 40, 60, 0, 40, 40, 40, 40, 60, 40, 60, 60, 60, 40, 40, 40, 40, 60, 40, 60, 40, 60, 40, 60, 20, 60, 40, 40, 40, 40, 0, 40, 0, 40, 40, 40, 0, 80, 40, 40, 20, 20, 20, 20, 40, 20, 60, 40, 40, 60, 20, 40, 40, 40, 20, 60, 40, 40, 60, 40, 40, 40, 60, 40, 40, 60, 0, 60, 40, 20, 60, 20, 20, 60, 20, 40, 60, 40, 40, 60, 40, 40, 60, 20, 40, 40, 40, 3620]
[245, 40, 40, 20, 40, 40, 40, 40, 40, 80, 40, 60, 20, 40, 40, 40, 60, 0, 40, 40, 40, 40, 60, 40, 60, 60, 60, 40, 40, 40, 40, 60, 40, 60, 40, 60, 40, 60, 20, 60, 40, 40, 40, 40, 0, 40, 0, 40, 40, 40, 0, 80, 40, 40, 20, 20, 20, 20, 40, 20, 60, 40, 40, 60, 20, 60, 40, 40, 20, 60, 40, 40, 60, 40, 40, 40, 60, 40, 40, 60, 0, 60, 40, 20, 60, 20, 20, 60, 20, 40, 60, 40, 40, 60, 40, 40, 60, 20, 40, 40, 40, 3640]
[246, 40, 40, 20, 40, 40, 40, 40, 40, 80, 40, 60, 20, 40, 40, 40, 60, 0, 40, 40, 40, 40, 60, 40, 60, 60, 60, 40, 40, 40, 40, 60, 40, 60, 40, 60, 40, 60, 20, 60, 40, 40, 40, 40, 0, 40, 0, 40, 40, 40, 0, 80, 40, 40, 20, 20, 20, 20, 40, 20, 60, 40, 40, 60, 20, 60, 40, 40, 20, 60, 40, 40, 60, 40, 40, 60, 60, 40, 40, 60, 0, 60, 40, 20, 60, 20, 20, 60, 20, 40, 60, 40, 40, 60, 40, 40, 60, 20, 40, 40, 40, 3660]
[248, 40, 40, 20, 40, 40, 40, 40, 40, 80, 40, 60, 20, 40, 40, 40, 60, 0, 40, 40, 40, 40, 60, 40, 60, 60, 60, 40, 40, 40, 40, 60, 40, 60, 40, 60, 40, 60, 20, 60, 40, 40, 40, 40, 0, 40, 0, 40, 60, 40, 0, 80, 40, 40, 20, 20, 20, 20, 40, 20, 60, 40, 40, 60, 20, 60, 40, 40, 40, 60, 40, 40, 60, 40, 40, 60, 60, 40, 40, 60, 0, 60, 40, 40, 60, 20, 20, 60, 20, 40, 60, 40, 40, 60, 40, 40, 60, 20, 40, 40, 40, 3720]
[251, 40, 40, 20, 40, 40, 40, 40, 40, 80, 40, 60, 20, 40, 40, 40, 60, 0, 40, 40, 40, 40, 60, 40, 60, 60, 60, 40, 40, 40, 40, 60, 40, 60, 40, 60, 40, 60, 20, 60, 40, 40, 40, 40, 0, 40, 0, 40, 60, 40, 0, 80, 40, 40, 20, 20, 20, 20, 40, 20, 60, 40, 40, 60, 20, 60, 40, 40, 40, 60, 40, 60, 60, 40, 40, 60, 60, 40, 40, 60, 0, 60, 40, 40, 60, 20, 20, 60, 20, 40, 60, 40, 40, 60, 40, 40, 60, 20, 40, 40, 40, 3740]
[253, 40, 40, 20, 40, 40, 40, 40, 40, 80, 40, 60, 20, 40, 40, 40, 60, 0, 40, 40, 40, 40, 60, 40, 60, 60, 60, 40, 40, 40, 40, 60, 40, 60, 40, 60, 40, 60, 20, 60, 40, 40, 40, 40, 0, 40, 0, 40, 60, 40, 0, 80, 40, 40, 40, 20, 20, 20, 40, 20, 60, 40, 40, 60, 20, 60, 40, 40, 40, 60, 40, 60, 60, 40, 40, 60, 60, 40, 40, 60, 0, 60, 40, 40, 60, 20, 20, 60, 40, 40, 60, 40, 40, 60, 40, 40, 60, 20, 40, 40, 40, 3780]
[254, 40, 40, 20, 40, 40, 40, 40, 40, 80, 40, 60, 20, 40, 40, 40, 60, 0, 40, 40, 40, 40, 60, 40, 60, 60, 60, 40, 40, 40, 40, 60, 40, 60, 40, 60, 40, 60, 20, 60, 60, 40, 40, 40, 0, 40, 0, 40, 60, 40, 0, 80, 40, 40, 40, 20, 20, 20, 40, 20, 60, 40, 40, 60, 20, 60, 40, 60, 40, 60, 40, 60, 60, 40, 40, 60, 60, 40, 40, 60, 0, 60, 40, 40, 60, 20, 20, 60, 40, 40, 60, 40, 40, 60, 40, 40, 60, 20, 40, 40, 40, 3820]
[255, 40, 60, 20, 40, 40, 40, 40, 40, 80, 40, 60, 20, 40, 40, 40, 60, 0, 40, 40, 40, 40, 60, 40, 60, 60, 60, 40, 40, 40, 40, 60, 40, 60, 40, 60, 40, 60, 20, 60, 60, 40, 40, 40, 0, 40, 0, 40, 60, 40, 0, 80, 40, 40, 40, 20, 20, 20, 40, 20, 60, 40, 40, 60, 20, 60, 40, 60, 40, 60, 40, 60, 60, 40, 40, 60, 60, 40, 40, 60, 0, 60, 40, 40, 60, 20, 20, 60, 40, 40, 60, 40, 40, 60, 40, 40, 60, 20, 40, 40, 40, 3840]
[255, 40, 60, 20, 40, 40, 40, 40, 40, 80, 40, 60, 20, 40, 40, 40, 60, 0, 40, 40, 40, 40, 60, 40, 60, 60, 60, 40, 60, 40, 40, 60, 40, 60, 40, 60, 40, 60, 20, 60, 60, 40, 40, 40, 0, 40, 0, 40, 60, 40, 0, 80, 40, 40, 40, 20, 20, 20, 40, 20, 60, 40, 40, 60, 20, 60, 40, 60, 40, 60, 40, 60, 60, 40, 40, 60, 60, 40, 40, 60, 0, 60, 40, 40, 60, 20, 20, 60, 40, 40, 60, 40, 40, 60, 40, 40, 60, 20, 40, 40, 40, 3860]
[256, 40, 60, 20, 40, 40, 60, 40, 40, 80, 40, 60, 20, 40, 40, 40, 60, 0, 40, 40, 40, 40, 60, 40, 60, 60, 60, 40, 60, 40, 40, 60, 40, 60, 40, 60, 40, 60, 20, 60, 60, 40, 40, 40, 0, 40, 0, 40, 60, 40, 0, 80, 40, 40, 40, 20, 20, 20, 40, 20, 60, 40, 40, 60, 20, 60, 40, 60, 40, 60, 40, 60, 60, 40, 40, 60, 60, 40, 40, 60, 0, 60, 40, 40, 60, 20, 20, 60, 40, 40, 60, 40, 40, 60, 40, 40, 60, 20, 40, 40, 40, 3880]
[258, 40, 60, 20, 40, 40, 60, 40, 40, 80, 40, 60, 20, 40, 40, 40, 60, 0, 40, 40, 40, 40, 60, 40, 60, 60, 60, 40, 60, 40, 40, 60, 40, 60, 40, 60, 40, 60, 20, 60, 60, 40, 40, 40, 0, 40, 60, 40, 60, 40, 40, 80, 40, 40, 40, 20, 20, 20, 40, 20, 60, 40, 40, 60, 20, 60, 40, 60, 40, 60, 40, 60, 60, 40, 40, 60, 60, 40, 40, 60, 0, 60, 40, 40, 60, 20, 20, 60, 40, 40, 60, 40, 40, 60, 40, 40, 60, 20, 40, 40, 40, 3920]
[259, 40, 60, 20, 40, 40, 60, 40, 40, 80, 40, 60, 20, 40, 40, 40, 60, 0, 40, 40, 40, 40, 60, 40, 60, 60, 60, 40, 60, 40, 40, 60, 40, 60, 40, 60, 40, 60, 20, 60, 60, 40, 40, 40, 0, 40, 60, 40, 60, 40, 40, 80, 40, 40, 40, 20, 20, 20, 40, 20, 60, 40, 40, 60, 20, 60, 40, 60, 40, 60, 40, 60, 60, 40, 40, 60, 60, 40, 40, 60, 0, 60, 40, 40, 60, 20, 20, 60, 40, 40, 60, 40, 40, 60, 40, 40, 60, 20, 40, 60, 40, 3940]
[260, 40, 60, 20, 40, 40, 60, 40, 40, 80, 40, 60, 20, 40, 40, 40, 60, 0, 40, 40, 40, 40, 60, 40, 60, 60, 60, 40, 60, 40, 40, 60, 40, 60, 40, 60, 40, 60, 20, 60, 60, 40, 40, 40, 0, 40, 60, 40, 60, 40, 40, 80, 40, 40, 40, 20, 20, 20, 40, 20, 60, 40, 40, 60, 20, 60, 40, 60, 40, 60, 40, 60, 60, 40, 40, 60, 60, 40, 40, 60, 0, 60, 40, 40, 60, 20, 20, 60, 40, 40, 60, 40, 40, 60, 40, 40, 60, 60, 40, 60, 40, 3960]
[261, 40, 60, 20, 40, 40, 60, 40, 40, 80, 60, 60, 20, 40, 40, 40, 60, 0, 40, 40, 40, 40, 60, 40, 60, 60, 60, 40, 60, 40, 40, 60, 40, 60, 40, 60, 40, 60, 20, 60, 60, 60, 40, 40, 0, 40, 60, 40, 60, 40, 40, 80, 40, 40, 40, 20, 20, 20, 40, 20, 60, 40, 40, 60, 20, 60, 40, 60, 40, 60, 40, 60, 60, 60, 40, 60, 60, 40, 40, 60, 0, 60, 40, 40, 60, 20, 20, 60, 40, 40, 60, 40, 40, 60, 40, 40, 60, 60, 40, 60, 40, 4020]
[262, 40, 60, 20, 40, 40, 60, 40, 40, 80, 60, 60, 20, 40, 40, 40, 60, 40, 40, 40, 40, 40, 60, 40, 60, 60, 60, 40, 60, 60, 40, 60, 40, 60, 40, 60, 40, 60, 20, 80, 60, 60, 40, 40, 0, 40, 60, 40, 60, 40, 40, 80, 40, 40, 40, 20, 20, 20, 40, 20, 60, 40, 40, 60, 20, 60, 40, 60, 40, 60, 40, 60, 60, 60, 40, 60, 60, 40, 40, 60, 0, 60, 40, 40, 60, 20, 20, 60, 40, 40, 60, 40, 40, 60, 40, 40, 60, 60, 40, 60, 40, 4080]
[263, 40, 60, 20, 40, 40, 60, 40, 40, 80, 60, 60, 20, 40, 40, 40, 60, 40, 40, 40, 40, 40, 60, 40, 60, 60, 60, 40, 60, 60, 40, 60, 40, 60, 40, 60, 40, 60, 20, 80, 60, 60, 40, 40, 0, 40, 60, 40, 60, 40, 40, 80, 40, 40, 40, 20, 20, 20, 40, 20, 100, 40, 40, 60, 20, 60, 40, 60, 40, 60, 40, 60, 60, 60, 40, 60, 60, 40, 40, 60, 0, 60, 40, 40, 60, 20, 20, 60, 40, 40, 60, 40, 40, 60, 40, 40, 60, 60, 40, 60, 40, 4100]
[264, 40, 60, 20, 40, 40, 60, 40, 40, 80, 60, 60, 20, 40, 40, 40, 60, 40, 40, 40, 40, 40, 60, 40, 60, 60, 60, 40, 60, 60, 40, 60, 40, 60, 40, 60, 40, 60, 20, 80, 60, 60, 40, 60, 0, 40, 60, 40, 60, 40, 40, 80, 40, 40, 40, 20, 20, 20, 40, 20, 100, 40, 40, 60, 20, 60, 40, 60, 40, 60, 40, 60, 60, 60, 40, 60, 60, 40, 40, 60, 0, 60, 40, 40, 60, 20, 20, 60, 40, 40, 60, 40, 40, 60, 40, 40, 60, 60, 40, 60, 40, 4120]
[265, 40, 60, 20, 40, 40, 60, 40, 40, 80, 60, 60, 20, 60, 40, 40, 60, 40, 40, 40, 40, 40, 60, 40, 60, 60, 60, 40, 60, 60, 40, 60, 40, 60, 40, 60, 40, 60, 20, 80, 60, 60, 40, 60, 0, 40, 60, 40, 60, 40, 40, 80, 40, 40, 40, 20, 20, 20, 40, 20, 100, 40, 40, 60, 20, 60, 40, 60, 40, 60, 40, 60, 60, 60, 40, 60, 60, 40, 40, 60, 0, 60, 40, 40, 60, 20, 20, 60, 40, 40, 60, 40, 40, 60, 40, 40, 60, 60, 40, 60, 40, 4140]
[268, 40, 60, 20, 40, 40, 60, 40, 40, 80, 60, 60, 20, 60, 40, 40, 60, 40, 40, 40, 40, 40, 60, 40, 60, 60, 60, 40, 60, 60, 40, 60, 40, 60, 40, 60, 40, 60, 20, 80, 60, 60, 40, 60, 0, 40, 60, 40, 60, 40, 40, 80, 40, 40, 40, 20, 20, 20, 40, 20, 100, 40, 40, 60, 20, 60, 40, 60, 40, 60, 40, 60, 60, 60, 40, 60, 60, 40, 40, 60, 0, 60, 60, 40, 60, 20, 20, 60, 40, 40, 60, 40, 40, 60, 40, 40, 60, 60, 40, 60, 40, 4160]
[268, 40, 60, 20, 40, 40, 60, 40, 40, 80, 60, 60, 20, 60, 40, 40, 60, 40, 40, 40, 40, 40, 60, 40, 60, 60, 60, 40, 60, 60, 40, 60, 40, 60, 40, 60, 40, 60, 20, 80, 60, 60, 40, 60, 40, 40, 60, 40, 60, 40, 40, 80, 40, 40, 40, 20, 20, 20, 40, 20, 100, 40, 40, 60, 20, 60, 40, 60, 40, 60, 40, 60, 60, 60, 40, 60, 60, 40, 40, 60, 0, 60, 60, 40, 60, 20, 20, 60, 40, 40, 60, 40, 40, 60, 40, 40, 60, 60, 40, 60, 40, 4180]
[269, 40, 60, 20, 40, 40, 60, 40, 40, 80, 60, 60, 20, 60, 40, 40, 60, 40, 40, 40, 40, 40, 80, 40, 60, 60, 60, 60, 60, 60, 40, 60, 40, 60, 40, 60, 40, 60, 20, 80, 60, 60, 40, 60, 40, 40, 60, 40, 60, 40, 40, 80, 40, 40, 40, 20, 20, 20, 40, 20, 100, 40, 40, 60, 20, 60, 40, 60, 40, 60, 40, 60, 60, 60, 40, 60, 60, 40, 40, 60, 0, 60, 60, 40, 60, 20, 20, 60, 40, 40, 60, 40, 40, 60, 40, 40, 60, 60, 40, 60, 40, 4220]
[270, 40, 60, 20, 40, 40, 60, 40, 40, 80, 60, 60, 80, 60, 40, 40, 60, 40, 40, 40, 40, 40, 80, 40, 60, 60, 60, 60, 60, 60, 40, 60, 40, 60, 40, 60, 40, 60, 60, 80, 60, 60, 40, 60, 40, 40, 60, 40, 60, 40, 40, 80, 40, 40, 40, 20, 20, 20, 40, 20, 100, 40, 40, 60, 20, 60, 40, 60, 40, 60, 40, 60, 60, 60, 40, 60, 60, 40, 40, 60, 0, 60, 60, 40, 60, 20, 20, 60, 40, 40, 60, 40, 40, 60, 40, 40, 60, 60, 40, 60, 40, 4260]
[270, 40, 60, 20, 40, 40, 60, 40, 40, 80, 60, 60, 80, 60, 40, 40, 60, 40, 40, 40, 40, 40, 80, 40, 60, 60, 60, 60, 60, 60, 40, 60, 40, 60, 40, 60, 40, 60, 60, 80, 60, 60, 40, 60, 40, 40, 60, 40, 60, 40, 40, 80, 40, 40, 40, 20, 20, 20, 40, 20, 100, 40, 40, 60, 20, 60, 40, 60, 40, 60, 40, 60, 60, 60, 40, 60, 60, 40, 40, 60, 40, 60, 60, 40, 60, 20, 20, 60, 40, 40, 60, 40, 40, 60, 40, 40, 60, 60, 40, 60, 40, 4280]
[271, 40, 60, 20, 40, 40, 60, 40, 40, 80, 60, 60, 80, 60, 40, 40, 60, 40, 40, 40, 40, 40, 80, 40, 60, 60, 60, 60, 60, 60, 40, 60, 40, 60, 40, 60, 40, 60, 60, 80, 60, 60, 40, 60, 40, 40, 60, 40, 60, 40, 40, 80, 40, 40, 40, 20, 20, 20, 40, 20, 100, 40, 40, 60, 20, 60, 40, 60, 40, 60, 40, 60, 60, 60, 40, 60, 60, 40, 40, 60, 40, 60, 60, 40, 60, 20, 20, 60, 40, 40, 60, 40, 40, 60, 40, 60, 60, 60, 40, 60, 40, 4300]
[271, 40, 60, 20, 40, 40, 60, 40, 40, 80, 60, 60, 80, 60, 40, 40, 60, 40, 40, 40, 40, 40, 80, 40, 60, 60, 60, 60, 60, 60, 40, 60, 40, 60, 40, 60, 40, 60, 60, 80, 60, 60, 40, 60, 40, 40, 60, 40, 60, 40, 40, 80, 40, 40, 40, 20, 20, 20, 40, 20, 100, 40, 40, 60, 20, 60, 40, 60, 40, 60, 40, 60, 60, 60, 40, 60, 60, 40, 60, 60, 40, 60, 60, 40, 60, 20, 20, 60, 40, 40, 60, 40, 40, 60, 40, 60, 60, 60, 40, 60, 40, 4320]
[272, 40, 60, 20, 40, 40, 60, 40, 40, 80, 60, 60, 80, 60, 40, 40, 60, 40, 40, 40, 40, 40, 80, 40, 60, 60, 60, 60, 60, 60, 40, 60, 40, 60, 40, 60, 40, 60, 60, 80, 60, 60, 40, 60, 40, 40, 60, 40, 60, 40, 40, 80, 40, 40, 40, 20, 20, 20, 40, 20, 100, 40, 40, 60, 20, 60, 40, 60, 40, 60, 40, 60, 60, 60, 40, 60, 60, 40, 60, 60, 40, 60, 60, 40, 60, 20, 20, 60, 40, 40, 60, 60, 40, 60, 40, 60, 60, 60, 40, 60, 40, 4340]
[274, 40, 60, 20, 40, 60, 60, 40, 40, 80, 60, 60, 80, 60, 40, 40, 60, 40, 40, 40, 40, 40, 80, 40, 60, 60, 60, 60, 60, 60, 40, 60, 40, 60, 40, 60, 40, 60, 60, 80, 60, 60, 40, 60, 40, 40, 60, 40, 60, 40, 40, 80, 40, 40, 40, 20, 20, 20, 40, 20, 100, 40, 40, 60, 20, 60, 40, 60, 40, 60, 40, 60, 60, 60, 40, 60, 60, 40, 60, 60, 40, 60, 60, 40, 60, 20, 20, 60, 40, 40, 60, 60, 40, 60, 40, 60, 80, 60, 40, 60, 40, 4380]
[275, 40, 60, 20, 40, 60, 60, 40, 40, 80, 60, 60, 80, 60, 40, 40, 60, 40, 80, 40, 40, 40, 80, 40, 60, 60, 60, 60, 60, 60, 40, 60, 40, 60, 40, 60, 40, 60, 60, 80, 60, 60, 40, 60, 40, 40, 60, 40, 60, 40, 40, 80, 40, 40, 40, 20, 20, 20, 40, 20, 100, 40, 40, 60, 20, 60, 40, 60, 40, 60, 40, 60, 60, 60, 40, 60, 60, 40, 60, 60, 40, 60, 60, 40, 60, 20, 20, 60, 40, 40, 60, 60, 40, 80, 40, 60, 80, 60, 40, 60, 40, 4420]
[280, 40, 60, 20, 40, 60, 60, 40, 40, 80, 60, 60, 80, 60, 40, 40, 60, 40, 80, 40, 40, 40, 80, 40, 60, 60, 60, 60, 60, 60, 40, 60, 40, 60, 40, 60, 40, 60, 60, 80, 60, 60, 40, 60, 40, 40, 60, 40, 60, 40, 40, 80, 40, 40, 40, 40, 20, 20, 40, 20, 100, 40, 40, 60, 20, 60, 40, 60, 40, 60, 40, 60, 60, 60, 40, 60, 60, 40, 60, 60, 40, 60, 60, 40, 60, 20, 20, 60, 40, 40, 60, 60, 40, 80, 40, 60, 80, 60, 40, 60, 40, 4440]
[280, 40, 60, 20, 40, 60, 60, 40, 40, 80, 60, 60, 80, 60, 40, 40, 60, 40, 80, 40, 40, 40, 80, 40, 60, 60, 60, 60, 60, 60, 40, 60, 40, 60, 40, 60, 40, 60, 60, 80, 60, 60, 40, 60, 40, 40, 60, 40, 60, 40, 40, 80, 40, 40, 40, 40, 20, 20, 40, 20, 100, 40, 40, 60, 20, 60, 40, 60, 40, 60, 60, 60, 60, 60, 40, 60, 60, 40, 60, 60, 40, 60, 60, 40, 60, 20, 20, 60, 40, 40, 60, 60, 40, 80, 40, 60, 80, 60, 40, 60, 40, 4460]
[284, 40, 60, 20, 40, 60, 60, 40, 40, 80, 60, 60, 80, 60, 40, 80, 60, 40, 80, 40, 40, 40, 80, 40, 60, 60, 60, 60, 60, 60, 40, 60, 40, 60, 40, 60, 40, 60, 60, 80, 60, 60, 40, 60, 40, 40, 60, 40, 60, 40, 40, 80, 40, 40, 40, 40, 20, 20, 40, 20, 100, 40, 40, 60, 20, 60, 40, 60, 40, 60, 60, 60, 60, 60, 40, 60, 60, 40, 60, 60, 40, 60, 60, 40, 60, 20, 20, 60, 40, 40, 60, 60, 40, 80, 40, 60, 80, 60, 40, 60, 40, 4480]
[285, 40, 60, 20, 40, 60, 60, 40, 40, 80, 60, 60, 80, 60, 40, 80, 60, 40, 80, 40, 40, 40, 80, 40, 60, 60, 60, 60, 60, 60, 40, 60, 40, 60, 40, 60, 40, 60, 60, 80, 60, 60, 40, 60, 40, 60, 60, 40, 60, 40, 40, 80, 40, 40, 40, 40, 20, 20, 40, 20, 100, 40, 40, 60, 20, 60, 40, 60, 40, 60, 60, 60, 60, 60, 40, 60, 60, 40, 60, 60, 40, 60, 60, 40, 60, 20, 20, 60, 40, 40, 80, 60, 40, 80, 40, 60, 80, 60, 40, 60, 40, 4520]
[287, 40, 60, 20, 40, 60, 60, 40, 40, 80, 60, 60, 80, 60, 40, 80, 60, 40, 80, 40, 40, 40, 80, 40, 60, 60, 60, 60, 60, 60, 40, 80, 40, 60, 40, 60, 40, 60, 60, 80, 60, 60, 40, 60, 40, 60, 60, 40, 60, 40, 40, 80, 40, 40, 40, 40, 20, 20, 40, 20, 100, 40, 40, 60, 20, 60, 40, 60, 40, 60, 60, 60, 60, 60, 40, 60, 60, 40, 60, 60, 40, 60, 60, 40, 60, 20, 20, 60, 40, 40, 80, 60, 40, 80, 40, 60, 80, 60, 40, 60, 40, 4540]
[289, 40, 60, 20, 40, 60, 60, 40, 40, 80, 60, 60, 80, 60, 40, 80, 60, 40, 80, 40, 40, 40, 80, 40, 60, 60, 60, 60, 60, 60, 40, 80, 40, 60, 40, 60, 40, 60, 60, 80, 60, 60, 40, 60, 40, 60, 60, 40, 60, 40, 40, 80, 40, 40, 40, 40, 20, 20, 40, 20, 100, 40, 40, 60, 20, 60, 40, 60, 40, 60, 60, 60, 60, 60, 60, 60, 60, 40, 60, 60, 40, 60, 60, 40, 60, 20, 20, 60, 40, 40, 80, 60, 40, 80, 40, 60, 80, 60, 40, 60, 40, 4560]
[289, 40, 60, 20, 40, 60, 60, 40, 40, 80, 60, 60, 80, 60, 40, 80, 60, 40, 80, 40, 40, 40, 80, 40, 60, 60, 60, 60, 60, 60, 40, 80, 40, 60, 40, 60, 40, 60, 60, 80, 60, 60, 40, 60, 40, 60, 60, 40, 60, 40, 40, 100, 40, 40, 40, 40, 20, 20, 40, 20, 100, 40, 40, 60, 20, 60, 40, 60, 40, 60, 60, 60, 60, 60, 60, 60, 60, 40, 60, 60, 40, 60, 60, 40, 60, 20, 20, 60, 40, 40, 80, 60, 40, 80, 40, 60, 80, 60, 40, 60, 40, 4580]
[290, 40, 60, 20, 40, 60, 60, 40, 40, 80, 60, 60, 80, 60, 40, 80, 60, 40, 80, 40, 40, 40, 80, 40, 60, 60, 60, 60, 60, 60, 40, 80, 40, 60, 40, 60, 40, 60, 60, 80, 60, 60, 40, 60, 40, 60, 60, 40, 60, 40, 40, 100, 40, 40, 40, 40, 20, 20, 60, 20, 100, 40, 40, 60, 20, 60, 40, 60, 40, 60, 60, 60, 60, 60, 60, 60, 60, 40, 60, 60, 40, 60, 60, 40, 60, 20, 20, 60, 40, 40, 80, 60, 40, 80, 40, 60, 80, 60, 40, 60, 40, 4600]
[291, 60, 60, 20, 40, 60, 60, 40, 40, 80, 60, 60, 80, 60, 40, 80, 60, 40, 80, 40, 60, 40, 80, 40, 60, 60, 60, 60, 60, 60, 40, 80, 40, 60, 40, 60, 40, 60, 60, 80, 60, 60, 40, 60, 40, 60, 60, 40, 60, 40, 40, 100, 40, 40, 40, 40, 20, 20, 60, 20, 100, 40, 40, 60, 20, 60, 40, 60, 40, 60, 60, 60, 60, 60, 60, 60, 60, 40, 60, 60, 40, 60, 60, 40, 60, 20, 20, 60, 40, 40, 80, 60, 60, 80, 40, 60, 80, 60, 40, 60, 40, 4660]
[295, 60, 60, 20, 40, 60, 60, 40, 40, 80, 60, 60, 80, 60, 40, 80, 60, 40, 80, 40, 60, 40, 80, 40, 60, 60, 60, 60, 60, 60, 40, 80, 40, 60, 40, 80, 40, 60, 60, 80, 60, 60, 40, 60, 40, 60, 60, 40, 60, 40, 40, 100, 40, 40, 40, 40, 20, 20, 60, 20, 100, 40, 40, 60, 20, 60, 40, 60, 40, 60, 60, 60, 60, 60, 60, 60, 60, 40, 60, 60, 40, 60, 60, 40, 60, 20, 20, 60, 40, 40, 80, 60, 60, 80, 60, 60, 80, 60, 60, 60, 40, 4720]
[295, 60, 60, 20, 40, 60, 60, 40, 40, 80, 60, 60, 80, 60, 40, 80, 60, 40, 80, 40, 60, 40, 80, 40, 60, 60, 60, 60, 60, 60, 40, 80, 40, 60, 40, 80, 40, 60, 60, 80, 60, 60, 40, 60, 40, 60, 60, 40, 60, 40, 40, 100, 40, 40, 40, 40, 20, 20, 60, 20, 100, 40, 60, 60, 20, 60, 40, 60, 40, 60, 60, 60, 60, 60, 60, 60, 60, 40, 60, 60, 40, 60, 60, 40, 60, 20, 20, 60, 40, 40, 80, 60, 60, 80, 60, 60, 80, 60, 60, 60, 40, 4740]
[297, 60, 60, 20, 40, 60, 60, 40, 40, 80, 60, 60, 80, 60, 40, 80, 60, 40, 80, 60, 60, 40, 80, 40, 60, 60, 60, 60, 60, 60, 40, 80, 40, 60, 40, 80, 40, 60, 60, 80, 60, 60, 40, 60, 40, 60, 60, 60, 60, 40, 40, 100, 40, 40, 40, 40, 20, 20, 60, 20, 100, 40, 60, 60, 20, 60, 40, 60, 40, 60, 60, 60, 60, 60, 60, 60, 60, 40, 60, 60, 40, 60, 60, 40, 60, 20, 20, 60, 40, 40, 80, 60, 60, 80, 60, 60, 80, 60, 60, 60, 40, 4780]
[300, 60, 60, 20, 40, 60, 60, 40, 40, 80, 60, 60, 80, 60, 40, 80, 60, 40, 80, 60, 60, 40, 80, 40, 60, 60, 60, 60, 60, 60, 40, 80, 40, 60, 40, 80, 40, 60, 60, 80, 60, 60, 40, 60, 40, 60, 60, 60, 60, 40, 40, 100, 40, 40, 40, 40, 20, 20, 60, 20, 100, 40, 60, 60, 60, 60, 40, 60, 40, 60, 60, 60, 60, 60, 60, 60, 60, 40, 60, 60, 40, 60, 60, 40, 60, 20, 20, 60, 40, 40, 80, 60, 60, 80, 60, 60, 80, 60, 60, 60, 40, 4800]
[303, 60, 60, 60, 40, 60, 60, 40, 40, 80, 60, 60, 80, 60, 40, 80, 60, 40, 80, 60, 60, 40, 80, 40, 60, 60, 60, 60, 60, 60, 40, 80, 40, 60, 40, 80, 40, 60, 60, 80, 60, 60, 40, 60, 40, 60, 60, 60, 60, 40, 40, 100, 40, 40, 40, 40, 20, 20, 60, 20, 100, 40, 60, 60, 60, 60, 40, 60, 40, 60, 60, 60, 60, 60, 60, 60, 60, 40, 60, 60, 40, 60, 60, 40, 60, 20, 20, 60, 40, 40, 80, 60, 60, 80, 60, 60, 80, 60, 60, 60, 40, 4820]
[306, 60, 60, 60, 40, 60, 60, 40, 40, 80, 60, 60, 80, 60, 40, 80, 60, 40, 80, 60, 60, 40, 80, 40, 60, 60, 60, 60, 60, 80, 40, 80, 40, 80, 40, 80, 40, 60, 60, 80, 60, 60, 40, 60, 40, 60, 60, 60, 60, 40, 40, 100, 40, 40, 40, 40, 20, 20, 60, 20, 100, 40, 60, 60, 60, 60, 40, 60, 40, 60, 60, 60, 60, 60, 60, 60, 60, 40, 60, 60, 40, 60, 60, 40, 60, 20, 20, 60, 40, 40, 80, 60, 60, 80, 60, 60, 80, 60, 60, 60, 40, 4860]
[311, 60, 60, 60, 40, 60, 60, 40, 40, 80, 60, 60, 80, 60, 40, 80, 60, 40, 80, 60, 60, 40, 80, 40, 60, 60, 60, 60, 60, 80, 40, 80, 40, 80, 40, 80, 40, 60, 60, 80, 60, 60, 40, 60, 40, 60, 60, 60, 60, 40, 40, 100, 40, 40, 40, 40, 20, 20, 60, 60, 100, 40, 60, 60, 60, 60, 40, 60, 40, 60, 60, 60, 60, 60, 60, 60, 60, 40, 60, 60, 40, 60, 60, 40, 60, 20, 20, 60, 40, 40, 80, 60, 60, 80, 60, 60, 80, 60, 60, 60, 40, 4880]
[313, 60, 60, 60, 40, 60, 60, 40, 40, 80, 60, 60, 80, 60, 40, 80, 60, 40, 80, 60, 60, 40, 80, 60, 60, 60, 60, 60, 60, 80, 40, 80, 40, 80, 40, 80, 40, 60, 60, 80, 60, 60, 40, 60, 40, 60, 60, 60, 60, 40, 40, 100, 40, 40, 40, 40, 20, 20, 60, 60, 100, 40, 60, 60, 60, 60, 40, 60, 40, 60, 60, 60, 60, 60, 60, 60, 60, 40, 60, 60, 40, 60, 60, 40, 60, 20, 20, 60, 40, 40, 80, 60, 60, 80, 60, 60, 80, 60, 60, 60, 40, 4900]
[317, 60, 60, 60, 40, 60, 60, 40, 40, 80, 60, 60, 80, 60, 40, 80, 60, 40, 80, 60, 60, 40, 80, 60, 60, 60, 60, 60, 60, 80, 40, 80, 40, 80, 40, 80, 40, 60, 60, 80, 60, 60, 40, 60, 40, 60, 60, 60, 60, 40, 40, 100, 40, 60, 40, 40, 20, 20, 60, 60, 100, 40, 60, 60, 60, 60, 40, 60, 40, 60, 60, 60, 60, 60, 60, 60, 60, 40, 60, 60, 40, 60, 60, 40, 60, 20, 20, 60, 40, 40, 80, 60, 60, 80, 60, 60, 80, 60, 60, 60, 40, 4920]
[318, 60, 60, 60, 40, 60, 60, 40, 40, 80, 60, 60, 80, 60, 40, 80, 60, 40, 80, 60, 60, 40, 80, 60, 60, 60, 60, 60, 60, 80, 40, 80, 40, 80, 40, 80, 40, 60, 60, 80, 60, 60, 40, 60, 40, 60, 60, 60, 60, 40, 40, 100, 40, 60, 60, 40, 20, 20, 60, 60, 100, 40, 60, 60, 60, 60, 40, 60, 40, 60, 60, 60, 60, 60, 60, 60, 60, 40, 60, 60, 40, 60, 60, 40, 60, 20, 20, 60, 40, 40, 80, 60, 60, 80, 60, 60, 80, 60, 60, 60, 40, 4940]
[318, 60, 60, 60, 40, 60, 60, 40, 60, 80, 60, 60, 80, 60, 40, 80, 60, 40, 80, 60, 60, 40, 80, 60, 60, 60, 60, 60, 60, 80, 40, 80, 40, 80, 40, 80, 40, 60, 60, 80, 60, 60, 40, 60, 40, 60, 60, 60, 60, 40, 40, 100, 40, 60, 60, 40, 20, 20, 60, 60, 100, 40, 60, 60, 60, 60, 40, 60, 40, 60, 60, 60, 80, 60, 60, 60, 60, 40, 60, 60, 40, 60, 60, 40, 60, 20, 20, 60, 40, 40, 80, 60, 60, 80, 60, 60, 80, 60, 60, 60, 40, 4980]
[319, 60, 60, 60, 60, 60, 60, 40, 60, 80, 60, 60, 80, 60, 40, 80, 60, 40, 80, 60, 60, 40, 80, 60, 60, 60, 60, 60, 60, 80, 40, 80, 40, 80, 40, 80, 40, 60, 60, 80, 60, 60, 40, 60, 40, 60, 60, 60, 60, 40, 40, 100, 40, 60, 60, 40, 20, 20, 60, 60, 100, 40, 60, 60, 60, 60, 40, 60, 40, 60, 60, 60, 80, 60, 60, 60, 60, 40, 60, 60, 40, 60, 60, 40, 60, 20, 20, 60, 40, 40, 80, 60, 60, 80, 60, 60, 80, 60, 60, 60, 40, 5000]
[320, 60, 60, 60, 60, 60, 60, 40, 60, 80, 60, 60, 80, 60, 40, 80, 60, 40, 80, 60, 60, 40, 80, 60, 60, 60, 60, 60, 60, 80, 40, 80, 40, 80, 40, 80, 40, 60, 60, 80, 60, 60, 40, 60, 40, 60, 60, 60, 60, 40, 40, 100, 40, 60, 60, 40, 20, 20, 60, 60, 100, 40, 60, 60, 60, 60, 40, 60, 40, 60, 60, 60, 80, 60, 60, 60, 60, 40, 60, 60, 40, 60, 60, 40, 60, 20, 20, 80, 40, 40, 80, 60, 60, 80, 60, 60, 80, 60, 60, 60, 40, 5020]
[321, 60, 60, 60, 60, 60, 60, 40, 60, 80, 60, 60, 80, 60, 40, 80, 60, 40, 80, 60, 60, 40, 80, 60, 60, 60, 60, 60, 60, 80, 40, 80, 40, 80, 40, 80, 40, 60, 60, 80, 60, 60, 40, 60, 40, 60, 60, 60, 60, 40, 40, 100, 40, 60, 60, 40, 20, 20, 60, 60, 120, 40, 60, 60, 60, 60, 40, 60, 40, 60, 60, 60, 80, 60, 60, 60, 60, 40, 60, 60, 40, 60, 60, 40, 60, 20, 20, 80, 40, 40, 80, 60, 60, 80, 60, 60, 80, 60, 60, 60, 40, 5040]
[323, 60, 60, 60, 60, 60, 60, 40, 60, 80, 60, 80, 80, 60, 40, 80, 60, 40, 80, 60, 60, 40, 80, 60, 60, 60, 60, 60, 60, 80, 40, 80, 40, 80, 40, 80, 40, 60, 60, 80, 60, 60, 40, 60, 40, 60, 60, 60, 60, 40, 40, 100, 40, 60, 60, 40, 60, 20, 60, 60, 120, 40, 60, 60, 60, 60, 40, 60, 40, 60, 60, 60, 80, 60, 60, 60, 60, 40, 60, 60, 40, 60, 60, 40, 60, 20, 20, 80, 40, 40, 80, 60, 60, 80, 60, 60, 80, 60, 60, 60, 40, 5080]
[325, 60, 60, 60, 60, 60, 60, 40, 60, 80, 60, 80, 80, 60, 40, 80, 60, 40, 80, 60, 60, 40, 80, 60, 60, 60, 60, 60, 60, 80, 40, 80, 40, 80, 40, 80, 40, 60, 60, 80, 60, 80, 40, 60, 40, 60, 60, 60, 60, 40, 40, 100, 40, 60, 60, 40, 60, 20, 60, 60, 120, 40, 60, 60, 60, 60, 40, 60, 40, 60, 60, 60, 80, 60, 60, 60, 60, 40, 60, 60, 40, 60, 60, 40, 60, 20, 20, 80, 40, 40, 80, 60, 60, 80, 60, 60, 80, 60, 60, 60, 40, 5100]
[327, 60, 60, 60, 60, 60, 60, 40, 60, 80, 60, 80, 80, 60, 40, 80, 60, 40, 80, 60, 60, 40, 80, 60, 60, 60, 60, 60, 60, 80, 40, 80, 40, 80, 40, 80, 40, 60, 60, 80, 60, 80, 40, 60, 40, 60, 60, 60, 60, 40, 40, 100, 40, 60, 60, 40, 60, 20, 60, 60, 120, 40, 60, 60, 60, 60, 40, 60, 40, 60, 60, 60, 80, 80, 60, 60, 60, 40, 60, 60, 40, 60, 60, 40, 60, 20, 20, 80, 40, 40, 80, 60, 60, 80, 60, 60, 80, 60, 60, 60, 40, 5120]
[329, 60, 60, 60, 60, 60, 60, 40, 60, 80, 60, 80, 80, 80, 40, 80, 60, 40, 80, 60, 60, 40, 80, 60, 60, 60, 60, 60, 60, 80, 40, 80, 40, 80, 40, 80, 40, 60, 60, 80, 60, 80, 40, 60, 40, 60, 60, 60, 60, 40, 40, 100, 40, 60, 60, 40, 60, 20, 60, 60, 120, 40, 60, 60, 60, 60, 40, 60, 40, 60, 60, 60, 80, 80, 60, 60, 60, 40, 60, 60, 40, 60, 60, 40, 60, 20, 20, 80, 40, 40, 80, 60, 60, 80, 60, 60, 80, 60, 60, 60, 40, 5140]
[330, 60, 60, 60, 60, 60, 60, 40, 60, 80, 60, 80, 100, 80, 40, 80, 60, 40, 80, 60, 60, 40, 80, 60, 60, 60, 60, 60, 60, 80, 40, 80, 40, 80, 40, 80, 40, 60, 60, 80, 60, 80, 40, 60, 40, 60, 60, 60, 60, 40, 40, 100, 40, 60, 60, 40, 60, 20, 60, 60, 120, 40, 60, 60, 60, 60, 40, 60, 40, 60, 60, 60, 80, 80, 60, 60, 60, 40, 60, 60, 40, 60, 60, 40, 60, 20, 20, 80, 40, 40, 80, 60, 60, 80, 60, 60, 80, 60, 60, 60, 40, 5160]
[332, 60, 60, 60, 60, 60, 60, 40, 60, 80, 60, 80, 100, 80, 40, 80, 60, 40, 80, 60, 60, 40, 80, 60, 60, 60, 60, 60, 60, 80, 40, 80, 40, 80, 60, 80, 40, 60, 60, 100, 60, 80, 40, 60, 40, 60, 60, 60, 60, 40, 40, 100, 40, 60, 60, 40, 60, 20, 60, 60, 120, 40, 60, 60, 60, 60, 40, 60, 40, 60, 60, 60, 80, 80, 60, 60, 60, 60, 60, 60, 40, 60, 60, 40, 60, 20, 20, 80, 40, 40, 80, 60, 60, 80, 60, 60, 100, 60, 60, 60, 40, 5240]
[333, 60, 60, 60, 60, 60, 60, 40, 60, 80, 60, 80, 100, 80, 40, 80, 60, 40, 80, 60, 60, 40, 80, 60, 60, 60, 60, 60, 60, 80, 40, 80, 40, 80, 60, 80, 40, 60, 60, 100, 60, 80, 60, 60, 40, 60, 60, 60, 60, 40, 40, 100, 40, 60, 60, 40, 60, 20, 60, 60, 120, 40, 60, 60, 60, 60, 40, 60, 40, 60, 60, 60, 80, 80, 60, 60, 60, 60, 60, 60, 40, 60, 60, 40, 60, 20, 20, 80, 40, 40, 80, 60, 60, 80, 60, 60, 100, 60, 60, 60, 40, 5260]
[333, 60, 60, 60, 60, 60, 60, 40, 60, 80, 60, 80, 100, 80, 40, 80, 60, 40, 80, 60, 60, 40, 80, 60, 60, 60, 60, 60, 60, 80, 40, 80, 40, 80, 60, 80, 40, 60, 60, 100, 60, 80, 60, 60, 40, 60, 60, 60, 60, 60, 40, 100, 40, 60, 60, 40, 60, 20, 60, 60, 120, 40, 60, 60, 60, 60, 40, 60, 40, 60, 60, 60, 80, 80, 60, 60, 60, 60, 60, 60, 40, 60, 60, 40, 60, 20, 20, 80, 40, 40, 80, 60, 60, 80, 60, 60, 100, 60, 60, 60, 40, 5280]
[335, 60, 60, 60, 60, 60, 60, 40, 60, 80, 60, 80, 100, 80, 40, 80, 60, 40, 80, 60, 60, 40, 80, 60, 60, 60, 60, 60, 60, 80, 40, 80, 40, 80, 60, 80, 40, 60, 60, 100, 60, 80, 60, 60, 40, 60, 60, 60, 60, 60, 40, 100, 40, 60, 60, 40, 60, 20, 60, 60, 120, 40, 60, 60, 60, 60, 40, 60, 60, 60, 60, 60, 80, 80, 60, 60, 60, 60, 60, 60, 40, 60, 60, 40, 60, 20, 20, 80, 40, 60, 80, 60, 60, 80, 60, 60, 100, 60, 60, 60, 40, 5320]
[337, 60, 60, 60, 60, 60, 60, 40, 60, 80, 60, 80, 100, 80, 40, 80, 60, 40, 80, 60, 60, 40, 80, 60, 60, 60, 60, 60, 60, 80, 40, 80, 40, 80, 60, 80, 40, 60, 80, 100, 60, 80, 60, 60, 40, 60, 60, 60, 60, 60, 40, 100, 40, 60, 60, 40, 60, 60, 60, 60, 120, 40, 60, 60, 60, 60, 40, 60, 60, 60, 60, 80, 80, 80, 60, 60, 60, 60, 60, 60, 40, 60, 60, 40, 60, 20, 20, 80, 40, 60, 80, 60, 60, 80, 60, 60, 100, 60, 60, 60, 40, 5380]
[338, 60, 60, 60, 60, 60, 80, 40, 60, 80, 60, 80, 100, 80, 40, 80, 60, 40, 80, 60, 60, 40, 80, 60, 60, 60, 60, 60, 60, 80, 40, 80, 40, 80, 60, 80, 40, 60, 80, 100, 60, 80, 60, 60, 40, 60, 60, 60, 60, 60, 40, 100, 40, 60, 60, 40, 60, 60, 60, 60, 120, 40, 60, 60, 60, 60, 40, 60, 60, 100, 60, 80, 80, 80, 60, 60, 60, 60, 60, 60, 40, 60, 60, 40, 60, 20, 20, 80, 40, 60, 80, 60, 60, 80, 60, 60, 100, 60, 60, 60, 40, 5420]
[338, 60, 60, 60, 60, 60, 80, 40, 60, 80, 60, 80, 100, 80, 40, 80, 60, 40, 80, 60, 60, 40, 80, 60, 60, 60, 60, 60, 60, 80, 40, 80, 40, 80, 60, 80, 40, 60, 80, 100, 60, 80, 60, 60, 40, 60, 60, 60, 60, 60, 40, 100, 40, 60, 60, 40, 60, 60, 60, 60, 120, 40, 60, 60, 60, 60, 40, 60, 60, 100, 60, 80, 80, 80, 60, 60, 60, 60, 60, 60, 40, 60, 60, 40, 60, 60, 20, 80, 60, 60, 80, 60, 60, 80, 60, 60, 100, 60, 60, 60, 40, 5460]
[339, 60, 60, 60, 60, 60, 80, 40, 60, 80, 60, 80, 100, 80, 40, 80, 60, 40, 80, 60, 60, 40, 80, 60, 60, 60, 60, 60, 60, 80, 40, 80, 40, 80, 60, 80, 40, 60, 80, 100, 60, 80, 60, 60, 40, 60, 60, 60, 80, 60, 40, 100, 60, 60, 60, 40, 60, 60, 60, 60, 120, 40, 60, 60, 60, 60, 40, 60, 60, 100, 60, 80, 80, 80, 60, 60, 60, 60, 60, 60, 40, 60, 60, 40, 60, 60, 20, 80, 60, 60, 80, 60, 60, 80, 60, 60, 100, 60, 60, 60, 40, 5500]
[339, 60, 60, 60, 60, 60, 80, 40, 60, 80, 60, 80, 100, 80, 40, 80, 60, 40, 80, 60, 60, 40, 80, 60, 60, 60, 80, 60, 60, 80, 40, 80, 40, 80, 60, 80, 40, 60, 80, 100, 60, 80, 60, 60, 40, 60, 60, 60, 80, 60, 40, 100, 60, 60, 60, 40, 60, 60, 60, 60, 120, 40, 60, 60, 60, 60, 40, 60, 60, 100, 60, 80, 80, 80, 60, 60, 60, 60, 60, 60, 40, 60, 60, 40, 60, 60, 20, 80, 60, 60, 80, 60, 60, 80, 60, 60, 100, 60, 60, 60, 40, 5520]
[341, 60, 60, 60, 60, 60, 80, 40, 60, 80, 60, 80, 100, 80, 40, 80, 60, 40, 80, 60, 60, 40, 80, 60, 60, 60, 80, 60, 60, 80, 40, 80, 40, 80, 60, 80, 40, 80, 80, 100, 60, 80, 60, 60, 40, 60, 60, 60, 80, 60, 40, 100, 60, 60, 60, 40, 60, 60, 60, 60, 120, 40, 60, 60, 60, 60, 40, 60, 60, 100, 60, 80, 80, 80, 60, 60, 60, 60, 60, 60, 40, 60, 60, 40, 60, 60, 20, 80, 60, 60, 80, 60, 60, 80, 60, 60, 100, 60, 60, 60, 40, 5540]
[343, 60, 60, 60, 60, 60, 80, 40, 60, 80, 60, 80, 100, 80, 40, 80, 60, 40, 80, 60, 60, 40, 80, 60, 60, 60, 80, 60, 60, 80, 40, 80, 40, 80, 60, 80, 40, 80, 80, 100, 60, 80, 60, 60, 40, 60, 60, 60, 80, 60, 40, 100, 60, 60, 60, 40, 60, 60, 60, 60, 120, 40, 60, 60, 60, 60, 40, 60, 60, 100, 60, 80, 80, 80, 60, 60, 60, 60, 60, 60, 40, 60, 60, 40, 60, 60, 20, 80, 60, 60, 80, 60, 60, 100, 60, 60, 100, 60, 60, 60, 40, 5560]
[344, 60, 80, 60, 60, 60, 80, 40, 60, 80, 60, 80, 100, 80, 40, 80, 60, 40, 80, 60, 60, 40, 80, 60, 60, 60, 80, 60, 60, 80, 40, 80, 40, 80, 60, 80, 40, 80, 80, 100, 60, 80, 60, 60, 40, 60, 60, 60, 80, 60, 40, 100, 60, 60, 60, 40, 60, 60, 60, 60, 120, 40, 60, 60, 60, 60, 40, 60, 60, 100, 60, 80, 80, 80, 60, 80, 60, 60, 60, 60, 40, 60, 60, 40, 60, 60, 20, 80, 60, 60, 80, 60, 60, 100, 60, 60, 100, 60, 60, 60, 40, 5600]
[344, 60, 80, 60, 60, 60, 80, 40, 60, 80, 60, 80, 100, 80, 40, 80, 60, 40, 80, 60, 60, 40, 80, 60, 60, 60, 80, 60, 60, 80, 40, 80, 40, 80, 60, 80, 40, 80, 80, 100, 60, 80, 60, 60, 40, 60, 60, 60, 80, 60, 40, 120, 60, 60, 60, 40, 60, 60, 60, 60, 120, 40, 60, 60, 60, 60, 40, 60, 60, 100, 60, 80, 80, 80, 60, 80, 60, 60, 60, 60, 40, 60, 60, 40, 60, 60, 20, 80, 60, 60, 80, 60, 60, 100, 60, 60, 100, 60, 60, 60, 40, 5620]
