[48, 0, 0, 0, 0, 0, 0, 0, 0, 0, 0, 0, 0, 0, 0, 0, 0, 0, 0, 0, 0, 0, 0, 0, 0, 0, 0, 0, 0, 0, 0, 0, 0, 0, 0, 0, 0, 20, 0, 0, 0, 0, 0, 0, 0, 0, 0, 0, 0, 0, 0, 0, 0, 0, 0, 0, 0, 0, 0, 0, 0, 0, 0, 0, 0, 0, 0, 0, 0, 0, 0, 0, 0, 0, 0, 0, 0, 0, 0, 0, 0, 0, 0, 0, 0, 0, 0, 0, 0, 0, 0, 0, 0, 0, 0, 0, 0, 0, 0, 0, 0, 20]
[48, 0, 0, 0, 0, 0, 0, 0, 0, 0, 0, 0, 0, 0, 0, 0, 0, 0, 0, 0, 0, 0, 0, 0, 0, 0, 0, 0, 0, 0, 0, 0, 0, 0, 0, 0, 0, 20, 0, 0, 0, 0, 0, 0, 0, 0, 0, 0, 0, 0, 0, 0, 0, 0, 0, 0, 0, 0, 0, 0, 0, 0, 0, 0, 0, 0, 0, 0, 0, 0, 0, 0, 0, 0, 0, 0, 0, 0, 0, 20, 0, 0, 0, 0, 0, 0, 0, 0, 0, 0, 0, 0, 0, 0, 0, 0, 0, 0, 0, 0, 0, 40]
[49, 0, 0, 20, 0, 0, 0, 0, 0, 0, 0, 0, 0, 0, 0, 0, 0, 0, 0, 0, 0, 0, 0, 0, 0, 0, 0, 0, 0, 0, 0, 0, 0, 0, 0, 0, 0, 20, 0, 0, 0, 0, 0, 0, 0, 0, 0, 0, 0, 0, 0, 0, 0, 0, 0, 0, 0, 0, 0, 0, 0, 0, 0, 0, 0, 0, 0, 0, 0, 0, 0, 0, 0, 0, 0, 0, 0, 0, 0, 20, 0, 0, 0, 0, 0, 0, 0, 0, 0, 0, 0, 0, 0, 0, 0, 0, 0, 0, 0, 0, 0, 60]
[50, 0, 0, 20, 0, 0, 0, 0, 0, 0, 0, 0, 0, 0, 0, 0, 0, 0, 0, 0, 0, 0, 0, 0, 0, 20, 0, 0, 0, 0, 0, 0, 0, 0, 0, 0, 0, 20, 0, 0, 0, 0, 0, 0, 0, 0, 0, 0, 0, 0, 0, 0, 0, 0, 0, 0, 0, 0, 0, 0, 0, 0, 0, 0, 0, 0, 0, 0, 0, 0, 0, 0, 0, 0, 0, 0, 0, 0, 0, 20, 0, 0, 0, 0, 0, 0, 0, 0, 0, 0, 0, 0, 0, 0, 0, 0, 0, 0, 0, 0, 0, 80]
[52, 0, 0, 20, 0, 0, 0, 0, 0, 0, 0, 0, 0, 0, 0, 0, 0, 0, 0, 0, 0, 0, 0, 0, 0, 20, 0, 0, 0, 0, 0, 0, 0, 0, 0, 0, 0, 20, 0, 0, 0, 0, 0, 0, 0, 0, 0, 0, 0, 0, 0, 0, 0, 0, 0, 0, 0, 0, 0, 0, 0, 0, 0, 0, 0, 0, 0, 0, 0, 0, 0, 0, 0, 0, 0, 0, 0, 0, 0, 20, 0, 0, 0, 0, 0, 0, 0, 0, 0, 0, 0, 0, 20, 0, 0, 0, 0, 0, 0, 0, 0, 100]
[57, 0, 0, 20, 0, 0, 0, 0, 0, 0, 0, 0, 0, 0, 0, 0, 0, 0, 0, 0, 0, 0, 0, 0, 0, 20, 0, 0, 0, 0, 0, 0, 0, 0, 0, 0, 0, 20, 0, 0, 0, 0, 0, 0, 0, 0, 0, 0, 0, 0, 0, 0, 0, 0, 0, 0, 0, 0, 0, 0, 0, 0, 0, 0, 0, 0, 0, 0, 0, 0, 0, 0, 0, 0, 0, 0, 0, 0, 0, 20, 0, 20, 0, 0, 0, 0, 0, 0, 0, 0, 0, 0, 20, 0, 0, 0, 0, 0, 0, 0, 0, 120]
[58, 0, 0, 20, 0, 0, 0, 0, 0, 0, 0, 0, 0, 0, 0, 0, 0, 0, 0, 0, 0, 0, 0, 0, 0, 20, 0, 0, 0, 0, 0, 0, 0, 0, 0, 0, 0, 20, 0, 0, 0, 0, 0, 0, 0, 0, 0, 0, 0, 0, 0, 0, 0, 0, 0, 0, 0, 0, 0, 0, 20, 0, 0, 0, 0, 0, 0, 0, 0, 0, 0, 0, 0, 0, 0, 0, 0, 0, 0, 20, 0, 20, 0, 0, 0, 0, 0, 0, 0, 0, 0, 0, 20, 0, 0, 0, 0, 0, 0, 0, 0, 140]
[64, 0, 0, 20, 0, 0, 0, 0, 0, 0, 0, 0, 0, 0, 0, 0, 0, 0, 0, 0, 0, 0, 0, 0, 0, 20, 0, 0, 0, 0, 0, 0, 0, 0, 0, 0, 0, 20, 0, 0, 0, 0, 0, 0, 0, 0, 0, 0, 0, 0, 0, 20, 0, 0, 0, 0, 0, 0, 0, 0, 20, 0, 0, 0, 0, 0, 0, 0, 0, 0, 0, 0, 0, 0, 0, 0, 0, 0, 0, 20, 0, 20, 0, 0, 0, 0, 0, 0, 0, 0, 0, 0, 20, 0, 0, 0, 0, 0, 0, 0, 0, 160]
[66, 0, 0, 20, 0, 0, 0, 0, 0, 0, 0, 0, 20, 0, 0, 0, 0, 0, 0, 0, 0, 0, 0, 0, 0, 20, 0, 0, 0, 0, 0, 0, 0, 0, 0, 0, 0, 20, 0, 0, 0, 0, 0, 0, 0, 0, 0, 0, 0, 0, 0, 20, 0, 0, 0, 0, 0, 0, 0, 0, 20, 20, 0, 0, 0, 0, 0, 0, 0, 0, 0, 0, 0, 0, 0, 0, 0, 0, 0, 20, 0, 20, 0, 0, 0, 0, 0, 0, 0, 0, 0, 0, 20, 0, 0, 0, 0, 0, 0, 0, 0, 200]
[68, 0, 0, 20, 0, 0, 0, 0, 0, 0, 0, 0, 20, 0, 0, 0, 0, 0, 0, 0, 0, 20, 0, 0, 0, 20, 0, 0, 0, 0, 0, 0, 0, 0, 0, 0, 0, 20, 0, 0, 0, 0, 0, 0, 0, 0, 0, 0, 0, 0, 0, 20, 0, 0, 0, 0, 0, 0, 0, 0, 20, 20, 0, 0, 0, 0, 0, 0, 0, 0, 0, 0, 0, 0, 0, 0, 0, 0, 0, 20, 0, 20, 0, 0, 0, 0, 0, 0, 0, 0, 0, 0, 20, 0, 0, 0, 0, 0, 0, 0, 0, 220]
[70, 0, 0, 20, 0, 0, 0, 0, 0, 0, 0, 0, 20, 0, 0, 0, 0, 0, 0, 0, 0, 20, 0, 0, 0, 20, 0, 0, 20, 0, 0, 0, 0, 0, 0, 0, 0, 20, 0, 0, 0, 0, 0, 0, 0, 0, 0, 0, 0, 0, 0, 20, 0, 0, 0, 0, 0, 0, 0, 0, 20, 20, 0, 0, 0, 0, 0, 0, 20, 0, 0, 0, 0, 0, 0, 0, 0, 0, 0, 20, 0, 20, 0, 0, 0, 0, 0, 0, 0, 0, 0, 0, 20, 0, 0, 0, 0, 0, 0, 0, 0, 260]
[71, 0, 0, 20, 0, 0, 0, 0, 0, 0, 0, 0, 20, 0, 0, 0, 0, 0, 0, 0, 0, 20, 0, 0, 0, 20, 0, 0, 20, 0, 20, 0, 0, 0, 0, 0, 0, 20, 0, 0, 0, 0, 0, 0, 0, 0, 0, 0, 20, 0, 0, 20, 0, 0, 0, 0, 0, 0, 0, 0, 20, 20, 0, 0, 0, 0, 0, 0, 20, 0, 0, 0, 0, 0, 0, 0, 0, 0, 0, 20, 0, 20, 0, 0, 0, 0, 0, 0, 0, 0, 0, 0, 20, 0, 0, 0, 0, 0, 0, 0, 0, 300]
[72, 0, 0, 20, 0, 0, 0, 0, 0, 0, 0, 0, 20, 0, 0, 0, 0, 0, 0, 0, 0, 20, 0, 0, 0, 20, 0, 0, 20, 0, 20, 0, 0, 0, 0, 0, 0, 20, 0, 0, 0, 0, 0, 0, 0, 0, 0, 0, 20, 0, 0, 20, 0, 0, 0, 0, 0, 0, 0, 0, 20, 20, 0, 0, 0, 0, 0, 0, 20, 0, 0, 0, 0, 0, 0, 0, 0, 0, 20, 20, 0, 20, 0, 0, 0, 0, 0, 0, 0, 0, 0, 0, 20, 0, 0, 0, 0, 0, 0, 0, 0, 320]
[80, 0, 0, 20, 0, 0, 0, 0, 0, 0, 0, 0, 20, 0, 0, 0, 0, 0, 0, 0, 0, 20, 0, 0, 0, 20, 0, 0, 20, 0, 20, 0, 0, 0, 0, 0, 0, 20, 0, 0, 0, 0, 0, 0, 0, 0, 0, 0, 20, 0, 0, 20, 0, 0, 0, 0, 0, 0, 0, 0, 20, 20, 0, 0, 0, 0, 0, 0, 20, 20, 0, 0, 0, 0, 0, 0, 0, 0, 20, 20, 0, 20, 0, 0, 0, 0, 0, 0, 0, 0, 0, 0, 20, 0, 0, 0, 0, 0, 0, 0, 0, 340]
[81, 0, 0, 20, 0, 0, 0, 0, 0, 0, 0, 0, 20, 0, 0, 0, 0, 0, 0, 0, 0, 20, 0, 0, 0, 20, 0, 0, 20, 0, 20, 0, 0, 0, 20, 0, 0, 20, 0, 0, 0, 0, 0, 0, 0, 0, 0, 0, 20, 0, 0, 20, 0, 0, 0, 0, 0, 0, 0, 0, 20, 20, 0, 0, 0, 0, 0, 0, 20, 20, 0, 0, 0, 0, 0, 0, 0, 0, 20, 20, 0, 20, 0, 0, 20, 0, 0, 0, 0, 0, 0, 0, 20, 0, 0, 0, 0, 0, 0, 0, 0, 380]
[82, 0, 0, 20, 0, 0, 0, 0, 0, 0, 0, 0, 20, 0, 0, 0, 0, 0, 0, 0, 0, 20, 0, 0, 0, 20, 0, 0, 20, 0, 20, 0, 0, 0, 20, 0, 20, 20, 0, 0, 0, 0, 0, 0, 0, 0, 0, 0, 20, 0, 0, 20, 0, 0, 0, 0, 0, 0, 0, 0, 20, 20, 0, 0, 0, 0, 0, 0, 20, 20, 0, 0, 0, 0, 0, 0, 0, 0, 20, 20, 0, 20, 0, 0, 20, 0, 0, 0, 0, 0, 0, 0, 20, 0, 0, 0, 0, 0, 0, 0, 0, 400]
[83, 0, 0, 20, 0, 0, 0, 0, 0, 0, 0, 0, 20, 0, 0, 0, 0, 0, 0, 0, 0, 20, 0, 0, 0, 20, 0, 0, 20, 0, 20, 0, 0, 0, 20, 0, 20, 20, 0, 0, 0, 0, 0, 0, 0, 0, 0, 0, 20, 0, 20, 20, 0, 0, 0, 0, 0, 0, 0, 0, 20, 20, 0, 0, 0, 0, 0, 0, 20, 20, 0, 0, 0, 0, 0, 0, 0, 0, 20, 20, 0, 20, 0, 0, 20, 0, 0, 0, 0, 0, 0, 0, 20, 0, 0, 0, 0, 0, 0, 0, 0, 420]
[84, 0, 0, 20, 0, 0, 0, 0, 0, 20, 0, 0, 20, 0, 0, 0, 0, 20, 0, 0, 0, 20, 0, 0, 0, 20, 0, 0, 20, 0, 20, 0, 0, 0, 20, 0, 20, 20, 0, 0, 0, 0, 0, 0, 0, 0, 0, 0, 20, 0, 20, 20, 0, 0, 0, 0, 0, 0, 0, 0, 20, 20, 0, 0, 0, 0, 0, 0, 20, 20, 0, 0, 0, 20, 0, 0, 0, 0, 20, 20, 0, 20, 0, 0, 20, 0, 0, 0, 0, 0, 0, 0, 20, 0, 0, 0, 0, 0, 0, 0, 0, 480]
[86, 0, 0, 20, 0, 0, 0, 0, 0, 20, 0, 0, 20, 0, 20, 0, 0, 20, 0, 0, 0, 20, 0, 0, 0, 20, 0, 0, 20, 0, 20, 0, 0, 0, 20, 0, 20, 20, 0, 0, 0, 0, 0, 0, 0, 0, 0, 0, 20, 0, 20, 20, 0, 0, 0, 0, 0, 0, 0, 0, 20, 20, 0, 0, 0, 0, 0, 0, 20, 20, 0, 0, 0, 20, 0, 0, 0, 0, 20, 20, 0, 20, 0, 0, 20, 0, 0, 0, 0, 0, 0, 0, 20, 0, 0, 0, 0, 0, 0, 0, 0, 500]
[87, 0, 0, 20, 0, 0, 0, 0, 0, 20, 0, 0, 20, 0, 20, 0, 0, 20, 0, 0, 0, 20, 0, 20, 0, 20, 0, 0, 20, 0, 20, 0, 0, 0, 20, 0, 20, 20, 0, 0, 0, 0, 0, 0, 0, 0, 0, 0, 20, 0, 20, 20, 0, 0, 0, 0, 0, 0, 0, 0, 20, 20, 0, 0, 0, 0, 0, 0, 20, 20, 0, 0, 0, 20, 0, 0, 0, 0, 20, 20, 0, 20, 0, 0, 20, 0, 0, 0, 0, 0, 0, 0, 20, 0, 0, 0, 0, 0, 0, 0, 0, 520]
[87, 0, 0, 20, 0, 0, 0, 0, 0, 20, 0, 0, 20, 0, 20, 0, 0, 20, 0, 0, 0, 20, 20, 20, 0, 20, 0, 0, 20, 0, 20, 0, 0, 0, 20, 0, 20, 20, 0, 0, 0, 0, 0, 0, 0, 0, 0, 0, 20, 0, 20, 20, 0, 0, 0, 0, 0, 0, 0, 0, 20, 20, 0, 0, 0, 0, 0, 0, 20, 20, 0, 0, 0, 20, 0, 20, 0, 0, 20, 20, 0, 20, 0, 0, 20, 0, 0, 0, 0, 0, 0, 0, 20, 0, 0, 0, 0, 0, 0, 0, 0, 560]
[88, 0, 0, 20, 0, 0, 0, 0, 0, 20, 0, 0, 20, 0, 20, 0, 0, 20, 0, 0, 0, 20, 20, 20, 0, 20, 0, 0, 20, 0, 20, 0, 0, 0, 20, 0, 20, 20, 0, 0, 0, 0, 0, 0, 0, 0, 0, 0, 20, 0, 20, 20, 0, 20, 0, 0, 0, 0, 0, 0, 20, 20, 0, 0, 0, 0, 0, 0, 20, 20, 0, 0, 0, 20, 0, 20, 0, 0, 20, 20, 0, 20, 0, 0, 20, 0, 0, 0, 0, 0, 0, 0, 20, 0, 0, 0, 0, 0, 0, 0, 0, 580]
[89, 0, 0, 20, 0, 0, 0, 0, 0, 20, 0, 0, 20, 0, 20, 0, 0, 20, 0, 0, 0, 20, 20, 20, 0, 20, 0, 0, 20, 0, 20, 0, 0, 0, 20, 0, 20, 20, 0, 0, 0, 0, 0, 0, 0, 0, 0, 0, 20, 0, 20, 20, 0, 20, 0, 0, 0, 0, 0, 0, 20, 20, 0, 0, 0, 0, 0, 0, 20, 20, 0, 0, 0, 20, 0, 20, 0, 0, 20, 20, 0, 20, 0, 0, 20, 0, 20, 0, 0, 0, 0, 0, 20, 0, 0, 0, 0, 0, 0, 0, 0, 600]
[92, 0, 0, 20, 0, 20, 0, 0, 0, 20, 0, 0, 20, 0, 20, 0, 0, 20, 0, 0, 0, 20, 20, 20, 0, 20, 0, 0, 20, 0, 20, 0, 0, 0, 20, 0, 20, 20, 0, 0, 0, 0, 0, 0, 0, 0, 0, 0, 20, 0, 20, 20, 0, 20, 0, 0, 0, 0, 0, 0, 20, 20, 0, 0, 0, 0, 0, 0, 20, 20, 0, 0, 0, 20, 0, 20, 0, 0, 20, 20, 0, 20, 0, 0, 20, 0, 20, 0, 0, 0, 0, 0, 20, 0, 0, 0, 0, 0, 0, 0, 0, 620]
[93, 0, 0, 20, 0, 20, 0, 0, 0, 20, 0, 0, 20, 0, 20, 0, 0, 20, 20, 0, 0, 20, 20, 20, 0, 20, 0, 0, 20, 0, 20, 0, 0, 0, 20, 0, 20, 20, 0, 0, 0, 0, 0, 0, 0, 0, 0, 0, 20, 0, 20, 20, 0, 20, 0, 0, 0, 0, 0, 0, 20, 20, 0, 0, 0, 0, 0, 0, 20, 20, 0, 0, 0, 20, 0, 20, 0, 0, 20, 20, 0, 20, 0, 0, 20, 0, 20, 0, 0, 0, 0, 0, 20, 0, 0, 0, 0, 0, 0, 0, 0, 640]
[93, 0, 0, 20, 20, 20, 0, 0, 0, 20, 0, 0, 20, 0, 20, 0, 0, 20, 20, 0, 0, 20, 20, 20, 0, 20, 0, 0, 20, 0, 20, 0, 0, 0, 20, 0, 20, 20, 0, 0, 0, 0, 0, 0, 0, 0, 0, 0, 20, 0, 20, 20, 0, 20, 0, 0, 0, 0, 0, 0, 20, 20, 0, 0, 0, 0, 0, 0, 20, 20, 0, 0, 0, 20, 0, 20, 0, 0, 20, 20, 0, 20, 0, 0, 20, 0, 20, 0, 0, 0, 0, 0, 20, 0, 0, 0, 0, 0, 0, 0, 0, 660]
[95, 0, 0, 20, 20, 20, 0, 0, 0, 20, 0, 0, 20, 0, 20, 0, 0, 20, 20, 0, 0, 20, 20, 20, 0, 20, 0, 0, 20, 0, 20, 0, 0, 0, 20, 0, 20, 20, 0, 0, 0, 0, 0, 0, 0, 0, 0, 0, 20, 0, 20, 20, 0, 20, 0, 0, 0, 0, 0, 0, 20, 20, 20, 0, 0, 0, 0, 0, 20, 20, 0, 0, 0, 20, 0, 20, 0, 0, 20, 20, 0, 20, 0, 0, 20, 0, 20, 0, 0, 0, 0, 0, 20, 0, 0, 0, 0, 0, 0, 0, 0, 680]
[96, 0, 0, 20, 20, 20, 0, 0, 0, 20, 0, 0, 20, 0, 20, 0, 0, 20, 20, 0, 0, 20, 20, 20, 0, 20, 0, 0, 20, 0, 20, 0, 0, 0, 20, 0, 20, 20, 0, 0, 0, 0, 0, 0, 0, 0, 0, 0, 20, 0, 20, 20, 0, 20, 0, 0, 0, 0, 0, 0, 20, 20, 20, 0, 20, 0, 0, 0, 20, 20, 0, 0, 0, 20, 0, 20, 0, 0, 20, 20, 0, 20, 0, 0, 20, 0, 20, 0, 0, 0, 0, 0, 20, 0, 0, 0, 0, 0, 0, 0, 0, 700]
[96, 0, 0, 20, 20, 20, 20, 0, 0, 20, 0, 0, 20, 0, 20, 0, 0, 20, 20, 0, 0, 20, 20, 20, 0, 20, 20, 0, 20, 0, 20, 0, 0, 0, 20, 0, 20, 20, 0, 0, 0, 0, 0, 0, 0, 0, 0, 0, 20, 0, 20, 20, 0, 20, 0, 0, 0, 0, 0, 0, 20, 20, 20, 0, 20, 0, 0, 0, 20, 20, 0, 0, 0, 20, 0, 20, 0, 0, 20, 20, 0, 20, 0, 0, 20, 0, 20, 0, 0, 0, 0, 0, 20, 0, 0, 0, 0, 0, 0, 0, 0, 740]
[98, 0, 0, 20, 20, 20, 20, 0, 0, 20, 0, 0, 20, 0, 20, 0, 0, 20, 20, 0, 0, 20, 20, 20, 0, 20, 20, 0, 20, 0, 20, 0, 0, 0, 20, 0, 20, 20, 0, 0, 0, 0, 0, 0, 0, 0, 0, 0, 20, 0, 20, 20, 20, 20, 0, 0, 0, 0, 0, 0, 20, 20, 20, 0, 20, 0, 0, 0, 20, 20, 0, 0, 0, 20, 0, 20, 0, 0, 20, 20, 0, 20, 0, 0, 20, 0, 20, 0, 0, 0, 0, 0, 20, 0, 0, 0, 0, 0, 0, 0, 0, 760]
[98, 0, 0, 20, 20, 20, 20, 0, 0, 20, 0, 0, 20, 0, 20, 0, 0, 20, 20, 0, 0, 20, 20, 20, 0, 20, 20, 0, 20, 0, 20, 0, 20, 0, 20, 0, 20, 20, 0, 0, 0, 0, 0, 0, 0, 0, 0, 0, 20, 0, 20, 20, 20, 20, 0, 0, 0, 0, 0, 0, 20, 20, 20, 0, 20, 0, 0, 0, 20, 20, 0, 0, 0, 20, 0, 20, 0, 0, 20, 20, 0, 20, 0, 0, 20, 0, 20, 0, 0, 0, 0, 0, 20, 0, 0, 0, 0, 0, 0, 0, 0, 780]
[99, 0, 0, 20, 20, 20, 20, 0, 0, 20, 0, 0, 20, 0, 20, 0, 0, 20, 20, 0, 20, 20, 20, 20, 0, 20, 20, 0, 20, 0, 20, 0, 20, 0, 20, 0, 20, 20, 0, 0, 20, 0, 0, 0, 0, 0, 0, 0, 20, 0, 20, 20, 20, 20, 0, 0, 0, 0, 0, 0, 20, 20, 20, 0, 20, 0, 0, 0, 20, 20, 0, 0, 0, 20, 0, 20, 0, 0, 20, 20, 0, 20, 0, 0, 20, 0, 20, 0, 0, 0, 0, 0, 20, 0, 0, 0, 0, 0, 0, 0, 0, 820]
[101, 0, 0, 20, 20, 20, 20, 0, 0, 20, 0, 0, 20, 0, 20, 0, 0, 20, 20, 0, 20, 20, 20, 20, 0, 20, 20, 0, 20, 0, 20, 0, 20, 0, 20, 0, 20, 20, 0, 0, 20, 0, 0, 0, 0, 0, 0, 0, 20, 0, 20, 20, 20, 20, 0, 0, 0, 0, 0, 0, 20, 20, 20, 0, 20, 0, 0, 0, 20, 20, 0, 0, 0, 20, 0, 20, 0, 0, 20, 20, 0, 20, 0, 0, 20, 0, 20, 0, 0, 0, 0, 0, 20, 0, 0, 0, 0, 20, 0, 0, 0, 840]
[102, 0, 0, 20, 20, 20, 20, 0, 0, 20, 0, 0, 20, 0, 20, 0, 0, 20, 20, 0, 20, 20, 20, 20, 0, 20, 20, 0, 20, 0, 20, 0, 20, 0, 20, 0, 20, 20, 0, 0, 20, 0, 0, 0, 0, 0, 0, 0, 20, 0, 20, 20, 20, 20, 0, 20, 0, 0, 0, 0, 20, 20, 20, 0, 20, 0, 0, 0, 20, 20, 0, 0, 0, 20, 0, 20, 0, 0, 20, 20, 0, 20, 0, 0, 20, 0, 20, 0, 0, 0, 0, 0, 20, 0, 0, 0, 0, 20, 0, 0, 0, 860]
[102, 0, 0, 20, 20, 20, 20, 0, 0, 20, 0, 0, 20, 0, 20, 0, 0, 20, 20, 0, 20, 20, 20, 20, 0, 20, 20, 0, 20, 0, 20, 0, 20, 0, 20, 20, 20, 20, 0, 0, 20, 0, 0, 0, 0, 0, 0, 0, 20, 0, 20, 20, 20, 20, 0, 20, 0, 0, 0, 0, 20, 20, 20, 0, 20, 0, 0, 0, 20, 20, 0, 0, 0, 20, 0, 20, 0, 0, 20, 20, 0, 20, 0, 0, 20, 0, 20, 0, 0, 0, 0, 0, 20, 0, 0, 0, 0, 20, 0, 0, 0, 880]
[108, 0, 0, 20, 20, 20, 20, 0, 0, 20, 0, 0, 20, 0, 20, 0, 0, 20, 20, 0, 20, 20, 20, 20, 0, 20, 20, 0, 20, 0, 20, 0, 20, 0, 20, 20, 20, 20, 0, 0, 20, 0, 0, 0, 0, 0, 0, 0, 20, 0, 20, 20, 20, 20, 0, 20, 0, 0, 0, 0, 20, 20, 20, 0, 20, 0, 0, 0, 20, 20, 20, 0, 0, 20, 0, 20, 0, 0, 20, 20, 0, 20, 0, 0, 20, 0, 20, 0, 0, 0, 0, 0, 20, 0, 0, 0, 0, 20, 0, 0, 0, 900]
[109, 0, 0, 20, 20, 20, 20, 0, 0, 20, 0, 0, 20, 0, 20, 0, 0, 20, 20, 0, 20, 20, 20, 20, 0, 20, 20, 0, 20, 0, 20, 0, 20, 0, 20, 20, 20, 20, 0, 0, 20, 0, 0, 0, 0, 0, 0, 0, 20, 0, 20, 20, 20, 20, 0, 20, 0, 0, 0, 0, 20, 20, 20, 0, 20, 0, 0, 0, 20, 20, 20, 0, 0, 20, 0, 20, 0, 0, 20, 20, 0, 20, 0, 0, 20, 0, 20, 0, 0, 0, 0, 0, 20, 20, 0, 0, 0, 20, 0, 0, 0, 920]
[113, 0, 0, 20, 20, 20, 20, 0, 0, 20, 0, 0, 20, 0, 20, 0, 0, 20, 20, 0, 20, 20, 20, 20, 0, 20, 20, 0, 20, 0, 20, 0, 20, 0, 20, 20, 20, 20, 0, 0, 20, 0, 0, 0, 0, 0, 0, 0, 20, 0, 20, 20, 20, 20, 0, 20, 0, 0, 0, 0, 40, 20, 20, 0, 20, 0, 0, 0, 20, 20, 20, 0, 0, 20, 0, 20, 0, 0, 20, 20, 0, 20, 0, 0, 20, 0, 20, 0, 20, 0, 0, 0, 20, 20, 0, 0, 0, 20, 0, 0, 0, 960]
[114, 0, 0, 20, 20, 20, 20, 0, 0, 20, 0, 0, 20, 0, 20, 0, 0, 20, 20, 0, 20, 20, 20, 20, 0, 20, 20, 0, 20, 0, 20, 0, 20, 0, 20, 20, 20, 20, 0, 0, 20, 0, 0, 0, 0, 20, 0, 0, 20, 0, 20, 20, 20, 20, 0, 20, 0, 0, 0, 0, 40, 20, 20, 0, 20, 0, 0, 0, 20, 20, 20, 0, 0, 20, 0, 20, 0, 0, 20, 20, 0, 20, 0, 0, 20, 0, 20, 0, 20, 0, 0, 0, 20, 20, 0, 0, 0, 20, 0, 0, 0, 980]
[114, 0, 0, 20, 20, 20, 20, 0, 0, 20, 0, 0, 20, 0, 20, 0, 0, 20, 20, 0, 20, 20, 20, 20, 0, 40, 20, 0, 20, 0, 20, 0, 20, 0, 20, 20, 20, 20, 0, 0, 20, 0, 0, 0, 0, 20, 0, 0, 20, 0, 20, 20, 20, 20, 0, 20, 0, 0, 0, 0, 40, 20, 20, 0, 20, 0, 0, 0, 20, 20, 20, 0, 0, 20, 0, 20, 0, 0, 20, 20, 0, 20, 0, 0, 20, 0, 20, 0, 20, 0, 0, 0, 20, 20, 0, 0, 0, 20, 0, 0, 0, 1000]
[117, 0, 0, 20, 20, 20, 20, 0, 0, 20, 0, 0, 20, 0, 20, 0, 0, 20, 20, 0, 20, 20, 20, 20, 0, 40, 20, 0, 20, 0, 20, 0, 20, 0, 20, 20, 20, 20, 0, 0, 20, 0, 0, 0, 0, 20, 0, 0, 20, 0, 20, 20, 20, 20, 0, 20, 0, 0, 0, 0, 40, 20, 20, 0, 20, 0, 20, 0, 20, 20, 20, 0, 0, 20, 0, 20, 0, 0, 20, 20, 0, 20, 0, 0, 20, 0, 20, 0, 20, 0, 0, 0, 20, 20, 0, 0, 0, 20, 0, 0, 0, 1020]
[120, 0, 0, 20, 20, 20, 20, 20, 0, 20, 0, 0, 20, 0, 20, 0, 0, 20, 20, 0, 20, 20, 20, 20, 0, 40, 20, 0, 20, 0, 20, 0, 20, 40, 20, 20, 20, 20, 0, 0, 20, 0, 0, 0, 0, 20, 0, 0, 20, 0, 20, 20, 20, 20, 0, 20, 0, 0, 0, 0, 40, 20, 20, 0, 20, 0, 20, 0, 20, 20, 20, 0, 0, 20, 0, 20, 0, 0, 20, 20, 0, 20, 0, 0, 20, 0, 20, 0, 20, 0, 0, 0, 20, 20, 0, 0, 0, 20, 0, 0, 0, 1060]
[122, 0, 0, 20, 20, 20, 20, 20, 0, 20, 0, 0, 20, 0, 20, 0, 0, 20, 20, 0, 20, 20, 20, 20, 0, 40, 20, 0, 20, 0, 20, 0, 20, 40, 20, 20, 20, 20, 0, 0, 20, 0, 0, 0, 0, 20, 0, 0, 20, 0, 20, 20, 20, 20, 0, 20, 0, 0, 0, 0, 40, 20, 20, 0, 20, 0, 20, 0, 20, 40, 20, 0, 0, 20, 0, 20, 0, 0, 20, 20, 0, 20, 0, 0, 20, 0, 20, 0, 20, 0, 0, 0, 20, 20, 0, 0, 0, 20, 0, 0, 0, 1080]
[123, 0, 0, 20, 20, 20, 20, 20, 0, 20, 0, 0, 20, 0, 20, 0, 0, 20, 20, 0, 20, 20, 20, 20, 0, 40, 20, 0, 20, 0, 20, 0, 20, 40, 20, 20, 20, 20, 0, 0, 20, 0, 0, 0, 0, 20, 0, 0, 20, 0, 20, 20, 20, 20, 0, 20, 0, 0, 0, 0, 40, 20, 20, 0, 20, 0, 20, 0, 40, 40, 20, 0, 0, 20, 0, 20, 0, 0, 20, 20, 0, 20, 0, 0, 20, 0, 20, 0, 20, 0, 0, 0, 20, 20, 0, 0, 0, 20, 0, 0, 0, 1100]
[125, 0, 0, 20, 20, 20, 20, 20, 0, 20, 0, 0, 20, 0, 20, 0, 0, 20, 20, 0, 20, 20, 20, 20, 0, 40, 20, 0, 20, 0, 20, 0, 20, 40, 20, 20, 20, 20, 0, 0, 20, 0, 0, 0, 0, 20, 0, 0, 20, 0, 20, 20, 20, 20, 0, 20, 0, 0, 0, 0, 40, 20, 20, 0, 20, 0, 20, 0, 40, 40, 20, 0, 0, 20, 0, 20, 0, 0, 20, 40, 0, 20, 0, 0, 20, 0, 20, 0, 20, 0, 0, 0, 20, 20, 0, 0, 0, 20, 0, 0, 0, 1120]
[126, 0, 0, 20, 20, 20, 20, 20, 0, 20, 0, 0, 20, 0, 20, 0, 0, 20, 20, 0, 20, 20, 20, 20, 0, 40, 20, 0, 20, 0, 20, 0, 20, 40, 20, 20, 20, 20, 0, 0, 20, 0, 0, 0, 0, 20, 0, 0, 20, 0, 20, 20, 20, 20, 0, 20, 0, 0, 0, 20, 40, 20, 20, 0, 20, 0, 20, 0, 40, 40, 20, 0, 0, 20, 0, 20, 0, 0, 20, 40, 0, 20, 0, 0, 20, 0, 20, 0, 20, 0, 0, 0, 20, 20, 0, 0, 0, 20, 0, 0, 0, 1140]
[128, 0, 0, 20, 20, 20, 20, 20, 0, 20, 0, 0, 20, 0, 20, 0, 0, 20, 20, 0, 20, 20, 20, 20, 0, 40, 20, 0, 20, 0, 20, 0, 20, 40, 20, 20, 20, 20, 0, 0, 20, 0, 0, 0, 0, 20, 0, 0, 20, 0, 20, 20, 20, 20, 0, 20, 0, 0, 0, 20, 40, 20, 20, 0, 20, 0, 20, 0, 40, 40, 20, 20, 0, 20, 0, 20, 0, 0, 20, 40, 0, 20, 0, 0, 20, 0, 20, 0, 20, 0, 0, 0, 20, 20, 0, 0, 0, 20, 0, 0, 0, 1160]
[129, 0, 0, 20, 20, 20, 20, 20, 0, 20, 0, 0, 20, 0, 20, 0, 0, 20, 20, 40, 20, 20, 20, 20, 0, 40, 20, 0, 20, 0, 20, 0, 20, 40, 20, 20, 20, 20, 0, 0, 20, 0, 0, 0, 0, 20, 0, 0, 20, 0, 20, 20, 20, 20, 0, 20, 0, 0, 0, 20, 40, 20, 20, 0, 20, 0, 20, 0, 40, 40, 20, 20, 0, 20, 0, 20, 0, 0, 20, 40, 0, 20, 0, 0, 20, 0, 20, 0, 20, 0, 0, 0, 20, 20, 0, 0, 0, 20, 0, 0, 0, 1180]
[130, 0, 0, 20, 20, 20, 20, 20, 0, 20, 0, 0, 20, 0, 20, 0, 0, 20, 20, 40, 20, 20, 20, 20, 0, 40, 20, 0, 20, 0, 20, 0, 20, 40, 20, 20, 20, 20, 0, 0, 20, 0, 0, 20, 0, 20, 0, 0, 20, 0, 20, 20, 20, 20, 0, 20, 0, 0, 0, 20, 40, 20, 20, 0, 20, 0, 20, 0, 40, 40, 20, 20, 0, 20, 0, 20, 0, 0, 20, 40, 0, 20, 0, 0, 20, 0, 20, 0, 20, 0, 0, 0, 20, 20, 0, 0, 0, 20, 0, 0, 0, 1200]
[131, 0, 0, 20, 20, 20, 20, 20, 0, 20, 0, 0, 20, 0, 20, 0, 0, 20, 20, 40, 20, 20, 20, 20, 0, 40, 20, 0, 20, 0, 20, 0, 20, 40, 20, 20, 20, 20, 0, 0, 20, 20, 0, 20, 0, 20, 0, 0, 20, 0, 20, 20, 20, 20, 0, 20, 0, 0, 0, 20, 40, 20, 20, 0, 20, 0, 20, 0, 40, 40, 20, 20, 0, 20, 0, 20, 0, 0, 20, 40, 0, 40, 0, 0, 20, 0, 20, 0, 20, 0, 0, 0, 20, 20, 0, 0, 0, 20, 0, 0, 0, 1240]
[131, 0, 0, 20, 20, 20, 20, 20, 0, 20, 0, 0, 20, 0, 20, 0, 0, 20, 20, 40, 20, 20, 20, 20, 0, 40, 20, 0, 20, 0, 20, 0, 20, 40, 20, 20, 20, 20, 0, 0, 20, 20, 0, 20, 0, 20, 0, 20, 20, 0, 20, 20, 20, 20, 0, 20, 0, 0, 0, 20, 40, 20, 20, 0, 20, 0, 20, 0, 40, 40, 20, 20, 0, 20, 0, 20, 0, 0, 20, 40, 0, 40, 0, 0, 20, 0, 20, 0, 20, 0, 0, 0, 20, 20, 0, 0, 0, 20, 0, 0, 0, 1260]
[132, 0, 0, 20, 20, 20, 20, 20, 0, 20, 0, 0, 20, 0, 20, 0, 0, 20, 20, 40, 20, 20, 20, 20, 0, 40, 20, 0, 20, 0, 20, 0, 20, 40, 20, 20, 20, 20, 0, 0, 20, 20, 0, 20, 0, 20, 0, 20, 20, 0, 20, 20, 20, 20, 20, 20, 0, 0, 0, 20, 40, 20, 20, 0, 20, 20, 20, 0, 40, 40, 20, 20, 20, 20, 0, 20, 0, 0, 20, 40, 0, 40, 0, 0, 20, 0, 20, 0, 20, 0, 0, 0, 20, 20, 0, 0, 0, 20, 0, 0, 0, 1320]
[132, 0, 0, 20, 20, 20, 20, 20, 0, 20, 0, 0, 20, 0, 20, 0, 0, 20, 20, 40, 20, 40, 20, 20, 0, 40, 20, 0, 20, 0, 20, 0, 20, 40, 20, 20, 20, 20, 20, 0, 20, 20, 0, 20, 0, 20, 0, 20, 20, 0, 20, 20, 20, 20, 20, 20, 0, 0, 0, 20, 40, 20, 20, 0, 20, 20, 20, 0, 40, 40, 20, 20, 20, 20, 0, 20, 0, 0, 20, 40, 0, 40, 0, 0, 20, 0, 20, 0, 20, 0, 0, 0, 20, 20, 0, 0, 0, 20, 0, 0, 0, 1360]
[135, 0, 0, 20, 20, 20, 20, 20, 0, 20, 0, 0, 20, 0, 20, 0, 0, 20, 20, 40, 20, 40, 20, 20, 0, 40, 20, 0, 20, 0, 20, 20, 20, 40, 20, 20, 20, 20, 20, 0, 20, 20, 0, 20, 0, 20, 0, 20, 20, 0, 20, 20, 20, 20, 20, 20, 0, 0, 0, 20, 40, 20, 20, 0, 20, 20, 20, 0, 40, 40, 20, 20, 20, 20, 0, 20, 0, 0, 20, 40, 0, 40, 0, 0, 20, 0, 20, 0, 20, 0, 0, 0, 20, 20, 0, 0, 0, 20, 0, 0, 0, 1380]
[137, 0, 0, 20, 20, 20, 20, 20, 0, 20, 0, 0, 20, 0, 20, 0, 0, 20, 20, 40, 20, 40, 20, 20, 0, 40, 20, 0, 20, 0, 20, 20, 20, 40, 20, 20, 20, 40, 20, 0, 20, 20, 40, 20, 0, 20, 0, 20, 20, 0, 20, 20, 20, 20, 20, 20, 0, 0, 0, 20, 40, 20, 20, 0, 20, 20, 20, 0, 40, 40, 20, 20, 20, 20, 0, 20, 0, 0, 20, 40, 0, 40, 0, 0, 20, 0, 20, 0, 20, 0, 0, 0, 20, 20, 0, 0, 0, 20, 0, 0, 0, 1420]
[137, 0, 0, 20, 20, 20, 20, 20, 0, 20, 0, 0, 20, 0, 20, 0, 0, 20, 20, 40, 20, 40, 20, 20, 0, 40, 20, 0, 20, 0, 20, 20, 20, 40, 20, 20, 20, 40, 20, 0, 20, 20, 40, 20, 0, 20, 0, 20, 20, 0, 20, 40, 20, 20, 20, 20, 0, 0, 0, 20, 40, 20, 20, 0, 20, 20, 20, 0, 40, 40, 20, 20, 20, 20, 0, 20, 0, 0, 20, 40, 0, 40, 0, 0, 20, 0, 20, 0, 20, 0, 0, 0, 20, 20, 0, 0, 40, 20, 0, 0, 0, 1460]
[139, 0, 0, 20, 20, 20, 20, 20, 0, 20, 0, 0, 20, 20, 20, 0, 0, 20, 20, 40, 20, 40, 20, 20, 0, 40, 20, 0, 20, 0, 20, 20, 20, 40, 20, 20, 20, 40, 20, 0, 20, 20, 40, 20, 0, 20, 0, 20, 20, 0, 20, 40, 20, 20, 20, 20, 0, 0, 0, 20, 40, 20, 20, 0, 20, 20, 20, 0, 40, 40, 20, 20, 20, 20, 0, 20, 0, 0, 20, 40, 0, 40, 0, 0, 20, 0, 20, 0, 20, 0, 0, 0, 20, 20, 0, 0, 40, 20, 0, 0, 0, 1480]
[142, 0, 0, 20, 20, 20, 20, 20, 0, 20, 0, 0, 20, 20, 20, 0, 0, 20, 20, 40, 20, 40, 20, 20, 0, 40, 20, 0, 20, 0, 20, 20, 20, 40, 20, 20, 20, 40, 20, 0, 20, 20, 40, 20, 0, 20, 0, 20, 20, 0, 20, 40, 20, 20, 20, 20, 0, 0, 0, 20, 40, 20, 20, 0, 20, 20, 20, 0, 40, 40, 20, 20, 20, 20, 0, 40, 0, 0, 20, 40, 0, 40, 0, 0, 20, 0, 20, 0, 20, 0, 0, 0, 20, 20, 0, 0, 40, 20, 0, 0, 0, 1500]
[143, 0, 0, 20, 20, 20, 20, 20, 0, 20, 0, 0, 20, 20, 20, 0, 0, 20, 20, 40, 20, 40, 20, 20, 0, 40, 20, 0, 20, 0, 20, 20, 20, 40, 20, 20, 20, 40, 20, 0, 20, 20, 40, 20, 0, 20, 0, 20, 20, 0, 20, 40, 20, 20, 20, 20, 0, 0, 0, 20, 40, 20, 20, 0, 20, 20, 20, 0, 40, 40, 20, 20, 20, 20, 0, 40, 0, 0, 20, 40, 0, 40, 0, 0, 20, 0, 20, 0, 20, 0, 0, 0, 40, 20, 0, 0, 40, 20, 0, 0, 0, 1520]
[147, 0, 0, 20, 20, 20, 20, 20, 0, 20, 0, 0, 20, 20, 20, 0, 0, 20, 20, 40, 20, 40, 20, 20, 0, 40, 20, 0, 20, 0, 20, 20, 20, 40, 20, 20, 20, 40, 20, 0, 20, 20, 40, 20, 0, 20, 0, 20, 20, 0, 20, 40, 20, 20, 20, 20, 0, 0, 0, 20, 40, 20, 20, 0, 20, 20, 20, 0, 40, 40, 20, 20, 20, 20, 0, 40, 0, 0, 20, 40, 0, 40, 0, 0, 20, 0, 20, 0, 20, 0, 0, 0, 40, 20, 0, 0, 40, 20, 0, 0, 20, 1540]
[149, 0, 0, 20, 20, 20, 20, 20, 0, 20, 0, 0, 20, 20, 20, 0, 0, 20, 40, 40, 20, 40, 20, 20, 0, 40, 20, 0, 20, 0, 20, 20, 20, 40, 20, 20, 20, 40, 20, 0, 20, 20, 40, 20, 0, 20, 0, 20, 20, 0, 20, 40, 20, 20, 20, 20, 0, 0, 0, 20, 40, 20, 20, 0, 20, 20, 20, 0, 40, 40, 20, 20, 20, 20, 0, 40, 0, 0, 20, 40, 0, 40, 0, 0, 20, 0, 20, 0, 20, 0, 0, 0, 40, 20, 0, 0, 40, 20, 0, 0, 20, 1560]
[149, 0, 0, 20, 20, 20, 20, 20, 0, 20, 0, 0, 20, 20, 20, 0, 0, 20, 40, 40, 20, 40, 20, 20, 0, 40, 20, 0, 20, 0, 20, 20, 20, 40, 20, 20, 20, 40, 20, 0, 20, 20, 40, 20, 0, 20, 0, 20, 20, 0, 20, 40, 20, 20, 20, 20, 0, 0, 0, 20, 40, 20, 20, 0, 20, 20, 20, 0, 40, 40, 20, 20, 20, 20, 0, 40, 0, 0, 20, 40, 0, 40, 0, 0, 20, 0, 20, 0, 20, 0, 20, 0, 40, 20, 0, 0, 40, 20, 0, 0, 20, 1580]
[154, 0, 0, 20, 20, 20, 20, 20, 0, 20, 0, 0, 20, 20, 20, 0, 0, 20, 40, 40, 20, 40, 20, 20, 0, 40, 20, 0, 20, 0, 20, 20, 20, 40, 20, 20, 20, 40, 20, 0, 20, 20, 40, 20, 0, 20, 0, 20, 20, 0, 20, 40, 20, 20, 20, 20, 0, 0, 0, 20, 40, 20, 20, 0, 20, 20, 20, 0, 40, 40, 20, 20, 20, 20, 0, 40, 0, 0, 20, 40, 0, 40, 0, 0, 20, 0, 20, 20, 20, 0, 20, 0, 40, 20, 0, 0, 40, 20, 0, 0, 20, 1600]
[154, 0, 0, 20, 20, 20, 20, 20, 0, 20, 0, 0, 20, 20, 20, 0, 0, 20, 40, 40, 20, 40, 20, 20, 0, 40, 20, 0, 20, 0, 20, 20, 20, 40, 20, 20, 20, 40, 20, 0, 20, 20, 40, 20, 0, 20, 0, 20, 20, 0, 20, 40, 20, 20, 20, 20, 0, 0, 0, 20, 40, 20, 20, 20, 20, 20, 20, 0, 40, 40, 20, 20, 20, 20, 0, 40, 0, 0, 20, 40, 0, 40, 0, 0, 20, 0, 20, 20, 20, 0, 20, 0, 40, 20, 0, 0, 40, 20, 0, 0, 20, 1620]
[155, 0, 0, 20, 20, 20, 20, 20, 0, 20, 0, 0, 40, 20, 20, 0, 0, 20, 40, 40, 20, 40, 20, 20, 0, 40, 20, 0, 20, 0, 20, 20, 20, 40, 20, 20, 20, 40, 20, 0, 20, 20, 40, 20, 0, 20, 0, 20, 20, 0, 20, 40, 20, 20, 20, 20, 0, 0, 0, 20, 40, 20, 20, 20, 20, 20, 20, 0, 40, 40, 20, 20, 20, 20, 0, 40, 0, 0, 20, 40, 0, 40, 0, 0, 20, 0, 20, 20, 20, 0, 20, 0, 40, 20, 20, 0, 40, 20, 0, 0, 20, 1660]
[157, 0, 0, 20, 20, 20, 20, 20, 0, 20, 0, 0, 40, 20, 20, 0, 0, 20, 40, 40, 20, 40, 20, 20, 0, 40, 20, 0, 20, 0, 20, 20, 20, 40, 20, 20, 20, 40, 20, 0, 20, 20, 40, 20, 0, 20, 0, 20, 20, 0, 20, 40, 20, 20, 20, 20, 0, 0, 0, 20, 40, 20, 20, 20, 20, 20, 20, 0, 40, 40, 20, 20, 20, 20, 0, 40, 0, 0, 20, 40, 0, 40, 0, 0, 40, 0, 20, 20, 20, 0, 20, 0, 40, 20, 20, 0, 40, 20, 0, 0, 20, 1680]
[158, 0, 0, 20, 20, 20, 20, 20, 0, 20, 0, 0, 40, 20, 20, 0, 0, 20, 40, 40, 20, 40, 20, 20, 0, 40, 20, 0, 20, 0, 20, 20, 20, 40, 20, 20, 20, 40, 20, 0, 20, 20, 40, 20, 0, 20, 0, 20, 20, 0, 20, 40, 20, 20, 20, 20, 0, 0, 0, 20, 60, 20, 20, 20, 20, 20, 20, 0, 40, 40, 20, 20, 20, 20, 0, 40, 0, 0, 20, 40, 0, 40, 0, 0, 40, 0, 20, 20, 20, 0, 20, 0, 40, 20, 20, 0, 40, 20, 0, 0, 20, 1700]
[159, 0, 0, 20, 20, 20, 20, 20, 0, 20, 0, 0, 40, 20, 20, 0, 20, 20, 40, 40, 20, 40, 20, 20, 0, 40, 20, 0, 20, 0, 20, 20, 20, 40, 20, 20, 20, 40, 20, 0, 20, 20, 40, 20, 0, 20, 0, 20, 20, 0, 20, 40, 20, 20, 20, 20, 0, 0, 0, 20, 60, 20, 20, 20, 20, 20, 20, 0, 40, 40, 20, 20, 20, 20, 0, 40, 0, 0, 20, 40, 0, 40, 0, 0, 40, 0, 20, 20, 20, 0, 20, 0, 40, 20, 20, 0, 40, 20, 0, 0, 20, 1720]
[160, 0, 0, 20, 20, 20, 20, 20, 0, 20, 0, 0, 40, 20, 20, 0, 20, 20, 40, 40, 20, 40, 20, 20, 0, 40, 20, 0, 20, 0, 20, 20, 20, 40, 20, 20, 20, 40, 20, 0, 20, 20, 40, 20, 0, 20, 0, 20, 20, 0, 20, 40, 20, 20, 20, 20, 40, 0, 0, 20, 60, 20, 20, 20, 20, 20, 20, 0, 40, 40, 20, 20, 20, 20, 0, 40, 0, 0, 20, 40, 0, 40, 0, 0, 40, 0, 20, 20, 20, 0, 20, 0, 40, 20, 20, 0, 40, 20, 0, 0, 20, 1740]
[161, 0, 0, 20, 20, 20, 20, 20, 0, 20, 0, 0, 40, 20, 20, 0, 20, 20, 40, 40, 20, 40, 20, 20, 0, 40, 20, 0, 20, 0, 20, 20, 20, 40, 20, 20, 20, 40, 20, 0, 20, 20, 40, 20, 0, 20, 0, 20, 40, 0, 20, 40, 20, 20, 20, 20, 40, 0, 0, 20, 60, 20, 20, 20, 20, 20, 20, 0, 40, 40, 20, 20, 20, 20, 0, 40, 0, 0, 20, 40, 0, 40, 0, 0, 40, 0, 20, 20, 20, 0, 20, 0, 40, 20, 20, 0, 40, 20, 0, 0, 20, 1760]
[161, 0, 0, 20, 20, 20, 20, 20, 0, 40, 0, 0, 40, 20, 20, 0, 20, 20, 40, 40, 20, 40, 20, 20, 0, 40, 20, 0, 20, 0, 20, 20, 20, 40, 20, 20, 20, 40, 20, 0, 20, 20, 40, 20, 0, 20, 0, 20, 40, 0, 20, 40, 20, 20, 20, 20, 40, 0, 0, 20, 60, 20, 20, 20, 20, 20, 20, 0, 40, 40, 20, 20, 20, 20, 0, 40, 0, 0, 20, 40, 0, 40, 0, 0, 40, 0, 20, 20, 20, 0, 20, 0, 40, 20, 20, 0, 40, 20, 0, 0, 20, 1780]
[162, 0, 0, 20, 20, 20, 20, 20, 0, 40, 0, 0, 40, 20, 20, 0, 20, 20, 40, 40, 20, 40, 40, 20, 0, 40, 20, 0, 20, 0, 40, 20, 20, 40, 20, 20, 20, 40, 20, 0, 20, 20, 40, 20, 0, 20, 0, 20, 40, 0, 20, 40, 20, 20, 20, 20, 40, 0, 0, 20, 60, 20, 20, 20, 20, 20, 20, 0, 40, 40, 20, 20, 20, 20, 0, 40, 0, 0, 20, 40, 0, 40, 0, 0, 40, 0, 20, 20, 20, 0, 20, 0, 40, 20, 20, 0, 40, 20, 0, 0, 20, 1820]
[163, 0, 0, 20, 20, 20, 20, 20, 0, 40, 0, 0, 40, 20, 20, 0, 20, 20, 40, 40, 20, 40, 40, 20, 0, 40, 20, 0, 20, 0, 40, 20, 20, 40, 20, 20, 20, 40, 20, 0, 20, 20, 40, 20, 0, 20, 0, 20, 40, 0, 20, 40, 20, 20, 20, 20, 40, 0, 0, 20, 60, 20, 20, 20, 20, 20, 20, 0, 40, 40, 20, 20, 20, 20, 0, 40, 0, 0, 20, 40, 20, 40, 0, 0, 40, 0, 20, 20, 20, 0, 20, 0, 40, 20, 20, 0, 40, 20, 0, 0, 20, 1840]
[165, 0, 0, 20, 20, 20, 20, 20, 0, 40, 0, 0, 40, 20, 20, 0, 20, 20, 40, 40, 20, 40, 40, 20, 0, 40, 20, 0, 20, 0, 40, 20, 20, 40, 20, 20, 20, 40, 20, 0, 20, 20, 40, 20, 0, 20, 0, 20, 40, 0, 20, 40, 20, 20, 20, 20, 40, 20, 0, 20, 60, 20, 20, 20, 20, 20, 20, 0, 40, 40, 20, 20, 20, 20, 0, 40, 0, 0, 20, 40, 20, 40, 0, 0, 40, 0, 20, 20, 20, 0, 20, 0, 40, 20, 20, 0, 40, 20, 0, 0, 20, 1860]
[166, 0, 0, 20, 20, 20, 20, 20, 0, 40, 0, 0, 40, 20, 20, 0, 20, 20, 40, 40, 20, 40, 40, 20, 0, 40, 20, 0, 20, 0, 40, 20, 20, 40, 20, 20, 20, 40, 20, 0, 20, 20, 40, 20, 0, 20, 0, 20, 40, 0, 20, 40, 20, 20, 20, 20, 40, 20, 0, 20, 60, 20, 20, 20, 20, 20, 20, 0, 40, 40, 20, 20, 20, 20, 0, 40, 0, 0, 20, 40, 20, 40, 0, 0, 40, 0, 20, 20, 20, 20, 20, 0, 40, 20, 20, 0, 40, 20, 0, 0, 20, 1880]
[168, 0, 0, 20, 20, 20, 20, 20, 0, 40, 0, 0, 40, 20, 20, 0, 20, 20, 40, 40, 20, 40, 40, 20, 0, 40, 20, 0, 20, 0, 40, 20, 20, 40, 20, 20, 20, 40, 20, 0, 20, 20, 40, 20, 0, 20, 0, 20, 40, 0, 20, 40, 20, 20, 20, 20, 40, 20, 0, 20, 60, 20, 20, 20, 20, 20, 20, 0, 40, 40, 20, 20, 20, 20, 0, 40, 20, 0, 20, 40, 20, 40, 0, 0, 40, 0, 20, 20, 20, 20, 20, 0, 40, 20, 20, 0, 40, 20, 0, 0, 20, 1900]
[169, 0, 0, 20, 20, 20, 20, 20, 0, 40, 0, 0, 40, 20, 20, 0, 20, 20, 40, 40, 20, 40, 40, 20, 0, 40, 20, 0, 20, 0, 40, 20, 20, 40, 20, 20, 20, 40, 20, 0, 20, 20, 40, 20, 0, 20, 0, 20, 40, 0, 20, 40, 20, 20, 20, 20, 40, 20, 0, 20, 60, 20, 20, 20, 20, 20, 20, 0, 40, 40, 20, 20, 20, 20, 0, 40, 20, 0, 20, 40, 20, 40, 0, 0, 40, 0, 20, 20, 20, 20, 20, 20, 40, 20, 20, 0, 40, 20, 0, 0, 20, 1920]
[169, 0, 0, 20, 20, 20, 20, 20, 0, 40, 0, 0, 40, 20, 20, 0, 20, 20, 40, 40, 20, 40, 40, 20, 0, 40, 20, 0, 20, 0, 40, 20, 20, 40, 20, 20, 20, 40, 20, 0, 20, 20, 40, 20, 0, 20, 0, 20, 40, 0, 20, 40, 20, 40, 20, 20, 40, 20, 20, 20, 60, 20, 20, 20, 20, 20, 20, 0, 40, 40, 20, 20, 20, 20, 0, 40, 20, 0, 20, 40, 20, 40, 0, 0, 40, 0, 20, 20, 20, 20, 20, 20, 40, 20, 20, 0, 40, 20, 0, 0, 20, 1960]
[171, 0, 0, 20, 20, 20, 40, 20, 0, 40, 0, 0, 40, 20, 20, 0, 20, 20, 40, 40, 20, 40, 40, 20, 0, 40, 20, 0, 20, 0, 40, 20, 20, 40, 20, 20, 20, 40, 20, 0, 20, 20, 40, 20, 0, 20, 0, 20, 40, 0, 20, 40, 20, 40, 20, 20, 40, 20, 20, 20, 60, 20, 20, 20, 20, 20, 20, 0, 40, 40, 20, 20, 20, 20, 0, 40, 20, 0, 20, 40, 20, 40, 0, 0, 40, 0, 20, 20, 20, 20, 20, 20, 40, 20, 20, 0, 40, 20, 0, 0, 20, 1980]
[172, 0, 0, 60, 20, 20, 40, 20, 0, 40, 0, 0, 40, 20, 20, 0, 20, 20, 40, 40, 20, 40, 40, 20, 0, 40, 20, 0, 20, 0, 40, 20, 20, 40, 20, 20, 20, 40, 20, 0, 20, 20, 40, 20, 0, 20, 0, 20, 40, 0, 20, 40, 20, 40, 20, 20, 40, 20, 20, 20, 60, 20, 20, 20, 20, 20, 20, 0, 40, 40, 20, 20, 20, 20, 0, 40, 20, 0, 20, 40, 20, 40, 0, 0, 40, 0, 20, 20, 20, 20, 20, 20, 40, 20, 20, 0, 40, 20, 0, 0, 20, 2000]
[172, 0, 0, 60, 20, 20, 40, 20, 0, 40, 0, 0, 40, 20, 20, 0, 20, 20, 40, 40, 20, 40, 40, 20, 0, 40, 20, 0, 20, 0, 40, 20, 20, 40, 20, 20, 20, 40, 20, 0, 20, 20, 40, 20, 0, 20, 0, 20, 40, 0, 20, 40, 20, 40, 20, 20, 40, 20, 20, 20, 60, 20, 20, 20, 20, 20, 20, 0, 40, 40, 20, 20, 20, 40, 0, 40, 20, 0, 20, 40, 20, 40, 0, 0, 40, 0, 20, 20, 20, 20, 20, 20, 40, 20, 20, 0, 40, 20, 20, 0, 20, 2040]
[175, 0, 0, 60, 20, 20, 40, 20, 0, 40, 0, 0, 40, 20, 20, 0, 20, 20, 40, 40, 20, 40, 40, 20, 0, 40, 20, 0, 20, 0, 40, 20, 20, 40, 20, 20, 20, 40, 20, 0, 20, 20, 40, 20, 0, 20, 0, 20, 40, 20, 20, 40, 20, 40, 20, 20, 40, 20, 20, 20, 60, 20, 20, 20, 20, 20, 20, 0, 40, 40, 20, 20, 20, 40, 0, 40, 20, 0, 20, 40, 20, 40, 0, 0, 40, 0, 20, 20, 20, 20, 20, 20, 40, 20, 20, 0, 40, 20, 20, 0, 20, 2060]
[176, 0, 0, 60, 20, 20, 40, 20, 0, 40, 0, 0, 40, 20, 20, 0, 20, 20, 40, 40, 20, 40, 40, 20, 0, 40, 20, 0, 20, 0, 40, 20, 20, 40, 20, 20, 20, 40, 20, 0, 20, 20, 40, 20, 20, 20, 0, 20, 40, 20, 20, 40, 20, 40, 20, 20, 40, 20, 20, 20, 60, 20, 20, 20, 20, 20, 20, 0, 40, 40, 20, 20, 20, 40, 0, 40, 20, 0, 20, 40, 20, 40, 0, 0, 40, 0, 20, 20, 20, 20, 20, 20, 40, 20, 20, 0, 40, 20, 20, 0, 20, 2080]
[178, 0, 0, 60, 20, 20, 40, 20, 0, 40, 0, 0, 40, 20, 20, 20, 20, 20, 40, 40, 40, 40, 40, 20, 0, 40, 20, 0, 20, 0, 40, 20, 20, 40, 20, 20, 20, 40, 20, 0, 20, 20, 40, 20, 20, 20, 0, 20, 40, 20, 20, 40, 20, 40, 20, 20, 40, 20, 20, 20, 60, 20, 20, 20, 20, 20, 20, 0, 40, 40, 20, 20, 20, 40, 0, 40, 20, 20, 20, 40, 20, 40, 0, 0, 40, 0, 20, 20, 20, 20, 20, 20, 40, 20, 20, 0, 40, 20, 20, 0, 20, 2140]
[179, 0, 0, 60, 20, 20, 40, 20, 0, 40, 0, 0, 40, 20, 20, 20, 20, 20, 40, 40, 40, 40, 40, 20, 0, 40, 20, 0, 20, 0, 40, 20, 20, 40, 20, 20, 20, 40, 20, 0, 20, 20, 40, 20, 20, 20, 0, 20, 40, 20, 20, 40, 20, 40, 20, 20, 40, 20, 20, 20, 60, 40, 20, 20, 20, 20, 20, 0, 40, 40, 20, 20, 20, 40, 0, 40, 20, 20, 20, 40, 20, 40, 0, 0, 40, 0, 20, 20, 20, 20, 20, 20, 40, 20, 20, 0, 40, 20, 20, 0, 20, 2160]
[182, 0, 0, 60, 20, 20, 40, 20, 0, 40, 0, 0, 40, 20, 20, 20, 20, 20, 40, 40, 40, 40, 40, 20, 0, 40, 20, 0, 20, 0, 40, 20, 20, 40, 20, 20, 20, 40, 20, 0, 20, 20, 40, 20, 20, 20, 0, 20, 40, 20, 20, 40, 20, 40, 20, 20, 40, 20, 20, 20, 60, 40, 20, 20, 20, 20, 20, 0, 40, 40, 20, 20, 20, 40, 40, 40, 20, 20, 20, 40, 20, 40, 0, 0, 40, 0, 20, 20, 20, 20, 20, 20, 40, 20, 20, 0, 40, 20, 20, 0, 20, 2180]
[184, 0, 0, 60, 20, 20, 40, 20, 0, 40, 0, 0, 40, 20, 20, 20, 20, 20, 40, 40, 40, 40, 40, 20, 0, 40, 20, 0, 20, 0, 40, 20, 20, 40, 20, 20, 20, 40, 20, 0, 20, 20, 40, 20, 20, 20, 0, 20, 40, 20, 20, 40, 20, 40, 20, 20, 40, 20, 20, 20, 60, 40, 20, 20, 20, 20, 20, 0, 40, 40, 20, 20, 20, 40, 40, 40, 20, 20, 20, 40, 20, 40, 0, 0, 40, 20, 20, 20, 20, 20, 20, 20, 40, 20, 20, 0, 40, 20, 20, 0, 20, 2200]
[184, 20, 0, 60, 20, 20, 40, 20, 0, 40, 0, 0, 40, 20, 20, 20, 20, 20, 40, 40, 40, 40, 40, 20, 0, 40, 20, 0, 20, 0, 40, 20, 20, 40, 20, 20, 20, 40, 20, 0, 20, 20, 40, 20, 20, 20, 0, 20, 40, 20, 20, 40, 20, 40, 20, 20, 40, 20, 20, 20, 60, 40, 20, 20, 20, 20, 20, 0, 40, 40, 20, 20, 20, 40, 40, 40, 20, 20, 20, 40, 20, 40, 0, 0, 40, 20, 20, 20, 20, 20, 20, 20, 40, 20, 20, 0, 40, 20, 20, 0, 20, 2220]
[186, 20, 0, 60, 20, 20, 40, 20, 0, 40, 0, 0, 40, 20, 20, 20, 20, 20, 40, 40, 40, 40, 40, 40, 0, 40, 20, 0, 20, 0, 40, 20, 20, 40, 20, 20, 20, 40, 20, 0, 20, 20, 40, 20, 20, 40, 0, 20, 40, 20, 20, 40, 20, 40, 20, 20, 40, 20, 20, 20, 60, 40, 20, 20, 20, 20, 20, 0, 40, 40, 20, 20, 20, 40, 40, 40, 20, 20, 20, 40, 20, 40, 0, 0, 40, 20, 20, 20, 20, 20, 20, 20, 40, 20, 20, 0, 40, 20, 20, 0, 20, 2260]
[188, 20, 0, 60, 20, 20, 40, 20, 0, 40, 0, 0, 40, 20, 20, 20, 20, 20, 40, 40, 40, 40, 40, 40, 0, 40, 20, 0, 20, 0, 40, 20, 20, 40, 20, 20, 20, 40, 20, 0, 20, 20, 40, 20, 20, 40, 0, 20, 40, 20, 20, 40, 20, 40, 20, 20, 40, 20, 20, 20, 60, 40, 20, 20, 20, 20, 40, 0, 40, 40, 20, 20, 20, 40, 40, 40, 20, 20, 20, 40, 20, 40, 0, 0, 40, 20, 20, 20, 20, 20, 20, 20, 40, 20, 20, 0, 40, 20, 20, 0, 20, 2280]
[190, 20, 0, 60, 20, 20, 40, 20, 0, 40, 0, 0, 40, 20, 20, 20, 20, 20, 40, 40, 40, 40, 40, 40, 0, 40, 40, 0, 20, 0, 40, 20, 20, 40, 20, 20, 20, 40, 20, 0, 20, 20, 40, 20, 20, 40, 0, 20, 40, 20, 40, 40, 20, 40, 20, 20, 40, 20, 20, 20, 60, 40, 20, 20, 20, 20, 40, 0, 40, 40, 20, 20, 20, 40, 40, 40, 20, 20, 20, 40, 20, 40, 0, 0, 40, 20, 20, 20, 20, 20, 20, 20, 40, 20, 20, 0, 40, 20, 20, 0, 20, 2320]
[190, 20, 0, 60, 20, 20, 40, 20, 0, 40, 0, 0, 40, 20, 20, 20, 20, 20, 40, 40, 40, 40, 40, 40, 0, 40, 40, 0, 20, 0, 40, 20, 20, 40, 20, 20, 20, 40, 20, 0, 20, 20, 40, 20, 20, 40, 0, 20, 40, 20, 40, 40, 20, 40, 20, 20, 40, 20, 20, 20, 60, 40, 40, 20, 20, 20, 40, 0, 40, 60, 20, 20, 20, 40, 40, 40, 20, 20, 20, 40, 20, 40, 0, 0, 40, 20, 20, 20, 20, 20, 20, 20, 40, 20, 20, 0, 40, 20, 20, 20, 20, 2380]
[191, 20, 0, 60, 20, 20, 40, 20, 0, 40, 0, 0, 40, 20, 20, 20, 20, 20, 40, 40, 40, 40, 40, 40, 0, 40, 40, 0, 20, 0, 40, 20, 20, 40, 20, 20, 20, 40, 20, 0, 20, 20, 40, 20, 20, 40, 0, 20, 40, 20, 40, 40, 20, 40, 20, 20, 40, 20, 20, 20, 60, 40, 40, 20, 20, 20, 40, 40, 40, 60, 20, 20, 20, 40, 40, 40, 20, 20, 20, 40, 20, 40, 0, 0, 40, 20, 20, 20, 20, 20, 20, 20, 40, 20, 20, 0, 40, 20, 20, 20, 20, 2400]
[191, 20, 40, 60, 20, 20, 40, 20, 0, 40, 0, 0, 40, 20, 20, 20, 20, 20, 40, 40, 40, 40, 40, 40, 0, 40, 40, 0, 20, 0, 40, 20, 20, 40, 20, 20, 20, 40, 20, 0, 20, 20, 40, 20, 20, 40, 0, 20, 40, 20, 40, 40, 20, 40, 20, 20, 40, 20, 20, 20, 60, 40, 40, 20, 20, 20, 40, 40, 40, 60, 20, 20, 20, 40, 40, 40, 20, 20, 20, 40, 20, 40, 0, 0, 40, 20, 20, 20, 20, 20, 20, 20, 40, 20, 20, 0, 40, 20, 20, 20, 20, 2420]
[192, 20, 40, 60, 20, 20, 40, 20, 0, 40, 20, 0, 40, 20, 20, 20, 20, 20, 40, 40, 40, 40, 40, 40, 0, 40, 40, 0, 20, 0, 40, 20, 20, 40, 20, 20, 20, 40, 20, 0, 20, 20, 40, 20, 20, 40, 0, 20, 40, 20, 40, 40, 20, 40, 20, 20, 40, 20, 20, 20, 60, 40, 40, 20, 20, 20, 40, 40, 40, 60, 20, 20, 20, 40, 40, 40, 20, 20, 20, 40, 20, 40, 0, 0, 40, 20, 20, 20, 20, 20, 20, 20, 40, 20, 20, 0, 40, 20, 20, 20, 20, 2440]
[193, 20, 40, 60, 20, 20, 40, 20, 0, 40, 20, 0, 40, 20, 40, 20, 20, 20, 40, 40, 40, 40, 40, 40, 0, 40, 40, 0, 20, 0, 40, 20, 20, 40, 20, 20, 20, 40, 20, 0, 20, 20, 40, 20, 20, 40, 0, 20, 40, 20, 40, 40, 20, 40, 20, 20, 40, 20, 20, 20, 60, 40, 40, 20, 20, 20, 40, 40, 40, 60, 20, 20, 20, 40, 40, 40, 20, 20, 20, 40, 20, 40, 0, 0, 40, 20, 20, 20, 20, 20, 20, 20, 40, 20, 20, 0, 40, 20, 20, 20, 20, 2460]
