[36, 0, 0, 0, 0, 0, 0, 0, 0, 0, 0, 0, 0, 0, 0, 0, 0, 0, 0, 0, 0, 0, 0, 0, 0, 0, 0, 0, 0, 0, 0, 0, 0, 0, 0, 0, 0, 0, 0, 0, 0, 0, 0, 0, 0, 0, 0, 0, 0, 0, 0, 0, 0, 0, 0, 0, 0, 0, 0, 0, 0, 0, 0, 0, 0, 0, 0, 0, 0, 0, 0, 0, 0, 0, 0, 0, 0, 0, 0, 0, 0, 0, 0, 0, 0, 0, 0, 0, 0, 0, 20, 0, 0, 0, 0, 0, 0, 0, 0, 0, 0, 20]
[47, 0, 0, 0, 0, 0, 0, 0, 0, 0, 0, 0, 0, 0, 0, 0, 0, 0, 0, 0, 0, 0, 0, 0, 0, 20, 0, 0, 0, 0, 0, 0, 0, 0, 0, 0, 0, 0, 0, 0, 0, 0, 0, 0, 0, 0, 0, 0, 0, 0, 0, 0, 0, 0, 0, 0, 0, 0, 0, 0, 0, 0, 0, 0, 0, 0, 0, 0, 0, 0, 0, 0, 0, 0, 0, 0, 0, 0, 0, 0, 0, 0, 0, 0, 0, 0, 0, 0, 0, 0, 20, 0, 0, 0, 0, 0, 0, 0, 0, 0, 0, 40]
[51, 0, 0, 0, 0, 0, 0, 0, 0, 0, 0, 0, 20, 0, 0, 0, 0, 0, 0, 0, 0, 0, 0, 0, 0, 20, 0, 0, 0, 0, 0, 0, 0, 0, 0, 0, 0, 0, 0, 0, 0, 0, 0, 0, 0, 0, 0, 0, 0, 0, 0, 0, 0, 0, 0, 0, 0, 0, 0, 0, 0, 0, 0, 0, 0, 0, 0, 0, 0, 0, 0, 0, 0, 0, 0, 0, 0, 0, 0, 0, 0, 0, 0, 0, 0, 0, 0, 0, 0, 0, 20, 0, 0, 0, 0, 0, 0, 0, 0, 0, 0, 60]
[54, 0, 0, 0, 0, 0, 0, 0, 0, 0, 0, 0, 20, 0, 0, 0, 0, 0, 0, 0, 0, 0, 0, 0, 0, 20, 0, 0, 0, 0, 0, 0, 0, 0, 0, 0, 0, 0, 0, 0, 0, 0, 0, 0, 0, 0, 0, 0, 0, 0, 0, 0, 0, 0, 0, 0, 0, 0, 0, 0, 0, 0, 0, 0, 0, 0, 0, 0, 0, 0, 0, 0, 0, 0, 0, 0, 0, 0, 0, 0, 0, 0, 0, 0, 20, 0, 0, 0, 0, 0, 20, 0, 0, 0, 0, 0, 0, 0, 0, 0, 0, 80]
[56, 0, 0, 0, 0, 0, 0, 0, 0, 0, 0, 0, 20, 0, 0, 0, 0, 0, 0, 0, 0, 20, 0, 0, 0, 20, 0, 0, 0, 0, 0, 0, 0, 0, 0, 0, 0, 0, 0, 0, 0, 0, 0, 0, 0, 0, 0, 0, 0, 0, 0, 0, 0, 0, 0, 0, 0, 0, 0, 0, 0, 0, 0, 0, 0, 0, 0, 0, 0, 0, 0, 0, 0, 0, 0, 0, 0, 0, 0, 0, 0, 0, 0, 0, 20, 0, 0, 0, 0, 0, 20, 0, 0, 0, 0, 0, 0, 0, 0, 0, 0, 100]
[57, 0, 0, 0, 0, 0, 0, 0, 0, 0, 0, 0, 20, 0, 0, 0, 0, 0, 0, 0, 0, 20, 0, 0, 0, 20, 0, 0, 0, 0, 0, 0, 0, 0, 0, 0, 0, 0, 0, 0, 0, 0, 0, 0, 0, 0, 0, 0, 0, 0, 0, 0, 0, 0, 0, 0, 0, 0, 0, 0, 0, 0, 0, 0, 0, 0, 0, 0, 0, 0, 0, 0, 0, 0, 0, 0, 0, 0, 0, 0, 0, 0, 0, 0, 20, 0, 0, 0, 0, 0, 20, 0, 0, 0, 0, 0, 20, 0, 0, 0, 0, 120]
[61, 0, 0, 0, 0, 0, 0, 0, 0, 0, 0, 0, 20, 0, 0, 0, 0, 0, 20, 0, 0, 20, 0, 0, 0, 20, 0, 0, 0, 0, 0, 0, 0, 0, 0, 0, 0, 0, 0, 0, 0, 0, 0, 0, 0, 0, 0, 0, 0, 0, 0, 0, 0, 0, 0, 0, 0, 0, 0, 0, 0, 0, 0, 0, 0, 0, 0, 0, 0, 0, 0, 0, 0, 0, 0, 0, 0, 0, 0, 0, 0, 0, 0, 0, 20, 0, 0, 0, 0, 0, 20, 0, 0, 0, 0, 0, 20, 0, 0, 0, 0, 140]
[61, 0, 0, 0, 0, 0, 0, 0, 0, 0, 0, 0, 20, 0, 0, 0, 0, 0, 20, 0, 0, 20, 0, 0, 0, 20, 0, 0, 0, 0, 0, 0, 0, 0, 0, 0, 0, 0, 0, 0, 0, 0, 0, 0, 0, 0, 0, 0, 0, 0, 0, 0, 0, 0, 0, 0, 0, 0, 0, 0, 0, 0, 0, 0, 0, 0, 20, 0, 0, 0, 0, 0, 0, 0, 0, 0, 20, 0, 0, 0, 0, 0, 0, 0, 20, 0, 0, 0, 0, 0, 20, 0, 0, 0, 0, 0, 20, 0, 0, 0, 0, 180]
[65, 0, 0, 0, 0, 0, 0, 0, 0, 0, 0, 0, 20, 0, 0, 0, 0, 0, 20, 0, 0, 20, 0, 0, 0, 20, 0, 0, 0, 0, 0, 0, 0, 0, 0, 0, 0, 0, 0, 20, 0, 0, 0, 0, 0, 0, 0, 0, 0, 0, 0, 0, 0, 0, 0, 0, 0, 0, 0, 0, 0, 0, 0, 0, 0, 0, 20, 0, 0, 0, 0, 0, 0, 0, 0, 0, 20, 0, 0, 0, 0, 0, 0, 0, 20, 0, 0, 0, 0, 0, 20, 0, 0, 0, 0, 0, 20, 0, 0, 0, 0, 200]
[67, 0, 0, 0, 0, 0, 0, 0, 0, 0, 0, 0, 20, 0, 0, 0, 0, 0, 20, 0, 0, 20, 0, 0, 0, 20, 0, 0, 0, 0, 0, 0, 0, 0, 0, 0, 0, 0, 0, 20, 0, 0, 0, 0, 0, 0, 0, 0, 0, 0, 0, 0, 0, 0, 0, 0, 0, 0, 0, 0, 0, 0, 0, 0, 0, 0, 20, 0, 0, 0, 0, 0, 0, 0, 0, 20, 20, 0, 0, 0, 0, 0, 0, 0, 20, 0, 0, 0, 0, 0, 20, 0, 0, 0, 0, 0, 20, 0, 0, 0, 0, 220]
[67, 0, 0, 0, 0, 0, 0, 0, 0, 0, 0, 0, 20, 0, 0, 0, 0, 0, 20, 0, 0, 20, 0, 0, 0, 20, 0, 0, 0, 0, 0, 0, 0, 0, 0, 0, 0, 0, 0, 20, 0, 0, 0, 0, 0, 0, 0, 0, 0, 0, 0, 0, 0, 0, 0, 0, 0, 0, 20, 0, 0, 0, 0, 0, 0, 0, 20, 0, 0, 0, 0, 0, 0, 0, 0, 20, 20, 0, 0, 0, 0, 0, 0, 0, 20, 0, 0, 0, 0, 0, 20, 0, 0, 0, 0, 0, 20, 0, 0, 0, 0, 240]
[69, 0, 0, 0, 0, 0, 0, 0, 0, 0, 0, 0, 20, 0, 0, 0, 0, 0, 20, 0, 0, 20, 0, 0, 0, 20, 0, 0, 0, 0, 0, 0, 0, 0, 0, 0, 0, 0, 0, 20, 0, 0, 0, 0, 0, 0, 0, 0, 0, 0, 0, 0, 0, 0, 0, 0, 0, 0, 20, 0, 0, 0, 0, 0, 0, 20, 20, 0, 0, 0, 0, 0, 0, 0, 0, 20, 20, 0, 0, 0, 0, 0, 0, 0, 20, 0, 0, 0, 0, 0, 20, 0, 0, 0, 0, 0, 20, 0, 0, 0, 0, 260]
[69, 0, 0, 0, 0, 0, 0, 0, 0, 0, 0, 0, 20, 0, 0, 0, 0, 0, 20, 0, 0, 20, 0, 0, 0, 20, 0, 0, 0, 0, 0, 0, 0, 0, 0, 0, 0, 20, 0, 20, 0, 0, 0, 0, 0, 0, 0, 0, 0, 0, 0, 0, 0, 0, 0, 0, 0, 0, 20, 0, 0, 0, 0, 0, 0, 20, 20, 0, 0, 0, 0, 0, 0, 0, 0, 20, 20, 0, 0, 0, 0, 0, 0, 0, 20, 0, 0, 0, 0, 0, 20, 0, 0, 0, 0, 0, 20, 0, 0, 0, 0, 280]
[71, 0, 0, 0, 0, 0, 0, 0, 0, 0, 0, 0, 20, 0, 0, 0, 0, 0, 20, 0, 0, 20, 0, 0, 0, 20, 20, 0, 0, 0, 0, 0, 0, 0, 0, 0, 0, 20, 0, 20, 0, 0, 0, 0, 0, 0, 0, 0, 0, 0, 0, 0, 0, 0, 0, 0, 0, 0, 20, 0, 0, 0, 0, 0, 0, 20, 20, 0, 0, 0, 0, 0, 0, 0, 0, 20, 20, 0, 0, 0, 0, 0, 0, 0, 20, 0, 0, 0, 0, 0, 20, 0, 0, 0, 0, 0, 20, 0, 0, 0, 0, 300]
[72, 0, 0, 0, 0, 0, 0, 0, 0, 0, 0, 0, 20, 0, 0, 0, 0, 0, 20, 0, 0, 20, 0, 0, 20, 20, 20, 0, 0, 0, 0, 0, 0, 0, 0, 0, 0, 20, 0, 20, 0, 0, 0, 0, 0, 0, 0, 0, 0, 0, 0, 0, 0, 0, 0, 0, 0, 0, 20, 0, 0, 0, 0, 0, 0, 20, 20, 0, 0, 0, 0, 0, 0, 0, 0, 20, 20, 0, 0, 0, 0, 0, 0, 0, 20, 0, 0, 0, 0, 0, 20, 0, 0, 0, 0, 0, 20, 0, 0, 0, 0, 320]
[73, 0, 0, 0, 0, 0, 0, 0, 0, 0, 0, 0, 20, 0, 0, 0, 0, 0, 20, 0, 0, 20, 0, 0, 20, 20, 20, 0, 0, 0, 0, 0, 0, 0, 0, 0, 0, 20, 0, 20, 0, 0, 0, 0, 0, 0, 0, 0, 0, 0, 0, 0, 0, 0, 0, 0, 0, 0, 20, 0, 0, 0, 0, 0, 0, 20, 20, 0, 0, 0, 0, 0, 0, 0, 0, 20, 20, 0, 0, 0, 0, 0, 0, 20, 20, 0, 0, 0, 0, 0, 20, 0, 0, 0, 0, 0, 20, 0, 0, 0, 0, 340]
[75, 0, 0, 0, 0, 0, 0, 0, 0, 20, 0, 0, 20, 0, 0, 0, 0, 0, 20, 0, 0, 20, 0, 0, 20, 20, 20, 0, 0, 0, 0, 0, 0, 0, 0, 0, 0, 20, 0, 20, 0, 0, 0, 0, 0, 0, 0, 0, 0, 0, 0, 0, 0, 0, 0, 0, 0, 0, 20, 0, 0, 0, 0, 0, 0, 20, 20, 0, 0, 0, 0, 0, 0, 0, 0, 20, 20, 0, 0, 0, 0, 0, 0, 20, 20, 0, 0, 0, 0, 0, 20, 0, 0, 0, 0, 0, 20, 0, 0, 0, 0, 360]
[75, 0, 0, 0, 0, 0, 0, 0, 0, 20, 0, 0, 20, 0, 0, 0, 0, 0, 20, 0, 20, 20, 0, 0, 20, 20, 20, 0, 0, 0, 0, 20, 0, 0, 0, 0, 0, 20, 0, 20, 0, 0, 0, 0, 0, 0, 0, 0, 0, 0, 0, 0, 0, 0, 0, 0, 0, 0, 20, 0, 0, 0, 0, 0, 0, 20, 20, 0, 0, 0, 0, 0, 0, 0, 0, 20, 20, 0, 0, 0, 0, 20, 0, 20, 20, 0, 0, 0, 0, 0, 20, 0, 0, 0, 0, 0, 20, 0, 0, 0, 0, 420]
[78, 0, 0, 0, 0, 0, 0, 0, 0, 20, 0, 0, 20, 0, 0, 0, 0, 0, 20, 0, 20, 20, 0, 0, 20, 20, 20, 0, 0, 0, 0, 20, 0, 20, 0, 0, 0, 20, 20, 20, 0, 0, 0, 0, 0, 0, 0, 0, 0, 0, 0, 0, 0, 0, 0, 0, 0, 0, 20, 0, 0, 0, 0, 0, 0, 20, 20, 0, 0, 0, 0, 0, 0, 0, 0, 20, 20, 0, 0, 0, 0, 20, 0, 20, 20, 0, 0, 0, 0, 0, 20, 0, 0, 0, 0, 0, 20, 0, 0, 0, 0, 460]
[79, 0, 0, 0, 0, 0, 0, 20, 0, 20, 0, 0, 20, 0, 0, 0, 0, 0, 20, 0, 20, 20, 0, 0, 20, 20, 20, 0, 0, 0, 0, 20, 0, 20, 0, 0, 0, 20, 20, 20, 0, 0, 0, 0, 0, 0, 0, 0, 0, 0, 0, 0, 0, 0, 0, 0, 0, 0, 20, 0, 0, 0, 0, 0, 0, 20, 20, 0, 0, 0, 0, 0, 0, 0, 0, 20, 20, 0, 0, 0, 0, 20, 0, 20, 20, 0, 0, 0, 0, 0, 20, 0, 0, 0, 0, 0, 20, 0, 0, 0, 0, 480]
[81, 0, 0, 0, 0, 0, 0, 20, 0, 20, 20, 0, 20, 0, 0, 0, 0, 0, 20, 0, 20, 20, 0, 0, 20, 20, 20, 0, 0, 0, 0, 20, 0, 20, 0, 0, 0, 20, 20, 20, 0, 0, 0, 0, 0, 0, 0, 0, 0, 0, 0, 0, 0, 0, 0, 0, 0, 0, 20, 0, 0, 0, 0, 0, 0, 20, 20, 0, 0, 0, 0, 0, 0, 0, 0, 20, 20, 0, 0, 0, 0, 20, 0, 20, 20, 0, 0, 0, 0, 0, 20, 0, 0, 20, 0, 0, 20, 0, 0, 0, 0, 520]
[82, 0, 0, 0, 0, 0, 0, 20, 0, 20, 20, 0, 20, 0, 0, 0, 0, 0, 20, 0, 20, 20, 0, 0, 20, 20, 20, 0, 0, 0, 0, 20, 0, 20, 0, 0, 0, 20, 20, 20, 0, 0, 0, 0, 0, 0, 0, 0, 0, 0, 0, 0, 0, 0, 0, 0, 0, 0, 20, 0, 0, 20, 0, 0, 0, 20, 20, 0, 0, 0, 0, 0, 0, 0, 0, 20, 20, 0, 0, 0, 0, 20, 0, 20, 20, 0, 0, 0, 0, 0, 20, 0, 0, 20, 0, 0, 20, 0, 0, 0, 0, 540]
[83, 0, 0, 0, 0, 0, 0, 20, 0, 20, 20, 0, 20, 0, 0, 0, 0, 0, 20, 0, 20, 20, 0, 0, 20, 20, 20, 0, 0, 0, 0, 20, 0, 20, 0, 0, 0, 20, 20, 20, 0, 20, 0, 0, 0, 0, 0, 0, 0, 0, 0, 0, 0, 0, 0, 0, 0, 0, 20, 0, 0, 20, 0, 0, 0, 20, 20, 0, 0, 0, 0, 0, 0, 0, 0, 20, 20, 0, 0, 0, 0, 20, 0, 20, 20, 0, 0, 0, 0, 0, 20, 0, 0, 20, 0, 0, 20, 0, 0, 0, 0, 560]
[84, 0, 0, 0, 0, 0, 0, 20, 0, 20, 20, 0, 20, 0, 0, 0, 0, 0, 20, 0, 20, 20, 20, 0, 20, 20, 20, 0, 0, 0, 0, 20, 0, 20, 0, 0, 0, 20, 20, 20, 0, 20, 0, 0, 0, 0, 0, 0, 0, 0, 0, 0, 0, 0, 0, 0, 0, 0, 20, 0, 0, 20, 0, 0, 0, 20, 20, 0, 0, 0, 0, 0, 0, 0, 0, 20, 20, 0, 0, 0, 0, 20, 0, 20, 20, 0, 0, 0, 0, 0, 20, 0, 0, 20, 0, 0, 20, 0, 0, 0, 0, 580]
[84, 0, 0, 0, 0, 0, 0, 20, 0, 20, 20, 0, 20, 0, 0, 0, 0, 0, 20, 0, 20, 20, 20, 0, 20, 40, 20, 0, 0, 0, 0, 20, 0, 20, 0, 0, 0, 20, 20, 20, 0, 20, 0, 0, 0, 0, 0, 0, 0, 0, 0, 0, 0, 0, 0, 0, 0, 0, 20, 0, 0, 20, 0, 0, 0, 20, 20, 0, 0, 0, 0, 0, 0, 0, 0, 20, 20, 0, 0, 0, 0, 20, 0, 20, 20, 0, 0, 0, 0, 0, 20, 0, 0, 20, 0, 0, 20, 0, 0, 0, 0, 600]
[86, 0, 0, 0, 0, 0, 0, 20, 0, 20, 20, 0, 20, 0, 0, 0, 0, 0, 20, 0, 20, 20, 20, 0, 20, 40, 20, 0, 0, 0, 0, 20, 0, 20, 0, 0, 0, 20, 20, 20, 0, 20, 0, 0, 0, 0, 0, 0, 20, 0, 0, 0, 0, 0, 0, 0, 0, 0, 20, 0, 0, 20, 0, 0, 0, 20, 20, 0, 0, 0, 0, 0, 0, 0, 0, 20, 20, 0, 0, 0, 0, 20, 0, 20, 20, 0, 0, 0, 0, 0, 20, 0, 0, 20, 0, 0, 20, 0, 0, 0, 0, 620]
[89, 0, 0, 0, 0, 0, 0, 20, 0, 20, 20, 0, 20, 0, 0, 0, 0, 0, 20, 0, 20, 20, 20, 0, 20, 40, 20, 0, 0, 0, 0, 20, 0, 20, 0, 0, 0, 20, 20, 20, 0, 20, 0, 20, 0, 0, 0, 0, 20, 0, 0, 0, 0, 0, 0, 0, 0, 0, 20, 0, 0, 20, 0, 0, 0, 20, 20, 0, 0, 0, 0, 0, 0, 0, 0, 20, 20, 0, 0, 0, 0, 20, 0, 20, 20, 0, 0, 0, 0, 0, 20, 0, 0, 20, 0, 0, 20, 0, 0, 0, 0, 640]
[89, 0, 0, 0, 0, 0, 0, 20, 0, 20, 20, 0, 20, 0, 0, 0, 0, 0, 20, 0, 20, 20, 20, 0, 20, 40, 20, 0, 0, 0, 0, 20, 0, 20, 0, 0, 0, 20, 20, 20, 0, 20, 0, 20, 0, 0, 0, 0, 20, 0, 0, 0, 0, 0, 0, 0, 0, 0, 20, 0, 20, 20, 0, 0, 0, 20, 20, 0, 0, 0, 0, 0, 0, 0, 0, 20, 20, 0, 0, 0, 0, 20, 0, 20, 20, 0, 0, 0, 0, 0, 20, 0, 0, 20, 0, 0, 20, 0, 0, 20, 0, 680]
[90, 0, 0, 0, 0, 0, 0, 20, 0, 20, 20, 0, 20, 0, 0, 0, 0, 0, 20, 0, 20, 20, 20, 0, 20, 40, 20, 0, 0, 0, 0, 20, 0, 20, 0, 0, 0, 20, 20, 20, 0, 20, 0, 20, 0, 0, 0, 0, 20, 0, 0, 0, 0, 0, 0, 0, 0, 0, 20, 0, 20, 20, 0, 20, 0, 20, 20, 0, 0, 0, 0, 0, 0, 0, 0, 20, 20, 0, 0, 0, 0, 20, 0, 20, 20, 0, 0, 0, 0, 0, 20, 0, 0, 20, 0, 0, 20, 0, 0, 20, 0, 700]
[91, 0, 0, 0, 20, 0, 0, 20, 0, 20, 20, 0, 20, 0, 0, 0, 0, 0, 20, 0, 20, 20, 20, 0, 20, 40, 20, 0, 0, 0, 0, 20, 0, 20, 0, 0, 0, 20, 20, 20, 0, 20, 0, 20, 0, 0, 0, 0, 20, 0, 0, 0, 0, 0, 0, 0, 0, 0, 20, 0, 20, 20, 0, 20, 0, 20, 20, 0, 0, 0, 0, 0, 0, 20, 0, 20, 20, 0, 0, 0, 0, 20, 0, 20, 20, 0, 0, 0, 0, 0, 20, 0, 0, 20, 0, 0, 20, 0, 0, 20, 0, 740]
[92, 0, 0, 0, 20, 0, 0, 20, 0, 20, 20, 0, 20, 0, 0, 0, 0, 0, 20, 0, 20, 20, 20, 0, 20, 40, 20, 0, 0, 0, 0, 20, 0, 20, 0, 0, 0, 20, 20, 20, 0, 20, 0, 20, 0, 0, 0, 0, 20, 0, 0, 0, 0, 0, 0, 0, 0, 0, 20, 20, 20, 20, 0, 20, 0, 20, 20, 0, 0, 0, 0, 0, 0, 20, 0, 20, 20, 0, 0, 0, 0, 20, 0, 20, 20, 0, 0, 0, 0, 0, 20, 0, 0, 20, 0, 0, 20, 0, 0, 20, 0, 760]
[92, 0, 0, 0, 20, 0, 0, 20, 0, 20, 20, 0, 20, 0, 0, 0, 0, 0, 20, 0, 20, 20, 20, 0, 20, 40, 20, 0, 0, 0, 40, 20, 0, 20, 0, 0, 0, 20, 20, 20, 0, 20, 0, 20, 0, 0, 0, 0, 20, 0, 0, 0, 0, 0, 0, 0, 0, 0, 20, 20, 20, 20, 0, 20, 0, 20, 20, 0, 0, 0, 0, 0, 0, 20, 0, 20, 20, 0, 0, 0, 0, 20, 0, 20, 20, 0, 0, 0, 0, 0, 20, 0, 0, 20, 0, 0, 20, 0, 0, 20, 0, 780]
[95, 0, 0, 0, 20, 0, 0, 20, 0, 20, 20, 0, 20, 0, 0, 0, 0, 0, 20, 0, 20, 20, 20, 20, 20, 40, 20, 0, 0, 0, 40, 20, 0, 20, 0, 0, 0, 20, 20, 20, 0, 20, 0, 20, 0, 0, 0, 0, 20, 0, 0, 0, 0, 0, 0, 0, 20, 0, 20, 20, 20, 20, 0, 20, 0, 20, 20, 0, 0, 0, 0, 0, 0, 20, 0, 20, 20, 0, 0, 0, 0, 20, 0, 20, 20, 0, 0, 0, 0, 0, 20, 0, 20, 20, 0, 0, 20, 0, 0, 20, 0, 840]
[96, 0, 0, 0, 20, 0, 0, 20, 0, 20, 20, 0, 20, 0, 0, 0, 0, 0, 20, 0, 20, 20, 20, 20, 20, 40, 20, 0, 0, 0, 40, 20, 0, 20, 0, 0, 0, 20, 20, 20, 0, 20, 0, 20, 0, 0, 0, 0, 20, 0, 0, 0, 0, 0, 0, 0, 20, 0, 20, 20, 20, 20, 0, 20, 0, 20, 20, 0, 0, 0, 0, 0, 20, 20, 0, 20, 20, 0, 0, 0, 0, 20, 0, 20, 20, 0, 0, 0, 0, 0, 20, 0, 20, 20, 0, 0, 20, 0, 0, 20, 0, 860]
[97, 0, 0, 0, 20, 0, 0, 20, 0, 20, 20, 0, 20, 0, 0, 0, 0, 0, 20, 0, 20, 20, 20, 20, 20, 40, 20, 0, 0, 0, 40, 20, 0, 20, 0, 0, 0, 20, 20, 20, 0, 20, 0, 20, 0, 0, 0, 0, 20, 0, 0, 0, 0, 0, 0, 0, 20, 0, 20, 20, 20, 20, 0, 20, 0, 20, 20, 20, 0, 0, 0, 0, 20, 20, 0, 20, 20, 0, 0, 0, 0, 20, 0, 20, 20, 0, 0, 0, 0, 0, 20, 0, 20, 20, 0, 0, 20, 0, 0, 20, 0, 880]
[98, 0, 20, 0, 20, 0, 0, 20, 0, 20, 20, 0, 20, 0, 0, 0, 0, 0, 20, 0, 20, 20, 20, 20, 20, 40, 20, 0, 0, 0, 40, 20, 0, 20, 0, 0, 0, 20, 20, 20, 0, 20, 0, 20, 0, 0, 0, 0, 20, 0, 0, 0, 0, 0, 0, 0, 20, 0, 20, 20, 20, 20, 0, 20, 0, 20, 20, 20, 0, 0, 0, 0, 20, 20, 0, 20, 20, 0, 0, 0, 0, 20, 0, 20, 20, 0, 0, 0, 0, 0, 20, 0, 20, 20, 0, 0, 20, 0, 0, 20, 0, 900]
[99, 0, 20, 0, 20, 0, 0, 20, 0, 20, 20, 0, 20, 0, 0, 0, 0, 0, 20, 0, 20, 20, 20, 20, 20, 40, 20, 0, 0, 0, 40, 20, 0, 20, 0, 0, 0, 20, 20, 20, 0, 20, 0, 20, 0, 0, 0, 0, 20, 0, 0, 40, 0, 0, 0, 0, 20, 0, 20, 20, 20, 20, 0, 20, 0, 20, 20, 20, 0, 0, 0, 0, 20, 20, 0, 20, 20, 0, 0, 0, 0, 20, 0, 20, 20, 0, 0, 0, 0, 0, 20, 0, 20, 20, 0, 0, 20, 0, 0, 20, 0, 920]
[102, 0, 20, 0, 20, 0, 0, 20, 0, 20, 20, 0, 20, 0, 0, 0, 0, 0, 20, 0, 20, 20, 20, 20, 20, 40, 20, 0, 0, 0, 40, 20, 0, 20, 0, 0, 0, 20, 20, 20, 0, 20, 0, 20, 0, 0, 0, 0, 20, 0, 0, 40, 0, 0, 0, 0, 20, 0, 20, 20, 20, 20, 0, 20, 20, 20, 20, 20, 0, 0, 0, 0, 20, 20, 0, 20, 20, 0, 0, 0, 0, 20, 0, 20, 20, 0, 0, 0, 0, 0, 20, 0, 20, 20, 0, 0, 20, 0, 0, 20, 0, 940]
[102, 0, 20, 0, 20, 0, 0, 20, 0, 20, 20, 0, 20, 0, 0, 0, 0, 0, 20, 0, 20, 20, 20, 20, 20, 40, 20, 0, 0, 0, 40, 20, 0, 20, 0, 0, 0, 20, 20, 20, 0, 20, 0, 20, 0, 0, 0, 0, 20, 0, 0, 40, 0, 0, 0, 0, 20, 0, 20, 20, 20, 20, 0, 20, 20, 20, 20, 20, 0, 0, 0, 0, 20, 20, 0, 20, 20, 0, 0, 0, 0, 20, 0, 20, 20, 0, 0, 0, 0, 0, 40, 0, 20, 20, 0, 0, 20, 0, 0, 20, 0, 960]
[103, 0, 20, 0, 20, 0, 0, 20, 0, 20, 20, 0, 20, 0, 0, 0, 0, 0, 20, 0, 20, 20, 20, 20, 20, 40, 20, 0, 0, 0, 40, 20, 0, 20, 0, 0, 0, 20, 20, 20, 0, 20, 0, 20, 0, 0, 0, 0, 20, 0, 0, 40, 0, 0, 0, 0, 20, 0, 20, 20, 20, 20, 0, 20, 20, 20, 20, 20, 0, 20, 0, 0, 20, 20, 0, 20, 20, 0, 0, 0, 0, 20, 0, 20, 20, 0, 0, 0, 0, 0, 40, 0, 20, 20, 0, 0, 20, 0, 0, 20, 0, 980]
[104, 0, 20, 0, 20, 0, 0, 20, 0, 20, 20, 0, 20, 0, 0, 0, 0, 0, 20, 0, 20, 20, 20, 20, 20, 40, 20, 0, 0, 0, 40, 20, 0, 20, 0, 0, 0, 20, 20, 20, 0, 20, 0, 20, 0, 0, 0, 0, 20, 0, 0, 40, 0, 0, 0, 0, 20, 0, 20, 20, 20, 20, 0, 20, 20, 20, 20, 20, 0, 20, 0, 0, 20, 20, 0, 20, 20, 0, 0, 0, 0, 20, 0, 20, 20, 0, 0, 20, 0, 0, 40, 0, 20, 20, 0, 0, 20, 0, 0, 20, 0, 1000]
[107, 0, 20, 0, 20, 0, 0, 20, 20, 20, 20, 0, 20, 0, 0, 0, 0, 0, 20, 0, 20, 20, 20, 20, 20, 40, 20, 0, 0, 0, 40, 20, 0, 20, 0, 0, 0, 20, 20, 20, 0, 20, 0, 20, 0, 0, 0, 0, 20, 0, 0, 40, 0, 0, 0, 0, 20, 0, 20, 20, 20, 20, 0, 20, 20, 20, 20, 20, 0, 20, 0, 0, 20, 20, 0, 20, 20, 0, 0, 0, 0, 20, 0, 20, 20, 0, 0, 20, 0, 0, 40, 0, 20, 20, 0, 0, 20, 0, 0, 20, 0, 1020]
[107, 0, 20, 0, 20, 0, 0, 20, 20, 20, 20, 0, 40, 0, 0, 0, 0, 0, 20, 0, 20, 20, 20, 20, 20, 40, 20, 0, 0, 0, 40, 20, 0, 20, 0, 0, 0, 20, 20, 20, 0, 20, 0, 20, 0, 0, 0, 0, 20, 0, 0, 40, 0, 0, 0, 0, 20, 0, 20, 20, 20, 20, 0, 20, 20, 20, 20, 20, 0, 20, 0, 0, 20, 20, 0, 20, 20, 0, 0, 0, 0, 20, 0, 20, 20, 0, 0, 20, 0, 0, 40, 0, 20, 20, 0, 0, 20, 0, 0, 20, 0, 1040]
[110, 0, 20, 0, 20, 0, 0, 20, 20, 20, 20, 0, 40, 0, 0, 0, 0, 0, 20, 0, 20, 20, 20, 20, 20, 40, 20, 0, 0, 0, 40, 20, 0, 20, 0, 0, 0, 20, 20, 20, 0, 20, 0, 20, 0, 0, 0, 0, 20, 0, 0, 40, 0, 0, 0, 0, 20, 0, 20, 20, 20, 20, 0, 20, 20, 20, 20, 20, 0, 20, 0, 0, 20, 20, 0, 20, 20, 0, 20, 0, 0, 20, 0, 20, 20, 0, 0, 20, 0, 0, 40, 0, 20, 20, 0, 0, 20, 0, 0, 20, 0, 1060]
[110, 0, 20, 0, 20, 0, 0, 20, 20, 20, 20, 0, 40, 0, 0, 0, 0, 0, 20, 0, 20, 20, 20, 20, 20, 40, 20, 0, 0, 0, 40, 20, 0, 20, 0, 0, 0, 20, 20, 20, 0, 20, 0, 20, 0, 0, 0, 0, 20, 0, 0, 40, 0, 0, 0, 0, 20, 0, 20, 20, 20, 20, 0, 20, 20, 20, 20, 20, 0, 20, 0, 0, 20, 20, 0, 20, 20, 0, 20, 0, 0, 20, 20, 20, 20, 0, 0, 20, 0, 0, 40, 0, 20, 20, 0, 0, 20, 0, 0, 20, 0, 1080]
[111, 0, 20, 0, 20, 0, 0, 20, 20, 20, 20, 0, 40, 0, 0, 0, 0, 0, 20, 0, 20, 20, 20, 20, 20, 40, 20, 0, 0, 0, 40, 20, 0, 20, 0, 20, 0, 20, 20, 20, 0, 20, 0, 20, 0, 0, 0, 0, 20, 0, 0, 40, 0, 0, 0, 0, 20, 0, 20, 20, 20, 20, 0, 20, 20, 20, 20, 20, 0, 20, 0, 0, 20, 20, 0, 20, 20, 0, 20, 0, 0, 20, 20, 20, 20, 0, 0, 20, 0, 0, 40, 20, 20, 20, 0, 0, 20, 0, 0, 20, 0, 1120]
[111, 0, 20, 0, 20, 0, 0, 20, 20, 20, 20, 0, 40, 20, 0, 0, 0, 0, 20, 0, 20, 20, 20, 20, 20, 40, 20, 0, 0, 0, 40, 20, 0, 20, 0, 20, 0, 20, 20, 20, 0, 20, 0, 20, 0, 0, 0, 0, 20, 0, 0, 40, 0, 0, 0, 0, 20, 0, 20, 20, 20, 20, 0, 20, 20, 20, 20, 20, 0, 20, 0, 0, 20, 20, 0, 20, 20, 0, 20, 0, 0, 20, 20, 20, 20, 0, 0, 20, 0, 0, 40, 20, 20, 20, 0, 0, 20, 0, 0, 20, 0, 1140]
[112, 20, 20, 0, 20, 0, 0, 20, 20, 20, 20, 0, 40, 20, 0, 0, 0, 0, 20, 0, 20, 20, 20, 20, 20, 40, 20, 0, 0, 0, 40, 20, 0, 20, 0, 20, 0, 20, 20, 20, 0, 20, 0, 20, 0, 0, 0, 0, 20, 0, 0, 40, 0, 0, 0, 0, 20, 0, 20, 20, 20, 20, 0, 20, 20, 20, 20, 20, 0, 20, 20, 0, 20, 20, 0, 20, 20, 0, 20, 0, 0, 20, 20, 20, 20, 0, 0, 20, 0, 0, 40, 20, 20, 20, 0, 0, 20, 0, 20, 20, 0, 1200]
[113, 20, 20, 0, 20, 0, 0, 20, 20, 20, 20, 0, 40, 20, 0, 0, 0, 0, 20, 0, 20, 20, 20, 20, 20, 40, 20, 0, 20, 0, 40, 20, 20, 20, 0, 20, 0, 20, 20, 20, 0, 20, 0, 20, 0, 0, 0, 0, 20, 0, 0, 40, 0, 0, 0, 0, 20, 0, 20, 20, 20, 20, 0, 20, 20, 20, 20, 20, 0, 20, 20, 0, 20, 20, 0, 20, 20, 0, 20, 0, 0, 20, 20, 20, 20, 0, 0, 20, 0, 0, 40, 20, 20, 20, 0, 0, 20, 0, 20, 20, 0, 1240]
[114, 20, 20, 0, 20, 0, 0, 20, 20, 20, 20, 0, 40, 20, 0, 0, 0, 0, 20, 0, 20, 20, 20, 20, 20, 40, 20, 0, 20, 0, 40, 20, 20, 20, 0, 20, 0, 20, 20, 20, 0, 20, 0, 20, 0, 0, 0, 0, 20, 0, 0, 40, 0, 0, 0, 0, 20, 0, 20, 20, 20, 20, 0, 20, 20, 20, 20, 20, 0, 20, 20, 0, 20, 20, 20, 20, 20, 0, 20, 0, 0, 20, 20, 20, 20, 0, 0, 20, 0, 0, 40, 20, 20, 20, 0, 0, 20, 0, 20, 20, 0, 1260]
[114, 20, 20, 0, 20, 0, 0, 20, 20, 20, 20, 0, 40, 20, 0, 0, 0, 0, 20, 0, 20, 20, 20, 20, 20, 40, 20, 0, 20, 0, 40, 20, 20, 20, 0, 20, 0, 20, 20, 20, 0, 20, 0, 20, 0, 0, 0, 0, 20, 0, 0, 40, 0, 0, 0, 0, 20, 0, 20, 20, 20, 20, 0, 20, 20, 20, 20, 20, 0, 20, 20, 0, 20, 20, 20, 20, 20, 20, 20, 0, 0, 20, 20, 20, 20, 0, 0, 20, 0, 0, 40, 20, 20, 20, 0, 0, 20, 0, 20, 20, 0, 1280]
[115, 20, 20, 0, 20, 0, 0, 20, 20, 20, 20, 0, 40, 20, 0, 0, 0, 0, 20, 0, 20, 20, 20, 20, 20, 40, 20, 0, 20, 0, 40, 20, 20, 20, 20, 20, 0, 20, 20, 20, 0, 20, 0, 20, 0, 0, 0, 0, 20, 0, 0, 40, 0, 0, 0, 0, 20, 0, 20, 20, 20, 20, 0, 20, 20, 20, 20, 20, 0, 20, 20, 0, 20, 20, 20, 20, 20, 20, 20, 0, 0, 20, 20, 20, 20, 0, 0, 20, 0, 0, 40, 20, 20, 20, 0, 0, 20, 0, 20, 20, 0, 1300]
[116, 20, 20, 0, 20, 0, 0, 20, 20, 20, 20, 0, 40, 20, 0, 0, 0, 0, 20, 0, 20, 20, 20, 20, 20, 40, 20, 0, 20, 0, 40, 20, 20, 20, 20, 20, 0, 20, 20, 40, 0, 20, 0, 20, 0, 0, 0, 0, 20, 0, 0, 40, 0, 0, 0, 0, 20, 0, 20, 20, 20, 20, 20, 20, 20, 20, 20, 20, 0, 20, 20, 0, 20, 20, 20, 20, 20, 20, 20, 0, 0, 20, 20, 20, 20, 0, 0, 20, 0, 0, 40, 20, 20, 20, 0, 0, 20, 0, 20, 20, 0, 1340]
[117, 20, 20, 0, 20, 20, 0, 20, 20, 20, 20, 0, 40, 20, 0, 0, 0, 0, 20, 0, 20, 20, 20, 20, 20, 40, 20, 0, 20, 0, 40, 20, 20, 20, 20, 20, 0, 20, 20, 40, 0, 20, 0, 20, 0, 0, 0, 0, 20, 0, 0, 40, 0, 0, 0, 0, 20, 0, 20, 20, 20, 20, 20, 20, 20, 20, 20, 20, 0, 20, 20, 0, 20, 20, 20, 20, 20, 20, 20, 0, 0, 20, 20, 20, 20, 0, 0, 20, 0, 0, 40, 20, 20, 20, 20, 0, 20, 0, 20, 20, 0, 1380]
[117, 20, 20, 0, 20, 20, 0, 20, 20, 20, 20, 0, 40, 20, 0, 0, 0, 0, 20, 0, 20, 20, 20, 20, 20, 40, 20, 0, 20, 0, 40, 20, 20, 20, 20, 20, 0, 20, 20, 40, 0, 20, 0, 20, 0, 0, 0, 0, 20, 0, 0, 40, 0, 0, 20, 0, 20, 0, 20, 20, 20, 20, 20, 20, 20, 20, 20, 20, 0, 20, 20, 0, 20, 20, 20, 20, 20, 20, 20, 0, 0, 20, 20, 20, 20, 0, 0, 20, 0, 0, 40, 20, 20, 20, 20, 0, 20, 0, 20, 20, 0, 1400]
[123, 20, 20, 0, 20, 20, 20, 20, 20, 20, 20, 0, 40, 20, 0, 0, 0, 0, 20, 0, 20, 20, 20, 20, 20, 40, 20, 0, 20, 0, 40, 20, 20, 20, 20, 20, 0, 20, 20, 40, 0, 20, 0, 20, 0, 0, 0, 0, 20, 0, 0, 40, 0, 20, 20, 0, 20, 0, 20, 20, 20, 20, 20, 20, 20, 20, 20, 20, 0, 20, 20, 0, 20, 20, 20, 20, 20, 20, 20, 0, 0, 20, 20, 20, 20, 0, 0, 20, 0, 0, 40, 20, 20, 20, 20, 0, 20, 0, 20, 20, 0, 1440]
[123, 20, 20, 0, 20, 20, 20, 20, 20, 20, 20, 0, 40, 20, 0, 0, 0, 0, 20, 0, 20, 40, 20, 20, 20, 40, 20, 0, 20, 0, 40, 20, 20, 20, 20, 20, 0, 20, 20, 40, 0, 20, 0, 20, 0, 0, 0, 0, 20, 0, 0, 40, 0, 20, 20, 0, 20, 0, 20, 20, 20, 20, 20, 20, 20, 20, 20, 20, 0, 20, 20, 0, 20, 20, 20, 20, 20, 20, 20, 0, 0, 20, 20, 20, 20, 0, 0, 20, 0, 0, 40, 20, 20, 20, 20, 0, 20, 0, 20, 20, 0, 1460]
[124, 20, 20, 0, 20, 20, 20, 20, 20, 20, 20, 0, 40, 20, 0, 0, 0, 0, 20, 0, 20, 40, 20, 20, 20, 40, 20, 0, 20, 0, 40, 20, 20, 20, 20, 20, 0, 20, 20, 40, 0, 20, 0, 20, 0, 0, 0, 0, 20, 0, 0, 40, 0, 20, 20, 0, 20, 0, 20, 20, 20, 20, 20, 20, 20, 20, 20, 20, 0, 20, 20, 0, 20, 20, 20, 20, 20, 20, 20, 20, 0, 20, 20, 20, 20, 0, 0, 20, 0, 0, 40, 20, 20, 20, 20, 0, 20, 0, 20, 20, 0, 1480]
[125, 20, 20, 0, 20, 20, 20, 20, 20, 20, 20, 0, 40, 20, 0, 0, 0, 0, 20, 0, 20, 40, 20, 20, 20, 40, 20, 0, 20, 0, 40, 20, 20, 20, 20, 20, 20, 20, 20, 40, 0, 20, 0, 20, 0, 0, 0, 0, 20, 0, 0, 40, 0, 20, 20, 0, 20, 0, 20, 20, 20, 20, 20, 20, 20, 20, 20, 20, 0, 20, 20, 0, 20, 20, 20, 20, 20, 20, 20, 20, 0, 20, 20, 20, 20, 0, 0, 20, 0, 0, 40, 20, 20, 20, 20, 0, 20, 0, 20, 20, 0, 1500]
[126, 20, 20, 0, 20, 20, 20, 20, 20, 20, 20, 0, 40, 20, 0, 0, 0, 0, 20, 0, 20, 40, 20, 20, 20, 40, 20, 0, 20, 0, 40, 20, 20, 20, 20, 20, 20, 20, 20, 40, 0, 40, 0, 20, 0, 0, 0, 0, 20, 0, 0, 40, 0, 20, 20, 0, 20, 0, 20, 20, 20, 20, 20, 20, 20, 20, 20, 20, 0, 20, 20, 0, 20, 20, 20, 20, 20, 20, 20, 20, 0, 20, 20, 20, 20, 0, 0, 20, 0, 0, 40, 20, 20, 20, 20, 0, 20, 0, 20, 20, 0, 1520]
[126, 20, 20, 0, 20, 20, 20, 20, 20, 20, 20, 0, 40, 20, 0, 0, 20, 0, 20, 0, 20, 40, 20, 20, 20, 40, 20, 0, 20, 0, 40, 20, 20, 20, 20, 20, 20, 20, 20, 40, 0, 40, 0, 20, 0, 0, 0, 0, 20, 0, 0, 40, 0, 20, 20, 0, 20, 0, 20, 20, 20, 20, 20, 20, 20, 20, 20, 20, 0, 20, 20, 0, 20, 20, 20, 20, 20, 20, 20, 20, 0, 20, 20, 20, 20, 0, 0, 20, 0, 0, 40, 20, 20, 20, 20, 0, 20, 0, 20, 20, 0, 1540]
[129, 20, 20, 0, 20, 20, 20, 20, 20, 20, 20, 0, 40, 20, 0, 0, 20, 20, 20, 0, 20, 40, 20, 20, 20, 40, 20, 0, 20, 0, 40, 20, 20, 20, 20, 20, 20, 20, 20, 40, 0, 40, 0, 20, 0, 0, 0, 0, 20, 0, 0, 40, 0, 20, 20, 0, 20, 0, 20, 20, 20, 20, 20, 20, 20, 20, 20, 20, 0, 20, 20, 0, 20, 20, 20, 20, 20, 20, 20, 20, 0, 20, 20, 20, 20, 0, 0, 20, 0, 0, 40, 20, 20, 20, 20, 0, 20, 0, 20, 20, 0, 1560]
[130, 20, 20, 0, 20, 20, 20, 20, 20, 20, 20, 0, 40, 20, 0, 0, 20, 20, 20, 0, 20, 40, 20, 20, 20, 40, 20, 0, 20, 0, 40, 20, 20, 20, 20, 20, 20, 20, 20, 40, 0, 40, 0, 20, 0, 0, 0, 0, 20, 0, 0, 40, 0, 20, 20, 0, 20, 0, 20, 20, 20, 20, 20, 20, 20, 20, 20, 20, 0, 20, 20, 0, 20, 20, 20, 20, 20, 20, 20, 20, 0, 20, 20, 20, 40, 0, 0, 20, 0, 0, 40, 20, 20, 20, 20, 0, 20, 0, 20, 20, 0, 1580]
[133, 20, 20, 0, 20, 20, 20, 20, 20, 20, 20, 0, 40, 20, 0, 0, 20, 20, 40, 0, 20, 40, 20, 20, 20, 40, 20, 0, 20, 0, 40, 20, 20, 20, 20, 20, 20, 20, 20, 40, 0, 40, 0, 20, 0, 0, 0, 0, 20, 0, 0, 40, 0, 20, 20, 0, 20, 0, 20, 20, 20, 20, 20, 20, 20, 20, 20, 20, 0, 20, 20, 0, 20, 20, 20, 20, 20, 20, 20, 20, 0, 20, 20, 20, 40, 0, 0, 20, 0, 0, 40, 20, 20, 20, 20, 0, 20, 20, 20, 20, 0, 1620]
[134, 20, 20, 0, 20, 20, 20, 20, 20, 20, 20, 0, 40, 20, 0, 0, 20, 20, 40, 0, 20, 40, 20, 20, 20, 40, 20, 0, 20, 0, 40, 20, 20, 20, 20, 20, 20, 20, 20, 40, 0, 40, 0, 20, 0, 0, 0, 0, 20, 0, 0, 40, 0, 20, 20, 0, 20, 0, 20, 20, 20, 20, 20, 20, 20, 20, 20, 20, 0, 20, 20, 0, 20, 20, 20, 20, 20, 20, 20, 20, 0, 20, 20, 20, 40, 0, 0, 20, 0, 0, 40, 20, 20, 20, 20, 0, 40, 20, 20, 20, 0, 1640]
[138, 20, 20, 0, 20, 20, 20, 20, 20, 20, 20, 0, 40, 20, 0, 0, 20, 20, 40, 0, 20, 40, 20, 20, 20, 40, 20, 0, 20, 0, 40, 20, 20, 40, 20, 20, 20, 20, 20, 40, 0, 40, 0, 20, 0, 0, 0, 0, 20, 0, 0, 40, 0, 20, 20, 0, 20, 0, 20, 20, 20, 20, 20, 20, 20, 20, 20, 20, 0, 20, 20, 0, 20, 20, 20, 20, 20, 20, 20, 20, 0, 20, 20, 20, 40, 0, 0, 20, 0, 0, 40, 20, 20, 20, 20, 0, 40, 20, 20, 20, 0, 1660]
[139, 20, 20, 0, 20, 20, 20, 20, 20, 20, 20, 0, 40, 20, 0, 0, 20, 20, 40, 0, 20, 40, 20, 20, 20, 40, 20, 0, 20, 0, 40, 20, 20, 40, 20, 20, 20, 20, 20, 40, 0, 40, 0, 20, 0, 20, 0, 0, 20, 0, 0, 40, 0, 20, 20, 0, 20, 0, 20, 20, 20, 20, 20, 20, 20, 20, 20, 20, 0, 20, 20, 0, 20, 20, 20, 20, 20, 20, 20, 20, 0, 20, 20, 20, 40, 0, 0, 20, 0, 0, 40, 20, 20, 20, 20, 0, 40, 20, 20, 20, 0, 1680]
[141, 20, 20, 0, 20, 20, 20, 20, 20, 20, 20, 0, 40, 20, 0, 0, 20, 20, 40, 0, 20, 40, 20, 20, 20, 40, 20, 0, 20, 0, 40, 20, 20, 40, 20, 20, 20, 20, 20, 40, 0, 40, 0, 20, 0, 20, 0, 0, 20, 0, 0, 40, 0, 20, 20, 0, 20, 0, 20, 20, 20, 20, 20, 20, 20, 20, 20, 20, 0, 20, 20, 0, 20, 20, 20, 20, 20, 20, 20, 20, 0, 40, 20, 20, 40, 0, 0, 20, 0, 0, 40, 20, 20, 20, 20, 0, 40, 20, 20, 20, 0, 1700]
[142, 20, 20, 0, 20, 20, 20, 20, 20, 20, 20, 0, 40, 20, 0, 0, 20, 20, 40, 0, 20, 40, 20, 20, 20, 40, 20, 0, 20, 0, 40, 20, 20, 40, 20, 20, 20, 20, 20, 40, 0, 40, 0, 20, 0, 20, 0, 0, 20, 0, 0, 40, 0, 20, 20, 0, 20, 20, 20, 20, 20, 20, 20, 20, 20, 20, 20, 20, 20, 20, 20, 0, 20, 20, 20, 20, 20, 20, 20, 20, 0, 40, 20, 20, 40, 0, 0, 20, 0, 0, 40, 20, 20, 20, 20, 0, 40, 20, 20, 20, 0, 1740]
[143, 20, 20, 0, 20, 20, 20, 20, 20, 20, 20, 0, 40, 20, 0, 0, 20, 20, 40, 0, 20, 40, 20, 20, 40, 40, 20, 0, 20, 0, 40, 20, 20, 40, 20, 20, 20, 20, 20, 40, 0, 40, 0, 20, 0, 20, 0, 0, 20, 0, 0, 40, 0, 20, 20, 0, 20, 20, 20, 20, 20, 20, 20, 20, 20, 20, 20, 20, 20, 20, 20, 0, 20, 20, 20, 20, 20, 20, 20, 20, 0, 40, 20, 20, 40, 0, 0, 20, 0, 0, 40, 20, 20, 20, 20, 0, 40, 20, 20, 20, 0, 1760]
[143, 20, 20, 0, 20, 20, 20, 20, 20, 20, 20, 0, 40, 20, 0, 0, 20, 20, 40, 0, 20, 40, 20, 20, 40, 40, 20, 0, 20, 0, 40, 20, 20, 40, 20, 20, 20, 20, 20, 40, 0, 40, 0, 20, 0, 20, 0, 0, 20, 0, 0, 40, 0, 20, 20, 0, 20, 20, 20, 20, 40, 20, 20, 20, 20, 20, 20, 20, 20, 20, 20, 0, 20, 20, 20, 20, 20, 20, 20, 20, 0, 40, 20, 20, 40, 0, 0, 20, 0, 0, 40, 20, 20, 20, 20, 0, 40, 20, 20, 20, 0, 1780]
[145, 20, 20, 0, 20, 20, 20, 20, 20, 20, 20, 0, 40, 20, 0, 0, 20, 20, 40, 0, 20, 40, 20, 20, 40, 40, 20, 0, 20, 0, 40, 20, 20, 40, 20, 20, 20, 20, 20, 40, 0, 40, 0, 20, 0, 20, 0, 0, 20, 0, 0, 40, 0, 20, 20, 20, 20, 20, 20, 20, 40, 20, 20, 20, 20, 20, 20, 20, 20, 20, 20, 0, 20, 20, 20, 20, 20, 20, 20, 20, 0, 40, 20, 20, 40, 0, 0, 20, 0, 0, 40, 20, 20, 20, 20, 0, 40, 20, 20, 20, 20, 1820]
[146, 20, 20, 0, 20, 20, 20, 20, 20, 20, 20, 0, 40, 20, 0, 0, 20, 20, 40, 0, 20, 40, 20, 20, 40, 40, 20, 0, 20, 0, 40, 20, 20, 40, 20, 20, 20, 20, 20, 40, 0, 40, 0, 20, 20, 20, 0, 0, 20, 0, 0, 40, 0, 20, 20, 20, 20, 20, 20, 20, 40, 20, 20, 20, 20, 20, 20, 20, 20, 20, 20, 0, 20, 20, 20, 20, 20, 20, 20, 20, 0, 40, 20, 20, 40, 0, 0, 20, 0, 0, 40, 20, 20, 20, 20, 0, 40, 20, 20, 20, 20, 1840]
[147, 20, 20, 0, 20, 20, 20, 20, 20, 20, 20, 0, 40, 20, 0, 0, 20, 20, 40, 0, 20, 40, 20, 20, 40, 40, 20, 0, 20, 0, 40, 20, 20, 40, 20, 20, 20, 20, 20, 40, 0, 40, 0, 20, 20, 20, 0, 0, 20, 0, 0, 40, 0, 20, 20, 20, 20, 20, 20, 20, 40, 20, 20, 20, 20, 20, 20, 20, 20, 20, 20, 0, 20, 20, 20, 40, 20, 20, 20, 20, 0, 40, 20, 20, 40, 0, 0, 20, 0, 0, 40, 20, 20, 20, 20, 0, 40, 20, 20, 20, 20, 1860]
[151, 20, 20, 20, 20, 20, 20, 20, 20, 20, 20, 0, 40, 20, 0, 0, 20, 20, 40, 0, 20, 40, 20, 20, 40, 40, 20, 0, 20, 0, 40, 20, 20, 40, 20, 20, 20, 20, 20, 40, 0, 40, 0, 20, 20, 20, 0, 0, 20, 0, 0, 40, 0, 20, 20, 20, 20, 20, 20, 20, 40, 20, 20, 20, 20, 20, 20, 20, 20, 20, 20, 0, 20, 20, 20, 40, 20, 20, 20, 20, 0, 40, 20, 20, 40, 0, 0, 20, 0, 0, 40, 20, 20, 20, 20, 0, 40, 20, 20, 20, 20, 1880]
[152, 20, 20, 20, 20, 20, 20, 20, 20, 20, 20, 0, 40, 20, 0, 0, 20, 20, 40, 0, 20, 40, 20, 20, 40, 40, 20, 0, 20, 0, 40, 20, 20, 40, 20, 20, 20, 40, 20, 40, 0, 40, 0, 20, 20, 20, 0, 0, 20, 0, 0, 40, 0, 20, 20, 20, 20, 20, 20, 20, 40, 20, 20, 20, 20, 20, 20, 20, 20, 20, 20, 0, 20, 20, 20, 40, 20, 20, 20, 20, 0, 40, 20, 20, 40, 0, 0, 20, 0, 0, 40, 20, 20, 20, 20, 0, 40, 20, 20, 20, 20, 1900]
[153, 20, 20, 20, 20, 20, 20, 20, 20, 20, 20, 0, 40, 20, 0, 0, 20, 20, 40, 0, 20, 40, 20, 20, 40, 40, 40, 20, 20, 0, 40, 20, 20, 40, 20, 20, 20, 40, 20, 40, 0, 40, 0, 20, 20, 20, 0, 0, 20, 0, 0, 40, 0, 20, 20, 20, 20, 20, 20, 20, 40, 20, 20, 20, 20, 20, 20, 20, 20, 20, 20, 0, 20, 20, 20, 40, 20, 20, 20, 20, 0, 40, 20, 20, 40, 0, 0, 20, 0, 0, 40, 20, 20, 20, 20, 0, 40, 20, 20, 20, 20, 1940]
[158, 20, 20, 20, 20, 20, 20, 20, 20, 20, 20, 0, 40, 20, 0, 0, 20, 20, 40, 0, 20, 40, 20, 20, 40, 40, 40, 20, 20, 0, 40, 20, 20, 40, 20, 20, 20, 40, 20, 40, 0, 40, 0, 20, 20, 20, 0, 0, 40, 0, 0, 40, 0, 20, 20, 20, 20, 20, 20, 20, 40, 20, 20, 20, 20, 20, 20, 20, 20, 20, 20, 0, 20, 20, 20, 40, 20, 20, 20, 20, 0, 40, 20, 20, 40, 0, 0, 20, 0, 0, 40, 20, 20, 20, 20, 0, 40, 20, 20, 20, 20, 1960]
[160, 20, 20, 20, 20, 20, 20, 20, 20, 20, 20, 0, 40, 20, 0, 0, 20, 20, 40, 0, 20, 40, 20, 20, 40, 40, 40, 20, 20, 0, 40, 20, 20, 40, 20, 20, 20, 40, 20, 40, 40, 40, 0, 20, 20, 20, 0, 0, 40, 40, 0, 40, 0, 20, 20, 20, 20, 20, 20, 20, 40, 20, 20, 20, 20, 20, 20, 20, 20, 20, 20, 0, 20, 20, 20, 40, 20, 20, 20, 20, 0, 40, 20, 20, 40, 0, 0, 20, 0, 0, 40, 20, 20, 20, 20, 0, 40, 20, 20, 20, 20, 2000]
[161, 20, 20, 20, 20, 20, 20, 20, 20, 40, 20, 0, 40, 20, 0, 0, 20, 20, 40, 0, 20, 40, 20, 20, 40, 40, 40, 20, 20, 0, 40, 20, 20, 40, 20, 20, 20, 40, 20, 40, 40, 40, 0, 20, 20, 20, 0, 0, 40, 40, 0, 40, 0, 20, 20, 20, 20, 20, 20, 20, 40, 20, 20, 20, 20, 20, 20, 20, 20, 20, 20, 0, 20, 20, 20, 40, 20, 20, 20, 20, 0, 40, 20, 20, 40, 0, 0, 20, 0, 0, 40, 20, 20, 20, 20, 0, 40, 20, 20, 20, 20, 2020]
[164, 20, 40, 20, 20, 20, 20, 20, 20, 40, 20, 0, 40, 20, 0, 0, 20, 20, 40, 0, 20, 40, 20, 20, 40, 40, 40, 20, 20, 0, 40, 20, 20, 40, 20, 20, 20, 40, 20, 40, 40, 40, 0, 20, 20, 20, 0, 0, 40, 40, 0, 40, 0, 20, 20, 20, 20, 20, 20, 20, 40, 20, 20, 20, 20, 20, 20, 20, 20, 20, 20, 0, 20, 20, 20, 40, 20, 20, 20, 20, 0, 40, 20, 20, 40, 0, 0, 20, 0, 0, 40, 20, 20, 20, 20, 0, 40, 20, 20, 20, 20, 2040]
[166, 20, 40, 20, 20, 20, 20, 20, 20, 40, 20, 0, 40, 20, 0, 0, 20, 20, 40, 0, 20, 40, 20, 20, 40, 40, 40, 20, 20, 0, 40, 20, 20, 40, 20, 20, 20, 40, 20, 40, 40, 40, 0, 20, 20, 20, 0, 0, 40, 40, 20, 40, 0, 20, 20, 20, 20, 20, 20, 20, 40, 20, 20, 20, 20, 20, 20, 20, 20, 20, 20, 0, 20, 20, 20, 40, 20, 20, 20, 20, 0, 40, 20, 20, 40, 0, 0, 20, 0, 0, 40, 20, 20, 20, 20, 0, 40, 20, 20, 20, 20, 2060]
[166, 20, 40, 20, 20, 20, 20, 20, 20, 40, 20, 0, 40, 20, 0, 0, 20, 20, 40, 0, 40, 40, 20, 20, 40, 40, 40, 20, 20, 0, 40, 20, 20, 40, 20, 20, 20, 40, 20, 40, 40, 40, 0, 20, 20, 20, 0, 0, 40, 40, 20, 40, 0, 20, 20, 20, 20, 20, 20, 20, 40, 20, 20, 20, 20, 20, 20, 20, 20, 20, 20, 0, 20, 20, 20, 40, 20, 20, 20, 20, 0, 40, 20, 20, 40, 0, 0, 20, 0, 0, 40, 20, 20, 20, 20, 0, 40, 20, 20, 20, 20, 2080]
[167, 20, 40, 20, 20, 20, 20, 20, 20, 40, 20, 0, 40, 20, 0, 0, 20, 20, 40, 0, 40, 40, 20, 20, 40, 40, 40, 20, 20, 0, 40, 20, 20, 40, 20, 20, 20, 40, 20, 40, 40, 40, 0, 20, 20, 20, 0, 0, 40, 40, 20, 40, 0, 20, 20, 20, 20, 20, 20, 40, 40, 20, 20, 20, 20, 20, 20, 20, 20, 20, 20, 0, 20, 20, 20, 40, 20, 20, 20, 20, 0, 40, 20, 20, 40, 0, 0, 20, 0, 0, 40, 20, 20, 20, 20, 0, 40, 20, 20, 20, 20, 2100]
[169, 20, 40, 20, 20, 20, 20, 20, 20, 40, 20, 0, 40, 20, 0, 0, 20, 20, 40, 0, 40, 40, 20, 20, 40, 40, 40, 20, 20, 40, 40, 20, 20, 40, 20, 20, 20, 40, 20, 40, 40, 40, 0, 20, 20, 20, 0, 0, 40, 40, 20, 40, 0, 20, 20, 20, 20, 20, 20, 40, 40, 20, 20, 40, 20, 20, 20, 20, 20, 20, 20, 0, 20, 20, 20, 40, 20, 20, 20, 20, 0, 40, 20, 20, 40, 0, 0, 20, 0, 0, 40, 20, 20, 20, 20, 0, 40, 20, 20, 20, 20, 2140]
[170, 20, 40, 20, 20, 20, 20, 20, 20, 40, 20, 0, 40, 20, 0, 0, 20, 20, 40, 0, 40, 40, 20, 20, 40, 40, 40, 20, 20, 40, 40, 20, 20, 40, 20, 20, 20, 40, 20, 40, 40, 40, 0, 20, 20, 20, 0, 0, 40, 40, 20, 40, 0, 20, 20, 20, 20, 20, 20, 40, 40, 20, 20, 40, 20, 20, 20, 20, 20, 20, 20, 0, 20, 20, 20, 40, 20, 20, 20, 20, 20, 40, 20, 20, 40, 0, 0, 20, 0, 0, 40, 20, 20, 20, 20, 0, 40, 20, 20, 20, 20, 2160]
[170, 20, 40, 20, 20, 20, 20, 20, 20, 40, 40, 0, 40, 20, 0, 0, 20, 20, 40, 0, 40, 40, 20, 20, 40, 40, 40, 20, 20, 40, 40, 20, 20, 40, 20, 20, 20, 40, 40, 40, 40, 40, 0, 20, 20, 20, 0, 0, 40, 40, 20, 40, 0, 20, 20, 20, 20, 20, 20, 40, 40, 20, 20, 40, 20, 20, 20, 20, 20, 20, 20, 0, 20, 20, 20, 40, 20, 20, 20, 20, 20, 40, 20, 20, 40, 0, 0, 20, 0, 0, 40, 20, 20, 20, 20, 0, 40, 20, 20, 20, 20, 2200]
[172, 20, 40, 20, 20, 20, 20, 20, 20, 40, 40, 0, 40, 20, 0, 0, 20, 20, 40, 0, 40, 40, 20, 20, 40, 40, 40, 20, 20, 40, 40, 20, 20, 40, 20, 20, 20, 40, 40, 40, 40, 40, 0, 20, 20, 20, 0, 0, 40, 40, 20, 40, 0, 20, 20, 20, 20, 20, 20, 40, 40, 20, 20, 40, 20, 60, 20, 20, 20, 20, 20, 0, 20, 20, 20, 40, 20, 20, 20, 20, 20, 40, 20, 20, 40, 0, 0, 20, 0, 0, 40, 20, 20, 20, 20, 0, 40, 20, 20, 20, 20, 2220]
[174, 20, 40, 20, 20, 20, 20, 20, 20, 40, 40, 0, 40, 20, 0, 0, 20, 20, 40, 0, 40, 40, 20, 20, 40, 40, 40, 20, 20, 40, 40, 20, 20, 40, 20, 20, 20, 40, 40, 40, 40, 40, 0, 20, 20, 20, 0, 0, 40, 40, 20, 40, 0, 20, 20, 20, 20, 20, 20, 40, 40, 20, 20, 40, 20, 60, 20, 20, 20, 20, 20, 0, 20, 20, 20, 40, 20, 20, 20, 20, 20, 40, 20, 20, 40, 0, 0, 20, 0, 0, 40, 20, 20, 40, 20, 0, 40, 20, 20, 20, 20, 2240]
[176, 20, 40, 20, 20, 20, 20, 20, 20, 40, 40, 0, 40, 20, 0, 0, 20, 20, 40, 0, 40, 40, 20, 20, 40, 40, 40, 20, 20, 40, 40, 20, 20, 40, 20, 20, 20, 40, 40, 60, 40, 40, 0, 20, 20, 20, 0, 0, 40, 40, 20, 40, 0, 20, 20, 20, 20, 20, 20, 40, 40, 20, 20, 40, 20, 60, 20, 20, 20, 20, 20, 0, 20, 20, 20, 40, 20, 20, 20, 20, 20, 40, 20, 20, 40, 0, 0, 20, 0, 0, 40, 20, 20, 40, 20, 0, 40, 20, 20, 20, 20, 2260]
[177, 20, 40, 20, 20, 20, 20, 20, 20, 40, 40, 0, 40, 20, 0, 0, 20, 20, 40, 0, 40, 40, 20, 20, 40, 40, 40, 20, 20, 40, 40, 20, 20, 40, 20, 20, 20, 40, 40, 60, 40, 40, 0, 20, 20, 20, 0, 0, 40, 40, 20, 40, 20, 20, 20, 20, 20, 20, 20, 40, 40, 20, 20, 40, 20, 60, 20, 20, 20, 20, 20, 0, 20, 20, 20, 40, 20, 20, 20, 20, 20, 40, 20, 20, 40, 0, 0, 20, 0, 0, 40, 20, 20, 40, 20, 0, 40, 20, 20, 20, 20, 2280]
[179, 20, 40, 20, 20, 20, 20, 20, 20, 40, 40, 0, 40, 20, 0, 0, 20, 20, 40, 0, 40, 40, 40, 20, 40, 40, 40, 20, 20, 40, 40, 20, 20, 40, 20, 20, 20, 40, 40, 60, 40, 40, 0, 20, 20, 20, 0, 0, 40, 40, 20, 40, 20, 20, 20, 20, 20, 20, 20, 40, 40, 20, 20, 40, 20, 60, 20, 20, 20, 20, 20, 0, 20, 20, 20, 40, 20, 20, 20, 20, 20, 40, 20, 20, 40, 0, 20, 20, 0, 0, 40, 20, 20, 40, 20, 0, 40, 20, 20, 20, 20, 2320]
[179, 20, 40, 20, 20, 20, 20, 20, 20, 40, 40, 0, 40, 20, 0, 0, 20, 20, 40, 0, 40, 40, 40, 20, 40, 40, 40, 20, 20, 40, 40, 20, 20, 40, 20, 20, 20, 40, 40, 60, 40, 40, 0, 20, 20, 20, 0, 0, 40, 40, 20, 40, 20, 20, 20, 20, 20, 20, 20, 40, 40, 20, 20, 40, 20, 60, 20, 20, 20, 20, 20, 0, 40, 20, 20, 40, 20, 20, 20, 20, 20, 40, 20, 20, 40, 0, 20, 20, 0, 0, 40, 20, 20, 40, 20, 40, 40, 20, 20, 20, 20, 2360]
[180, 20, 40, 20, 20, 20, 20, 20, 20, 40, 40, 0, 40, 20, 0, 0, 20, 20, 40, 0, 40, 40, 40, 20, 40, 40, 40, 20, 20, 40, 40, 20, 20, 40, 20, 20, 20, 40, 40, 60, 40, 40, 0, 20, 20, 20, 0, 0, 40, 40, 20, 40, 20, 20, 20, 20, 20, 20, 20, 40, 40, 20, 20, 40, 20, 60, 20, 20, 20, 20, 20, 0, 40, 20, 20, 40, 20, 20, 20, 20, 20, 40, 20, 20, 40, 0, 20, 20, 0, 0, 40, 20, 40, 40, 20, 40, 40, 20, 20, 20, 20, 2380]
[183, 20, 40, 20, 20, 20, 20, 20, 20, 40, 40, 0, 40, 20, 0, 0, 20, 20, 40, 0, 40, 40, 40, 20, 40, 40, 40, 20, 20, 40, 40, 20, 20, 40, 20, 20, 20, 40, 40, 60, 40, 40, 0, 20, 20, 20, 0, 0, 40, 40, 20, 40, 20, 20, 20, 20, 20, 20, 20, 40, 40, 20, 20, 40, 20, 60, 20, 20, 20, 20, 20, 40, 40, 20, 20, 40, 20, 20, 20, 20, 20, 40, 20, 20, 40, 0, 20, 20, 0, 0, 40, 20, 40, 40, 20, 40, 40, 20, 20, 20, 20, 2400]
[186, 20, 40, 20, 20, 20, 20, 20, 20, 40, 40, 0, 40, 20, 0, 0, 20, 20, 40, 0, 40, 40, 40, 20, 40, 40, 40, 20, 20, 40, 40, 20, 20, 40, 20, 20, 20, 40, 40, 60, 40, 40, 0, 20, 20, 20, 0, 0, 40, 40, 20, 40, 20, 20, 20, 20, 20, 20, 20, 40, 40, 20, 20, 40, 20, 60, 20, 20, 20, 20, 40, 40, 40, 20, 20, 40, 20, 20, 20, 20, 20, 40, 20, 20, 40, 0, 20, 20, 0, 0, 40, 20, 40, 40, 20, 40, 40, 40, 20, 20, 20, 2440]
[188, 20, 40, 20, 20, 20, 20, 20, 20, 40, 40, 0, 40, 20, 0, 0, 20, 20, 40, 0, 40, 40, 40, 20, 40, 40, 40, 20, 20, 40, 80, 20, 20, 40, 20, 20, 20, 40, 40, 60, 40, 40, 0, 20, 20, 20, 0, 0, 40, 40, 20, 40, 20, 20, 20, 20, 20, 20, 20, 40, 40, 20, 20, 40, 20, 60, 20, 20, 20, 20, 40, 40, 40, 20, 20, 40, 20, 20, 20, 20, 20, 40, 20, 20, 40, 0, 20, 20, 0, 40, 40, 20, 40, 40, 20, 40, 40, 40, 20, 20, 20, 2480]
[190, 20, 40, 20, 40, 20, 20, 20, 20, 40, 40, 0, 40, 20, 0, 0, 20, 20, 40, 0, 40, 40, 40, 20, 40, 40, 40, 20, 20, 40, 80, 20, 20, 40, 20, 20, 20, 40, 40, 60, 40, 40, 0, 20, 20, 20, 0, 0, 40, 40, 20, 40, 20, 20, 20, 20, 20, 20, 20, 40, 40, 20, 20, 40, 20, 60, 20, 20, 20, 20, 40, 40, 40, 20, 20, 40, 20, 20, 20, 20, 20, 40, 20, 20, 40, 0, 20, 20, 0, 40, 40, 20, 40, 40, 20, 40, 40, 40, 20, 20, 20, 2500]
[191, 20, 40, 20, 40, 20, 20, 20, 20, 40, 40, 0, 40, 20, 0, 0, 20, 20, 40, 0, 40, 40, 40, 20, 40, 40, 40, 20, 20, 40, 80, 20, 20, 40, 20, 20, 20, 40, 40, 60, 40, 40, 0, 20, 20, 20, 0, 0, 40, 40, 20, 40, 20, 20, 20, 20, 20, 20, 20, 40, 40, 20, 20, 40, 20, 60, 20, 20, 20, 20, 40, 40, 40, 20, 20, 40, 20, 20, 20, 20, 20, 40, 20, 20, 40, 0, 20, 20, 40, 40, 40, 20, 40, 40, 20, 40, 40, 40, 20, 20, 20, 2520]
[192, 20, 40, 20, 40, 20, 20, 20, 20, 40, 40, 0, 40, 20, 0, 0, 20, 20, 40, 0, 40, 40, 40, 20, 40, 40, 40, 20, 20, 40, 80, 20, 20, 40, 20, 20, 20, 40, 40, 60, 40, 40, 0, 20, 20, 20, 0, 0, 40, 40, 20, 40, 20, 20, 20, 20, 20, 20, 20, 40, 40, 20, 20, 40, 20, 60, 20, 20, 20, 20, 40, 40, 40, 20, 20, 40, 20, 20, 20, 20, 20, 40, 20, 20, 40, 0, 20, 20, 40, 40, 40, 20, 40, 40, 20, 40, 40, 40, 20, 40, 20, 2540]
[194, 20, 40, 20, 40, 20, 20, 20, 20, 40, 40, 0, 40, 20, 0, 0, 20, 20, 40, 0, 40, 40, 40, 20, 40, 40, 40, 20, 20, 40, 80, 20, 20, 40, 20, 20, 20, 40, 40, 60, 40, 40, 0, 20, 20, 20, 0, 0, 40, 40, 20, 40, 20, 20, 20, 20, 20, 20, 20, 40, 40, 20, 20, 40, 20, 60, 20, 40, 20, 20, 40, 40, 40, 20, 20, 40, 20, 20, 20, 20, 20, 40, 20, 20, 40, 0, 20, 20, 40, 40, 40, 20, 40, 40, 20, 40, 40, 40, 20, 40, 20, 2560]
[195, 20, 40, 20, 40, 20, 20, 20, 20, 40, 40, 0, 40, 20, 0, 0, 20, 20, 40, 0, 40, 40, 40, 20, 40, 40, 40, 20, 20, 40, 80, 20, 20, 40, 20, 20, 20, 40, 40, 60, 40, 40, 0, 20, 20, 20, 0, 0, 40, 40, 20, 40, 20, 20, 20, 20, 20, 20, 20, 40, 40, 20, 20, 40, 20, 60, 20, 40, 20, 20, 40, 40, 40, 20, 20, 40, 20, 20, 20, 20, 20, 60, 20, 20, 40, 0, 20, 20, 40, 40, 40, 20, 40, 40, 20, 40, 40, 40, 20, 40, 20, 2580]
[196, 20, 40, 20, 40, 20, 20, 20, 20, 40, 40, 0, 40, 20, 0, 0, 20, 20, 40, 0, 40, 40, 40, 20, 40, 40, 40, 20, 20, 40, 80, 20, 20, 40, 20, 20, 20, 40, 40, 60, 40, 40, 0, 20, 20, 20, 0, 0, 40, 40, 20, 40, 20, 20, 20, 20, 20, 20, 40, 40, 40, 20, 20, 40, 20, 60, 20, 40, 20, 20, 40, 40, 40, 20, 20, 40, 20, 20, 20, 20, 20, 60, 20, 20, 40, 0, 20, 20, 40, 40, 40, 20, 40, 40, 20, 40, 40, 40, 20, 40, 20, 2600]
[196, 20, 40, 20, 40, 20, 20, 20, 20, 40, 40, 0, 40, 20, 0, 0, 20, 20, 40, 0, 40, 40, 40, 20, 40, 40, 40, 20, 20, 40, 80, 20, 20, 40, 20, 40, 20, 40, 40, 60, 40, 40, 0, 20, 20, 20, 40, 0, 40, 40, 20, 40, 20, 20, 20, 20, 20, 20, 40, 40, 40, 20, 20, 40, 20, 60, 20, 40, 20, 20, 40, 40, 40, 20, 20, 40, 20, 20, 20, 20, 20, 60, 20, 20, 40, 0, 20, 20, 40, 40, 40, 20, 40, 40, 20, 40, 40, 40, 20, 40, 20, 2640]
[197, 20, 40, 20, 40, 20, 20, 20, 20, 40, 40, 0, 40, 20, 0, 0, 20, 20, 40, 0, 40, 40, 40, 20, 40, 40, 40, 20, 20, 40, 80, 20, 20, 40, 20, 40, 20, 40, 40, 60, 40, 40, 0, 20, 20, 20, 40, 0, 40, 40, 20, 40, 20, 20, 20, 20, 20, 20, 40, 40, 40, 20, 20, 40, 20, 60, 20, 40, 20, 20, 40, 40, 40, 20, 20, 40, 20, 20, 20, 20, 20, 60, 20, 20, 40, 40, 20, 20, 40, 40, 40, 20, 40, 40, 20, 40, 40, 40, 20, 40, 20, 2660]
[200, 20, 40, 20, 40, 20, 20, 20, 20, 40, 40, 0, 40, 20, 0, 0, 20, 20, 40, 0, 40, 40, 40, 20, 40, 40, 40, 20, 20, 40, 80, 20, 20, 40, 20, 40, 20, 40, 40, 60, 40, 40, 0, 20, 20, 20, 40, 0, 40, 40, 20, 40, 20, 20, 20, 20, 20, 20, 40, 40, 40, 20, 20, 40, 20, 60, 20, 40, 20, 20, 40, 40, 40, 20, 40, 40, 20, 20, 20, 20, 20, 60, 20, 20, 40, 40, 20, 20, 40, 40, 40, 20, 40, 40, 20, 40, 40, 40, 20, 40, 20, 2680]
[202, 20, 40, 20, 40, 20, 20, 20, 20, 40, 40, 0, 40, 20, 0, 0, 20, 20, 60, 0, 40, 40, 40, 20, 40, 40, 40, 20, 20, 40, 80, 20, 20, 40, 20, 40, 20, 40, 40, 60, 40, 40, 0, 20, 20, 20, 40, 0, 40, 40, 20, 40, 20, 20, 20, 20, 20, 20, 40, 40, 40, 20, 20, 40, 20, 60, 20, 40, 20, 20, 40, 40, 40, 20, 40, 40, 20, 20, 20, 20, 20, 60, 20, 20, 40, 40, 20, 20, 40, 40, 40, 20, 40, 40, 20, 40, 40, 40, 20, 40, 20, 2700]
[203, 40, 40, 20, 40, 20, 20, 20, 20, 40, 40, 0, 40, 20, 0, 0, 20, 20, 60, 0, 40, 40, 40, 20, 40, 40, 40, 20, 20, 40, 80, 20, 20, 40, 20, 40, 20, 40, 40, 60, 40, 40, 0, 20, 20, 20, 40, 0, 40, 40, 20, 40, 20, 20, 20, 20, 20, 20, 40, 40, 40, 20, 20, 40, 20, 60, 20, 40, 20, 20, 40, 40, 40, 20, 40, 40, 20, 20, 20, 20, 20, 60, 20, 20, 40, 40, 20, 20, 40, 40, 40, 20, 40, 40, 20, 40, 40, 40, 20, 40, 20, 2720]
[204, 40, 40, 20, 40, 20, 20, 20, 20, 40, 40, 0, 40, 20, 0, 0, 40, 20, 60, 0, 40, 40, 40, 40, 40, 40, 40, 20, 20, 40, 80, 20, 20, 40, 20, 40, 20, 40, 40, 60, 40, 40, 0, 20, 20, 20, 40, 0, 40, 40, 20, 40, 20, 20, 20, 20, 20, 20, 40, 40, 40, 20, 20, 40, 20, 60, 20, 40, 20, 20, 40, 40, 40, 20, 40, 40, 20, 20, 20, 20, 20, 60, 20, 20, 40, 40, 20, 20, 40, 40, 40, 20, 40, 40, 20, 40, 40, 40, 20, 40, 20, 2760]
[206, 40, 40, 20, 40, 20, 20, 20, 20, 40, 40, 0, 40, 20, 0, 0, 40, 20, 60, 40, 40, 40, 40, 40, 40, 40, 40, 20, 20, 40, 80, 20, 20, 40, 20, 40, 20, 40, 40, 60, 40, 40, 0, 20, 20, 20, 40, 0, 40, 40, 20, 40, 20, 20, 20, 20, 20, 20, 40, 40, 40, 20, 20, 40, 20, 60, 20, 40, 20, 20, 40, 40, 40, 20, 40, 40, 20, 20, 20, 20, 20, 60, 20, 20, 40, 40, 20, 40, 40, 40, 40, 20, 40, 40, 20, 40, 40, 40, 20, 40, 20, 2800]
[206, 40, 40, 20, 40, 20, 20, 20, 20, 40, 40, 0, 40, 20, 0, 0, 40, 20, 60, 40, 40, 40, 40, 40, 40, 40, 40, 20, 20, 40, 80, 20, 20, 40, 20, 40, 20, 40, 40, 60, 40, 40, 0, 20, 20, 20, 40, 0, 40, 40, 20, 40, 20, 20, 20, 20, 20, 20, 40, 40, 40, 20, 20, 40, 20, 60, 20, 40, 20, 20, 40, 40, 40, 20, 40, 40, 20, 40, 20, 20, 20, 60, 20, 20, 40, 40, 20, 40, 40, 40, 40, 20, 40, 40, 20, 40, 40, 40, 20, 40, 20, 2820]
[209, 40, 40, 20, 40, 20, 20, 20, 20, 40, 40, 0, 40, 20, 0, 0, 40, 20, 60, 40, 40, 40, 40, 40, 40, 40, 40, 20, 20, 40, 80, 20, 20, 40, 20, 40, 20, 40, 40, 60, 40, 40, 0, 20, 20, 20, 40, 0, 40, 40, 20, 40, 20, 20, 20, 20, 20, 20, 40, 40, 40, 20, 20, 40, 20, 60, 20, 40, 40, 20, 40, 40, 40, 20, 40, 40, 20, 40, 20, 20, 20, 60, 20, 20, 40, 40, 20, 40, 40, 40, 40, 20, 40, 40, 20, 40, 40, 40, 20, 40, 20, 2840]
[209, 40, 40, 20, 40, 20, 20, 20, 20, 40, 40, 0, 40, 20, 0, 0, 40, 20, 60, 40, 40, 40, 40, 40, 60, 40, 40, 20, 20, 40, 80, 20, 20, 40, 20, 40, 20, 40, 40, 60, 40, 40, 0, 20, 20, 20, 40, 0, 40, 40, 20, 40, 20, 20, 20, 20, 20, 20, 40, 40, 40, 20, 20, 40, 20, 60, 20, 40, 40, 20, 40, 40, 40, 20, 40, 40, 20, 40, 20, 20, 20, 60, 20, 20, 40, 40, 20, 40, 40, 40, 40, 20, 40, 40, 20, 40, 40, 40, 20, 40, 20, 2860]
[210, 40, 40, 20, 40, 20, 20, 20, 20, 40, 40, 0, 40, 20, 0, 0, 40, 20, 60, 40, 40, 40, 40, 40, 60, 40, 40, 20, 20, 40, 80, 20, 20, 40, 20, 40, 20, 40, 40, 60, 40, 40, 0, 20, 20, 20, 40, 0, 40, 40, 20, 40, 20, 20, 20, 20, 40, 20, 40, 40, 40, 20, 20, 40, 20, 60, 20, 40, 40, 20, 40, 40, 40, 20, 40, 40, 20, 40, 20, 20, 20, 60, 20, 20, 40, 40, 20, 40, 40, 40, 40, 20, 40, 40, 20, 40, 40, 40, 20, 40, 20, 2880]
[211, 40, 40, 20, 40, 20, 20, 20, 20, 40, 40, 0, 40, 20, 0, 0, 40, 20, 60, 40, 40, 40, 40, 40, 60, 40, 40, 20, 20, 40, 80, 20, 20, 40, 20, 40, 20, 40, 40, 60, 40, 40, 0, 20, 20, 20, 40, 0, 40, 40, 20, 40, 20, 20, 20, 20, 40, 20, 40, 40, 40, 20, 20, 40, 20, 60, 20, 40, 40, 20, 40, 40, 40, 20, 40, 40, 20, 40, 20, 40, 20, 60, 20, 20, 40, 40, 20, 40, 40, 40, 40, 20, 40, 40, 20, 40, 40, 40, 20, 40, 20, 2900]
[211, 40, 40, 40, 40, 20, 20, 20, 20, 40, 40, 0, 40, 20, 0, 0, 40, 20, 60, 40, 40, 40, 40, 40, 60, 40, 40, 20, 20, 40, 80, 20, 20, 40, 20, 40, 20, 40, 40, 60, 40, 40, 0, 20, 20, 20, 40, 0, 40, 40, 20, 40, 20, 20, 20, 20, 40, 20, 40, 40, 40, 20, 20, 40, 20, 60, 20, 40, 40, 20, 40, 40, 40, 20, 40, 40, 20, 40, 20, 40, 20, 60, 40, 20, 40, 40, 20, 40, 40, 40, 40, 20, 40, 40, 20, 40, 40, 40, 20, 40, 20, 2940]
[212, 40, 40, 40, 40, 20, 20, 20, 20, 40, 40, 0, 40, 20, 0, 0, 40, 20, 60, 40, 40, 60, 40, 40, 60, 40, 40, 20, 20, 40, 80, 20, 20, 40, 20, 40, 20, 40, 40, 60, 40, 40, 0, 20, 20, 20, 40, 0, 40, 40, 20, 40, 20, 20, 20, 20, 40, 20, 40, 40, 40, 20, 20, 40, 20, 60, 20, 40, 40, 20, 40, 40, 40, 20, 40, 40, 20, 40, 20, 40, 20, 60, 40, 20, 40, 40, 20, 40, 40, 40, 40, 20, 40, 40, 20, 40, 40, 40, 20, 40, 20, 2960]
[213, 40, 40, 40, 40, 20, 20, 20, 20, 40, 40, 0, 40, 20, 0, 0, 40, 20, 60, 40, 40, 60, 40, 40, 60, 40, 40, 20, 20, 40, 80, 20, 20, 40, 20, 40, 20, 40, 40, 60, 40, 40, 40, 20, 20, 20, 40, 0, 40, 40, 20, 40, 20, 20, 20, 20, 40, 20, 40, 40, 40, 20, 20, 40, 20, 60, 20, 40, 40, 20, 40, 40, 40, 20, 40, 40, 20, 40, 20, 40, 20, 60, 40, 20, 40, 40, 20, 40, 40, 40, 40, 20, 40, 40, 20, 40, 40, 40, 20, 40, 20, 2980]
[214, 40, 40, 40, 40, 20, 20, 20, 20, 40, 40, 0, 40, 40, 0, 0, 40, 20, 60, 40, 40, 60, 40, 40, 60, 40, 40, 20, 20, 40, 80, 20, 20, 40, 20, 40, 20, 40, 40, 60, 40, 40, 40, 20, 20, 20, 40, 0, 40, 40, 20, 40, 20, 20, 20, 20, 40, 20, 40, 40, 40, 20, 20, 40, 20, 60, 20, 40, 40, 20, 40, 40, 40, 20, 40, 40, 20, 40, 20, 40, 20, 60, 40, 20, 40, 40, 20, 40, 40, 40, 40, 20, 40, 40, 20, 40, 40, 40, 20, 40, 20, 3000]
[215, 40, 40, 40, 40, 20, 20, 20, 20, 40, 40, 0, 40, 40, 0, 0, 40, 20, 60, 40, 40, 60, 40, 40, 60, 40, 40, 20, 20, 40, 80, 20, 20, 40, 20, 40, 20, 40, 40, 60, 40, 40, 40, 20, 20, 20, 40, 0, 40, 40, 20, 40, 20, 20, 20, 20, 40, 20, 40, 40, 40, 20, 20, 40, 20, 60, 20, 40, 40, 20, 40, 40, 40, 20, 40, 40, 20, 40, 20, 40, 20, 60, 40, 20, 40, 40, 20, 40, 40, 40, 40, 40, 40, 40, 20, 40, 40, 40, 20, 40, 20, 3020]
[216, 40, 40, 40, 40, 20, 20, 20, 20, 40, 40, 0, 40, 40, 0, 0, 40, 20, 60, 40, 40, 60, 40, 40, 60, 40, 40, 40, 20, 40, 80, 20, 20, 40, 20, 40, 20, 40, 40, 60, 40, 40, 40, 20, 20, 20, 40, 0, 40, 40, 20, 40, 20, 20, 20, 20, 40, 20, 40, 40, 40, 20, 20, 40, 20, 60, 20, 40, 40, 20, 40, 40, 40, 20, 40, 40, 20, 40, 20, 40, 20, 60, 40, 20, 40, 40, 20, 40, 40, 40, 40, 40, 40, 40, 20, 40, 40, 40, 20, 40, 20, 3040]
[217, 40, 40, 40, 40, 20, 20, 20, 20, 40, 40, 0, 40, 40, 0, 0, 40, 20, 60, 40, 40, 60, 40, 40, 60, 40, 40, 40, 20, 40, 80, 20, 20, 40, 20, 40, 20, 40, 40, 60, 40, 40, 40, 40, 20, 20, 40, 0, 40, 40, 20, 40, 20, 20, 20, 20, 40, 20, 40, 40, 40, 20, 20, 40, 20, 60, 20, 40, 40, 20, 40, 40, 40, 20, 40, 40, 20, 40, 20, 40, 20, 60, 40, 20, 40, 40, 20, 40, 40, 40, 40, 40, 40, 40, 20, 40, 40, 40, 20, 40, 20, 3060]
[218, 40, 40, 40, 40, 20, 20, 20, 40, 40, 40, 0, 40, 40, 0, 0, 40, 20, 60, 40, 40, 60, 40, 40, 60, 40, 40, 40, 40, 40, 80, 20, 20, 40, 20, 40, 20, 40, 40, 60, 40, 40, 40, 40, 20, 20, 40, 0, 40, 40, 20, 40, 20, 20, 20, 20, 40, 20, 40, 40, 40, 20, 20, 40, 20, 60, 20, 40, 40, 20, 40, 40, 40, 20, 40, 40, 20, 40, 20, 40, 20, 60, 40, 20, 40, 40, 20, 40, 40, 40, 40, 40, 40, 40, 20, 40, 40, 40, 20, 40, 20, 3100]
[218, 40, 40, 40, 40, 20, 20, 20, 40, 40, 40, 0, 40, 40, 0, 0, 40, 20, 60, 40, 40, 60, 40, 40, 60, 40, 40, 40, 40, 40, 80, 20, 20, 40, 20, 40, 20, 40, 40, 60, 40, 60, 40, 40, 20, 20, 40, 0, 40, 40, 20, 40, 20, 20, 20, 20, 40, 20, 40, 40, 40, 20, 40, 40, 20, 60, 20, 40, 40, 20, 40, 40, 40, 20, 40, 40, 20, 40, 20, 40, 20, 60, 40, 20, 40, 40, 20, 40, 40, 40, 40, 40, 40, 40, 20, 40, 40, 40, 20, 40, 20, 3140]
[219, 40, 40, 40, 40, 20, 20, 20, 40, 40, 40, 0, 40, 40, 0, 0, 40, 20, 60, 40, 40, 60, 40, 40, 60, 40, 40, 40, 40, 40, 80, 20, 20, 40, 20, 40, 20, 40, 40, 60, 40, 60, 40, 40, 20, 20, 40, 0, 40, 40, 20, 40, 20, 20, 20, 20, 40, 20, 40, 40, 40, 20, 40, 40, 20, 60, 20, 40, 40, 20, 40, 40, 40, 20, 40, 40, 20, 40, 20, 40, 20, 60, 40, 20, 40, 40, 20, 40, 40, 40, 40, 40, 40, 40, 20, 40, 40, 40, 20, 40, 40, 3160]
[220, 40, 40, 40, 40, 20, 20, 20, 40, 40, 40, 0, 40, 40, 0, 0, 40, 20, 60, 40, 40, 60, 40, 40, 60, 40, 40, 40, 40, 40, 80, 20, 20, 40, 20, 40, 20, 40, 40, 60, 40, 60, 40, 40, 20, 20, 40, 0, 40, 40, 20, 40, 20, 20, 20, 20, 40, 20, 40, 40, 40, 20, 40, 40, 20, 60, 20, 40, 40, 20, 40, 40, 40, 20, 40, 60, 20, 40, 20, 40, 20, 60, 40, 20, 40, 40, 20, 40, 40, 40, 40, 40, 40, 40, 20, 40, 60, 40, 20, 40, 40, 3200]
[221, 40, 40, 40, 40, 20, 20, 20, 40, 60, 40, 0, 40, 40, 0, 0, 40, 20, 60, 40, 40, 60, 40, 40, 60, 40, 40, 40, 40, 40, 80, 20, 20, 40, 20, 40, 20, 40, 40, 60, 40, 60, 40, 40, 20, 20, 40, 0, 40, 40, 20, 40, 20, 20, 20, 20, 40, 20, 40, 40, 40, 20, 40, 40, 20, 60, 20, 40, 40, 20, 40, 40, 40, 20, 40, 60, 20, 40, 20, 40, 20, 60, 40, 20, 40, 40, 20, 40, 40, 40, 40, 40, 40, 40, 20, 40, 60, 40, 20, 40, 40, 3220]
[223, 40, 40, 40, 40, 20, 20, 20, 40, 60, 40, 0, 40, 40, 0, 0, 40, 20, 60, 40, 40, 60, 40, 40, 60, 40, 40, 40, 40, 40, 80, 20, 20, 40, 20, 40, 20, 40, 40, 60, 40, 60, 40, 40, 20, 20, 40, 0, 40, 40, 20, 40, 20, 20, 20, 40, 40, 20, 40, 40, 40, 20, 40, 40, 20, 60, 20, 40, 40, 20, 40, 40, 40, 20, 40, 60, 20, 40, 20, 40, 20, 60, 40, 20, 40, 40, 20, 40, 40, 40, 40, 40, 40, 40, 20, 40, 60, 40, 20, 40, 40, 3240]
[224, 40, 40, 40, 40, 20, 20, 20, 40, 60, 40, 0, 40, 40, 0, 0, 40, 20, 60, 40, 40, 60, 40, 40, 60, 40, 40, 40, 40, 40, 80, 20, 20, 40, 20, 40, 20, 40, 40, 60, 40, 60, 40, 40, 20, 20, 40, 0, 40, 40, 20, 40, 20, 40, 20, 40, 40, 20, 40, 40, 40, 20, 40, 40, 20, 60, 20, 40, 40, 20, 40, 40, 40, 20, 40, 60, 20, 40, 20, 40, 20, 60, 40, 20, 40, 40, 20, 40, 40, 40, 40, 40, 40, 40, 20, 40, 60, 40, 20, 40, 40, 3260]
[228, 40, 40, 40, 40, 20, 20, 20, 40, 60, 40, 0, 40, 40, 0, 0, 40, 20, 60, 40, 40, 60, 40, 40, 60, 40, 40, 40, 40, 40, 80, 20, 20, 40, 20, 40, 20, 40, 40, 60, 40, 60, 40, 40, 20, 20, 40, 0, 40, 40, 20, 40, 20, 40, 20, 40, 40, 20, 40, 40, 40, 20, 40, 40, 20, 60, 60, 40, 40, 20, 40, 40, 40, 20, 40, 60, 20, 40, 20, 40, 20, 60, 40, 20, 40, 40, 20, 40, 40, 40, 40, 40, 40, 60, 20, 40, 60, 40, 20, 40, 40, 3300]
[229, 40, 40, 40, 40, 20, 20, 20, 40, 60, 40, 0, 40, 40, 0, 0, 40, 20, 60, 40, 40, 60, 40, 40, 60, 40, 40, 40, 40, 40, 80, 20, 20, 40, 40, 40, 20, 40, 40, 60, 40, 60, 40, 40, 20, 20, 40, 0, 40, 40, 20, 40, 20, 40, 20, 40, 40, 20, 40, 40, 40, 20, 40, 40, 20, 60, 60, 40, 40, 20, 40, 40, 40, 20, 40, 60, 20, 40, 20, 40, 20, 60, 40, 20, 40, 40, 20, 40, 40, 40, 40, 40, 40, 60, 20, 40, 60, 40, 20, 40, 40, 3320]
[232, 40, 40, 40, 40, 20, 20, 20, 40, 60, 40, 0, 40, 40, 40, 0, 40, 20, 60, 40, 40, 60, 40, 40, 60, 40, 40, 40, 40, 40, 80, 20, 20, 40, 40, 40, 20, 40, 40, 60, 40, 60, 40, 40, 20, 20, 40, 0, 40, 40, 20, 40, 20, 40, 20, 40, 40, 20, 40, 40, 40, 20, 40, 40, 20, 60, 60, 40, 40, 20, 40, 40, 40, 20, 40, 60, 20, 40, 20, 40, 20, 60, 40, 20, 40, 40, 20, 40, 40, 40, 40, 40, 40, 60, 20, 40, 60, 40, 20, 40, 40, 3340]
[234, 40, 40, 40, 40, 20, 20, 20, 40, 60, 40, 0, 40, 40, 40, 0, 40, 20, 60, 40, 40, 60, 40, 40, 60, 40, 60, 40, 40, 40, 80, 20, 20, 40, 40, 40, 20, 40, 40, 60, 40, 60, 40, 40, 20, 20, 40, 0, 40, 40, 40, 40, 20, 40, 20, 40, 40, 20, 40, 40, 40, 20, 40, 40, 20, 60, 60, 40, 40, 20, 40, 40, 40, 20, 40, 60, 20, 40, 20, 40, 20, 60, 40, 20, 40, 40, 20, 40, 40, 40, 40, 40, 40, 60, 20, 40, 60, 40, 20, 40, 40, 3380]
[235, 40, 40, 40, 40, 20, 20, 20, 40, 60, 40, 0, 40, 40, 40, 0, 40, 20, 60, 40, 40, 60, 40, 40, 60, 40, 60, 40, 40, 40, 80, 20, 40, 40, 40, 40, 20, 40, 40, 60, 40, 60, 40, 40, 20, 20, 40, 0, 40, 40, 40, 40, 20, 40, 20, 40, 40, 20, 40, 40, 40, 20, 40, 40, 20, 60, 60, 40, 40, 20, 40, 40, 40, 20, 40, 60, 20, 40, 20, 40, 20, 60, 40, 20, 40, 40, 20, 40, 40, 40, 40, 40, 40, 60, 20, 40, 60, 40, 20, 40, 40, 3400]
[240, 40, 40, 40, 40, 20, 20, 20, 40, 60, 40, 0, 40, 40, 40, 0, 40, 20, 60, 40, 40, 60, 40, 40, 60, 40, 60, 40, 40, 40, 80, 20, 40, 40, 40, 40, 20, 40, 40, 60, 40, 60, 40, 40, 20, 20, 40, 0, 40, 40, 40, 40, 20, 40, 20, 40, 40, 40, 40, 40, 40, 20, 40, 40, 20, 60, 60, 40, 40, 20, 40, 40, 40, 20, 40, 60, 20, 40, 20, 40, 20, 60, 40, 20, 40, 40, 20, 40, 40, 40, 40, 40, 40, 60, 20, 40, 60, 40, 20, 40, 40, 3420]
[240, 40, 40, 40, 40, 20, 20, 20, 40, 60, 40, 0, 40, 40, 40, 0, 40, 20, 60, 40, 40, 60, 40, 40, 60, 40, 60, 40, 40, 40, 80, 20, 40, 40, 40, 40, 20, 40, 40, 60, 40, 60, 40, 40, 40, 20, 40, 0, 40, 40, 40, 40, 20, 40, 20, 40, 40, 40, 40, 40, 40, 20, 40, 40, 20, 60, 60, 40, 40, 20, 40, 40, 40, 20, 40, 60, 20, 40, 20, 40, 20, 60, 40, 20, 40, 40, 20, 40, 40, 40, 40, 40, 40, 60, 20, 40, 60, 40, 20, 40, 40, 3440]
[241, 40, 40, 40, 40, 20, 20, 20, 40, 60, 40, 0, 40, 40, 40, 0, 40, 20, 60, 40, 40, 60, 40, 40, 60, 40, 60, 40, 40, 40, 80, 20, 40, 40, 40, 40, 20, 40, 40, 60, 40, 60, 40, 40, 40, 20, 40, 0, 40, 40, 40, 40, 20, 40, 20, 40, 40, 40, 40, 40, 40, 20, 40, 40, 20, 60, 60, 40, 40, 20, 40, 40, 40, 60, 40, 60, 20, 40, 20, 40, 20, 60, 40, 20, 40, 40, 20, 40, 40, 40, 40, 40, 40, 60, 20, 40, 60, 40, 20, 40, 40, 3460]
[242, 40, 40, 40, 40, 20, 20, 20, 40, 60, 40, 0, 40, 40, 40, 0, 40, 20, 60, 40, 40, 60, 40, 40, 60, 40, 60, 40, 40, 40, 80, 20, 40, 40, 40, 40, 20, 40, 40, 60, 40, 60, 40, 40, 40, 20, 40, 0, 40, 40, 40, 40, 20, 40, 20, 40, 40, 40, 40, 40, 60, 20, 40, 40, 20, 60, 60, 40, 40, 20, 40, 40, 40, 60, 40, 60, 20, 40, 20, 40, 20, 60, 40, 20, 40, 40, 20, 40, 40, 40, 40, 40, 40, 60, 20, 40, 60, 40, 20, 40, 40, 3480]
[243, 40, 40, 40, 40, 20, 20, 20, 40, 60, 40, 0, 40, 40, 40, 0, 40, 20, 60, 40, 40, 60, 40, 40, 60, 40, 60, 40, 40, 40, 80, 20, 40, 40, 40, 40, 20, 40, 40, 60, 40, 60, 40, 40, 40, 40, 40, 0, 40, 40, 40, 40, 20, 40, 20, 40, 40, 40, 40, 40, 60, 20, 40, 40, 20, 60, 60, 40, 40, 20, 40, 40, 40, 60, 40, 60, 20, 40, 20, 40, 20, 60, 40, 20, 40, 40, 20, 40, 40, 40, 40, 40, 40, 60, 20, 40, 60, 40, 20, 40, 40, 3500]
[245, 40, 40, 40, 40, 20, 20, 20, 40, 60, 60, 0, 40, 40, 40, 0, 40, 20, 60, 40, 40, 60, 40, 40, 60, 40, 60, 40, 40, 40, 80, 20, 40, 40, 40, 40, 20, 40, 40, 60, 40, 60, 40, 40, 40, 40, 40, 0, 40, 40, 40, 40, 20, 40, 20, 40, 40, 40, 40, 40, 60, 20, 40, 40, 20, 60, 60, 40, 40, 20, 40, 40, 40, 60, 40, 60, 20, 40, 20, 40, 20, 60, 40, 20, 40, 40, 20, 40, 40, 40, 40, 40, 40, 60, 20, 40, 60, 40, 20, 40, 40, 3520]
[246, 40, 40, 40, 40, 20, 20, 20, 40, 60, 60, 0, 40, 40, 40, 0, 40, 40, 60, 40, 40, 60, 40, 40, 60, 40, 60, 40, 40, 40, 80, 20, 40, 40, 40, 40, 20, 40, 40, 60, 40, 60, 40, 40, 40, 40, 40, 0, 40, 40, 40, 40, 20, 40, 20, 40, 40, 40, 40, 40, 60, 20, 40, 40, 20, 60, 60, 40, 40, 20, 40, 40, 40, 60, 40, 60, 20, 40, 20, 40, 20, 60, 40, 20, 40, 40, 20, 40, 40, 40, 40, 40, 40, 60, 20, 40, 60, 40, 20, 40, 40, 3540]
[246, 40, 40, 40, 40, 20, 20, 20, 40, 60, 60, 0, 40, 40, 40, 0, 40, 40, 60, 40, 40, 60, 40, 40, 60, 40, 60, 40, 40, 40, 80, 20, 40, 40, 40, 40, 20, 40, 40, 60, 40, 60, 40, 40, 40, 40, 40, 0, 40, 40, 40, 80, 20, 40, 20, 40, 40, 40, 40, 40, 60, 20, 40, 40, 20, 60, 60, 40, 40, 20, 40, 40, 40, 60, 40, 60, 20, 40, 20, 40, 20, 60, 40, 20, 40, 40, 20, 40, 40, 40, 40, 40, 40, 60, 20, 40, 60, 40, 20, 40, 40, 3560]
[248, 40, 40, 40, 40, 20, 20, 20, 40, 60, 60, 0, 40, 40, 40, 0, 40, 40, 60, 40, 40, 60, 40, 40, 60, 40, 60, 40, 40, 40, 80, 20, 40, 40, 40, 40, 20, 40, 40, 60, 40, 60, 40, 40, 40, 40, 40, 0, 60, 40, 40, 80, 20, 40, 20, 40, 40, 40, 40, 40, 60, 20, 40, 40, 20, 60, 60, 40, 40, 20, 40, 40, 40, 60, 40, 60, 20, 40, 20, 40, 20, 60, 40, 20, 40, 40, 20, 40, 40, 40, 40, 40, 40, 60, 20, 40, 60, 40, 20, 40, 40, 3580]
[249, 40, 40, 40, 40, 20, 20, 20, 40, 60, 60, 0, 40, 40, 40, 0, 40, 40, 60, 40, 40, 60, 40, 40, 60, 40, 60, 40, 40, 40, 80, 20, 40, 40, 40, 40, 20, 40, 40, 60, 40, 60, 40, 40, 40, 40, 40, 0, 60, 40, 40, 80, 20, 40, 20, 40, 40, 40, 40, 40, 60, 20, 40, 60, 20, 60, 60, 40, 40, 20, 40, 40, 40, 60, 40, 60, 20, 40, 20, 40, 20, 60, 40, 20, 40, 40, 20, 40, 40, 40, 40, 40, 40, 60, 20, 40, 60, 40, 20, 40, 40, 3600]
[252, 40, 40, 40, 40, 20, 20, 20, 40, 60, 60, 0, 40, 40, 40, 0, 40, 40, 60, 40, 40, 60, 40, 40, 60, 40, 60, 40, 40, 40, 80, 20, 40, 40, 40, 40, 20, 40, 40, 60, 40, 60, 40, 40, 40, 40, 40, 0, 60, 40, 40, 80, 20, 40, 20, 40, 40, 40, 40, 40, 60, 20, 40, 60, 20, 60, 60, 40, 40, 60, 40, 40, 40, 60, 40, 60, 20, 40, 20, 40, 20, 60, 40, 20, 40, 40, 20, 40, 40, 40, 40, 40, 40, 60, 20, 40, 60, 40, 20, 40, 40, 3620]
[253, 40, 40, 40, 40, 20, 20, 20, 40, 60, 60, 0, 40, 40, 40, 0, 40, 40, 60, 40, 40, 60, 40, 40, 60, 40, 60, 40, 40, 40, 80, 20, 40, 40, 40, 40, 20, 40, 40, 60, 40, 60, 40, 40, 40, 40, 40, 0, 60, 40, 40, 80, 20, 40, 60, 40, 40, 40, 40, 40, 60, 20, 40, 60, 20, 60, 60, 40, 40, 60, 40, 40, 40, 60, 40, 60, 20, 40, 20, 40, 20, 60, 40, 20, 40, 40, 20, 40, 40, 40, 40, 40, 40, 60, 20, 40, 60, 40, 20, 40, 40, 3640]
[255, 40, 40, 40, 40, 20, 20, 20, 40, 60, 60, 0, 40, 40, 40, 0, 40, 40, 60, 40, 40, 60, 40, 40, 60, 40, 60, 40, 40, 40, 80, 20, 40, 40, 40, 40, 20, 40, 40, 60, 40, 60, 40, 40, 40, 40, 40, 0, 60, 40, 40, 80, 20, 40, 60, 40, 40, 40, 40, 40, 60, 20, 40, 60, 20, 60, 60, 40, 40, 60, 40, 40, 40, 60, 40, 60, 20, 40, 20, 40, 20, 60, 40, 20, 40, 40, 20, 40, 40, 40, 40, 40, 60, 60, 20, 40, 60, 40, 20, 40, 40, 3660]
[256, 40, 40, 40, 40, 20, 20, 20, 40, 60, 60, 0, 40, 40, 40, 0, 40, 40, 60, 40, 40, 60, 40, 40, 60, 40, 60, 40, 40, 40, 80, 20, 40, 40, 40, 40, 20, 40, 40, 80, 40, 60, 40, 40, 40, 40, 40, 0, 60, 40, 40, 80, 20, 40, 60, 40, 40, 40, 40, 40, 60, 20, 40, 60, 20, 60, 60, 40, 40, 60, 40, 40, 40, 60, 40, 60, 20, 40, 20, 40, 20, 60, 40, 20, 40, 40, 20, 40, 40, 40, 40, 40, 60, 60, 20, 40, 60, 40, 20, 40, 40, 3680]
[258, 40, 40, 40, 40, 20, 20, 20, 40, 60, 60, 0, 40, 40, 40, 0, 40, 40, 60, 40, 40, 60, 40, 40, 60, 40, 60, 40, 40, 40, 80, 20, 40, 40, 40, 40, 20, 40, 40, 80, 40, 60, 40, 40, 40, 40, 40, 0, 60, 40, 40, 80, 20, 40, 60, 40, 40, 40, 40, 40, 60, 20, 40, 60, 20, 60, 60, 40, 40, 60, 40, 40, 40, 60, 40, 60, 20, 40, 20, 40, 20, 60, 40, 20, 40, 40, 20, 40, 40, 40, 80, 40, 60, 60, 20, 40, 60, 40, 20, 40, 40, 3700]
[259, 40, 40, 40, 40, 20, 20, 20, 40, 60, 60, 0, 40, 40, 40, 0, 40, 40, 60, 40, 40, 60, 40, 40, 60, 80, 60, 40, 40, 40, 80, 20, 40, 40, 40, 40, 20, 40, 40, 80, 40, 60, 40, 40, 40, 40, 40, 0, 60, 40, 40, 80, 20, 40, 60, 40, 40, 40, 40, 40, 60, 20, 40, 60, 20, 60, 60, 40, 40, 60, 40, 40, 40, 60, 40, 60, 20, 40, 20, 40, 20, 60, 40, 20, 40, 40, 20, 40, 40, 40, 80, 40, 60, 60, 20, 40, 60, 40, 20, 40, 40, 3720]
[260, 40, 40, 40, 40, 20, 20, 20, 40, 60, 60, 0, 40, 40, 40, 0, 40, 40, 60, 40, 40, 60, 40, 40, 60, 80, 60, 40, 40, 40, 80, 20, 40, 40, 40, 40, 20, 40, 40, 80, 40, 60, 40, 40, 40, 40, 40, 0, 60, 60, 40, 80, 20, 40, 60, 40, 40, 40, 40, 40, 60, 20, 40, 60, 20, 60, 60, 40, 40, 60, 40, 40, 40, 60, 40, 60, 60, 40, 20, 40, 20, 60, 40, 20, 40, 40, 20, 40, 40, 40, 80, 40, 60, 60, 20, 40, 60, 40, 20, 40, 40, 3760]
[264, 40, 40, 40, 40, 20, 20, 20, 40, 60, 60, 0, 40, 40, 40, 0, 40, 40, 60, 40, 40, 60, 40, 40, 60, 80, 60, 40, 40, 40, 80, 20, 40, 40, 40, 40, 20, 40, 40, 80, 40, 60, 40, 40, 40, 40, 40, 0, 60, 60, 40, 80, 20, 40, 60, 40, 40, 40, 40, 40, 60, 20, 40, 60, 20, 60, 60, 40, 40, 60, 40, 40, 40, 60, 40, 60, 60, 40, 20, 40, 20, 60, 40, 20, 80, 40, 20, 40, 40, 40, 80, 40, 60, 60, 20, 40, 60, 40, 20, 40, 40, 3780]
[264, 40, 40, 40, 40, 20, 20, 20, 40, 60, 60, 0, 40, 40, 40, 0, 40, 40, 60, 40, 40, 60, 40, 40, 60, 80, 60, 40, 40, 40, 80, 20, 40, 40, 40, 40, 20, 40, 40, 80, 40, 60, 40, 40, 40, 40, 40, 0, 60, 60, 40, 80, 20, 40, 60, 40, 40, 40, 40, 40, 60, 20, 40, 60, 20, 60, 60, 40, 40, 60, 40, 40, 40, 60, 40, 60, 60, 40, 20, 40, 20, 80, 40, 20, 80, 40, 20, 40, 40, 40, 80, 40, 60, 60, 20, 40, 60, 40, 20, 40, 40, 3800]
[265, 40, 40, 40, 40, 20, 20, 20, 40, 60, 60, 0, 40, 40, 40, 0, 40, 40, 60, 40, 40, 60, 40, 40, 60, 80, 60, 40, 40, 40, 100, 20, 40, 40, 40, 40, 20, 40, 40, 80, 40, 60, 40, 40, 40, 40, 40, 0, 60, 60, 40, 80, 20, 40, 60, 40, 40, 40, 40, 40, 60, 20, 40, 60, 20, 60, 60, 40, 40, 60, 40, 40, 40, 60, 40, 60, 60, 40, 20, 40, 20, 80, 40, 20, 80, 40, 20, 40, 40, 40, 80, 40, 60, 60, 20, 40, 60, 40, 20, 40, 40, 3820]
[266, 40, 40, 40, 40, 20, 20, 20, 40, 60, 60, 0, 40, 40, 40, 0, 40, 40, 60, 40, 40, 60, 40, 40, 60, 80, 60, 40, 40, 40, 100, 20, 40, 40, 40, 40, 20, 40, 40, 80, 40, 60, 40, 40, 40, 40, 40, 0, 60, 60, 40, 80, 20, 40, 60, 40, 40, 40, 40, 40, 60, 60, 40, 60, 20, 60, 60, 40, 40, 60, 40, 40, 40, 60, 40, 60, 60, 40, 20, 40, 20, 80, 40, 20, 80, 40, 20, 40, 40, 40, 80, 40, 60, 60, 20, 40, 60, 40, 20, 40, 40, 3840]
[267, 40, 40, 40, 40, 20, 20, 20, 40, 60, 60, 0, 40, 40, 40, 0, 40, 40, 60, 40, 40, 60, 40, 40, 60, 80, 60, 40, 40, 40, 100, 20, 40, 40, 40, 40, 20, 40, 40, 80, 40, 60, 40, 40, 40, 40, 40, 0, 60, 60, 40, 80, 20, 40, 60, 40, 40, 40, 40, 40, 60, 60, 40, 60, 20, 80, 60, 40, 40, 60, 40, 40, 40, 60, 40, 60, 60, 40, 20, 40, 20, 80, 40, 20, 80, 40, 20, 40, 40, 40, 80, 40, 60, 60, 20, 40, 60, 40, 20, 40, 40, 3860]
[268, 40, 40, 40, 40, 20, 20, 20, 40, 60, 60, 0, 40, 40, 40, 0, 40, 40, 60, 40, 60, 60, 40, 40, 60, 80, 60, 40, 40, 40, 100, 20, 40, 40, 40, 40, 20, 40, 40, 80, 40, 60, 40, 40, 40, 40, 40, 0, 60, 60, 40, 80, 20, 40, 60, 40, 40, 40, 40, 40, 60, 60, 40, 60, 20, 80, 60, 40, 40, 60, 40, 40, 40, 60, 40, 60, 60, 40, 20, 40, 20, 80, 40, 20, 80, 40, 20, 40, 40, 40, 80, 40, 60, 60, 20, 40, 60, 40, 20, 40, 40, 3880]
[270, 40, 40, 40, 40, 20, 20, 20, 40, 60, 60, 0, 40, 40, 40, 0, 40, 40, 60, 40, 60, 60, 40, 40, 60, 80, 60, 40, 40, 40, 100, 60, 40, 40, 40, 40, 20, 40, 40, 80, 40, 60, 40, 40, 40, 40, 40, 0, 60, 60, 40, 80, 20, 40, 60, 40, 40, 40, 40, 40, 60, 60, 40, 60, 20, 80, 60, 40, 40, 60, 40, 40, 40, 60, 40, 60, 60, 40, 20, 40, 40, 80, 40, 20, 80, 40, 20, 40, 40, 40, 80, 40, 60, 60, 20, 40, 60, 40, 20, 40, 40, 3920]
[270, 40, 40, 40, 40, 20, 20, 20, 40, 60, 60, 0, 40, 40, 40, 0, 40, 40, 60, 40, 60, 60, 40, 40, 80, 80, 60, 40, 40, 40, 100, 60, 40, 40, 40, 40, 20, 40, 40, 80, 40, 60, 40, 40, 40, 40, 40, 0, 60, 60, 40, 80, 20, 40, 60, 40, 40, 40, 40, 40, 60, 60, 40, 60, 20, 80, 60, 40, 40, 60, 40, 40, 40, 60, 40, 60, 60, 40, 20, 40, 40, 80, 40, 20, 80, 40, 20, 40, 40, 40, 80, 40, 60, 60, 20, 40, 60, 40, 20, 40, 40, 3940]
[273, 40, 40, 40, 40, 20, 20, 20, 40, 60, 60, 0, 40, 40, 40, 0, 40, 40, 60, 40, 60, 60, 40, 40, 80, 80, 60, 40, 40, 40, 100, 60, 40, 40, 40, 40, 20, 40, 60, 80, 40, 60, 40, 40, 40, 40, 40, 0, 60, 60, 40, 80, 20, 40, 60, 40, 40, 40, 40, 40, 60, 60, 40, 60, 20, 80, 60, 40, 40, 60, 40, 40, 40, 60, 40, 60, 60, 40, 20, 40, 40, 80, 40, 20, 80, 40, 20, 40, 40, 40, 80, 40, 60, 60, 20, 40, 60, 40, 20, 40, 40, 3960]
[274, 40, 40, 40, 40, 20, 20, 20, 40, 60, 60, 0, 40, 40, 40, 0, 40, 40, 60, 40, 60, 60, 40, 40, 80, 80, 60, 40, 40, 40, 100, 60, 40, 40, 40, 40, 20, 40, 60, 80, 40, 60, 40, 40, 40, 40, 40, 0, 60, 60, 40, 80, 20, 40, 60, 40, 40, 40, 40, 40, 60, 60, 40, 60, 20, 80, 60, 40, 40, 60, 40, 40, 40, 60, 40, 80, 60, 40, 20, 40, 40, 80, 40, 20, 80, 40, 20, 40, 40, 40, 80, 40, 60, 60, 20, 40, 60, 40, 20, 40, 40, 3980]
[274, 40, 40, 40, 40, 20, 20, 20, 40, 60, 60, 0, 40, 40, 40, 80, 40, 40, 60, 40, 60, 60, 40, 40, 80, 80, 60, 40, 40, 40, 100, 60, 40, 40, 40, 40, 20, 40, 60, 80, 40, 60, 40, 40, 40, 40, 40, 0, 60, 60, 40, 80, 20, 40, 60, 40, 40, 40, 40, 40, 60, 60, 40, 60, 20, 80, 60, 40, 40, 60, 40, 40, 40, 60, 40, 80, 60, 40, 20, 40, 40, 80, 40, 20, 80, 40, 20, 40, 40, 40, 80, 40, 60, 60, 20, 40, 60, 40, 20, 40, 40, 4000]
[276, 40, 40, 40, 40, 20, 20, 20, 40, 60, 60, 0, 40, 40, 40, 80, 40, 40, 60, 40, 60, 60, 40, 40, 80, 80, 60, 40, 40, 40, 100, 60, 40, 40, 40, 40, 20, 40, 60, 80, 40, 60, 40, 40, 40, 40, 40, 0, 60, 60, 40, 80, 40, 40, 60, 40, 40, 40, 40, 40, 60, 60, 40, 60, 20, 80, 60, 40, 40, 60, 40, 40, 40, 60, 40, 80, 60, 40, 20, 40, 40, 80, 40, 20, 80, 40, 20, 40, 40, 40, 80, 40, 60, 60, 20, 40, 60, 40, 20, 40, 40, 4020]
[277, 40, 40, 40, 40, 20, 20, 20, 40, 60, 60, 0, 40, 40, 40, 80, 40, 40, 80, 40, 60, 60, 40, 40, 80, 80, 60, 40, 40, 40, 100, 60, 40, 40, 40, 40, 20, 40, 60, 80, 40, 60, 40, 40, 40, 40, 40, 0, 60, 60, 40, 80, 40, 40, 60, 40, 40, 40, 40, 40, 60, 60, 40, 60, 20, 80, 60, 40, 40, 60, 40, 40, 40, 60, 40, 80, 60, 40, 20, 40, 40, 80, 40, 20, 80, 40, 20, 40, 40, 40, 80, 40, 60, 60, 20, 40, 60, 40, 20, 40, 40, 4040]
[278, 40, 40, 40, 40, 20, 20, 20, 40, 60, 60, 0, 40, 40, 40, 80, 40, 40, 80, 40, 60, 60, 40, 40, 80, 80, 60, 40, 40, 40, 100, 60, 40, 40, 40, 40, 20, 40, 60, 80, 40, 60, 40, 40, 40, 40, 40, 0, 60, 60, 40, 80, 40, 40, 60, 40, 40, 40, 40, 40, 60, 60, 40, 60, 20, 80, 60, 40, 40, 60, 40, 40, 40, 60, 40, 80, 60, 40, 20, 40, 40, 80, 40, 20, 80, 40, 20, 40, 40, 40, 80, 40, 60, 60, 20, 40, 60, 40, 20, 60, 40, 4060]
[279, 60, 60, 40, 40, 20, 20, 20, 40, 60, 60, 0, 40, 40, 40, 80, 40, 40, 80, 40, 60, 60, 40, 40, 80, 80, 60, 40, 40, 40, 100, 60, 40, 40, 40, 40, 20, 40, 60, 80, 40, 60, 40, 40, 40, 40, 40, 0, 60, 60, 40, 80, 40, 40, 60, 40, 40, 40, 40, 40, 60, 60, 40, 60, 20, 80, 60, 40, 40, 60, 40, 40, 40, 60, 40, 80, 60, 40, 20, 40, 40, 80, 40, 20, 80, 40, 20, 40, 40, 40, 80, 40, 60, 60, 20, 40, 60, 40, 20, 60, 40, 4100]
[281, 60, 60, 40, 40, 20, 20, 60, 40, 60, 60, 0, 40, 40, 40, 80, 40, 40, 80, 40, 60, 60, 40, 40, 80, 80, 60, 40, 40, 40, 100, 60, 40, 40, 40, 40, 20, 40, 60, 80, 40, 60, 40, 40, 40, 40, 40, 0, 60, 60, 40, 80, 40, 40, 60, 40, 40, 40, 40, 40, 60, 60, 40, 60, 20, 80, 60, 40, 40, 60, 40, 40, 40, 60, 40, 80, 60, 40, 20, 40, 40, 80, 40, 20, 80, 40, 20, 40, 40, 40, 80, 40, 60, 60, 20, 40, 60, 40, 20, 60, 40, 4120]
[282, 60, 60, 40, 40, 20, 20, 60, 40, 60, 60, 0, 40, 40, 40, 80, 40, 40, 80, 40, 60, 60, 40, 40, 80, 80, 60, 40, 40, 40, 100, 60, 40, 40, 40, 40, 20, 40, 60, 80, 40, 60, 40, 40, 40, 40, 40, 0, 60, 60, 40, 80, 40, 40, 60, 40, 40, 40, 40, 40, 60, 60, 40, 60, 20, 80, 60, 40, 40, 60, 40, 40, 60, 60, 40, 80, 60, 40, 20, 40, 40, 80, 40, 20, 80, 40, 20, 40, 40, 40, 80, 40, 60, 60, 20, 40, 60, 40, 20, 60, 40, 4140]
[284, 60, 60, 40, 40, 20, 20, 60, 40, 60, 60, 0, 40, 40, 40, 80, 40, 40, 80, 40, 60, 60, 40, 40, 80, 80, 60, 40, 40, 40, 100, 60, 40, 40, 40, 60, 20, 40, 60, 80, 40, 60, 40, 40, 40, 40, 40, 0, 60, 60, 40, 80, 40, 40, 60, 40, 40, 40, 40, 40, 60, 60, 40, 60, 20, 80, 60, 40, 40, 60, 40, 40, 60, 60, 40, 80, 60, 40, 20, 40, 40, 80, 40, 20, 80, 40, 20, 40, 40, 40, 80, 40, 60, 60, 20, 40, 60, 40, 20, 60, 40, 4160]
[285, 60, 60, 40, 40, 20, 20, 60, 40, 60, 60, 0, 40, 40, 40, 80, 40, 40, 80, 40, 60, 60, 40, 40, 80, 80, 60, 40, 40, 40, 100, 60, 40, 40, 40, 60, 20, 40, 60, 80, 40, 60, 40, 40, 40, 40, 40, 0, 60, 60, 40, 80, 40, 40, 60, 40, 40, 40, 40, 60, 60, 60, 40, 60, 20, 80, 60, 40, 40, 60, 40, 40, 60, 60, 40, 80, 60, 40, 20, 40, 40, 80, 40, 20, 80, 40, 20, 40, 40, 40, 80, 40, 60, 60, 20, 40, 60, 40, 20, 60, 40, 4180]
[286, 60, 60, 40, 40, 20, 20, 60, 40, 60, 60, 0, 100, 40, 40, 80, 60, 40, 80, 40, 60, 60, 40, 40, 80, 80, 60, 40, 40, 40, 100, 60, 40, 40, 40, 60, 20, 40, 60, 80, 40, 60, 40, 40, 40, 40, 40, 0, 60, 60, 40, 80, 40, 40, 60, 40, 40, 40, 40, 60, 60, 60, 40, 60, 20, 80, 60, 40, 40, 60, 40, 40, 60, 60, 40, 80, 60, 40, 20, 40, 40, 80, 60, 20, 80, 40, 20, 40, 40, 40, 80, 40, 60, 60, 20, 40, 60, 40, 20, 60, 40, 4240]
[290, 60, 60, 40, 40, 20, 20, 60, 40, 60, 60, 0, 100, 40, 40, 80, 60, 40, 80, 40, 60, 60, 40, 40, 80, 80, 60, 40, 40, 40, 100, 60, 40, 40, 40, 60, 20, 40, 60, 80, 40, 60, 40, 40, 40, 40, 40, 0, 60, 60, 40, 80, 40, 40, 60, 40, 40, 40, 40, 60, 60, 60, 40, 60, 20, 80, 60, 40, 40, 60, 40, 40, 60, 60, 40, 80, 60, 40, 20, 40, 40, 80, 60, 60, 80, 40, 20, 40, 40, 40, 80, 40, 60, 60, 20, 40, 60, 40, 20, 60, 40, 4260]
[291, 60, 60, 40, 40, 20, 20, 60, 40, 60, 60, 0, 100, 40, 40, 80, 60, 40, 80, 40, 60, 60, 40, 40, 80, 80, 60, 40, 40, 40, 100, 60, 40, 40, 40, 60, 20, 40, 60, 80, 40, 60, 40, 40, 40, 40, 40, 80, 60, 60, 40, 80, 40, 40, 60, 40, 40, 40, 40, 60, 60, 60, 40, 60, 20, 80, 60, 40, 40, 60, 40, 40, 60, 60, 40, 80, 60, 40, 20, 40, 40, 80, 60, 60, 80, 40, 20, 40, 40, 40, 80, 40, 60, 60, 20, 40, 60, 40, 20, 60, 40, 4280]
[294, 60, 60, 40, 40, 20, 20, 60, 40, 60, 60, 0, 100, 40, 40, 80, 60, 40, 80, 40, 60, 60, 40, 60, 80, 80, 60, 40, 40, 40, 100, 60, 40, 40, 40, 60, 20, 40, 60, 80, 40, 60, 40, 40, 40, 40, 40, 80, 60, 60, 40, 80, 40, 40, 60, 40, 40, 40, 40, 60, 60, 60, 40, 60, 20, 80, 60, 40, 40, 60, 40, 40, 60, 60, 40, 80, 60, 40, 20, 40, 40, 80, 60, 60, 80, 40, 20, 60, 40, 40, 80, 40, 60, 60, 20, 40, 60, 60, 20, 60, 40, 4340]
[295, 60, 60, 40, 40, 20, 20, 60, 40, 60, 60, 0, 100, 40, 40, 80, 60, 40, 80, 40, 60, 60, 40, 60, 80, 80, 60, 40, 40, 60, 100, 60, 40, 40, 40, 60, 20, 40, 60, 80, 40, 60, 40, 40, 40, 40, 40, 80, 60, 60, 40, 80, 40, 40, 60, 40, 40, 40, 40, 60, 60, 60, 40, 60, 20, 80, 60, 40, 40, 60, 40, 40, 60, 60, 40, 80, 60, 40, 20, 40, 40, 80, 60, 60, 80, 40, 20, 60, 40, 40, 80, 40, 60, 60, 20, 40, 60, 60, 20, 60, 40, 4360]
[296, 60, 60, 40, 40, 20, 20, 60, 40, 60, 60, 0, 100, 40, 40, 80, 60, 40, 80, 40, 60, 60, 40, 60, 80, 80, 60, 40, 40, 60, 100, 60, 40, 40, 40, 60, 20, 40, 60, 80, 40, 60, 60, 40, 40, 40, 40, 80, 60, 60, 40, 80, 40, 40, 60, 40, 40, 40, 40, 60, 60, 60, 40, 60, 20, 80, 60, 40, 40, 60, 40, 40, 60, 60, 40, 80, 60, 40, 20, 40, 40, 80, 60, 60, 80, 40, 20, 60, 40, 40, 80, 40, 60, 60, 20, 40, 60, 60, 20, 60, 40, 4380]
[297, 60, 60, 40, 40, 20, 20, 60, 40, 60, 60, 0, 100, 40, 40, 80, 60, 40, 80, 40, 60, 80, 40, 60, 80, 80, 60, 40, 40, 60, 100, 60, 40, 40, 40, 60, 20, 40, 60, 80, 40, 60, 60, 40, 40, 40, 40, 80, 60, 60, 40, 80, 40, 40, 60, 40, 40, 40, 40, 60, 60, 60, 40, 60, 20, 80, 60, 40, 40, 60, 40, 40, 60, 60, 40, 80, 60, 40, 20, 40, 40, 80, 60, 60, 80, 40, 20, 60, 40, 40, 80, 40, 60, 60, 20, 40, 60, 60, 20, 60, 40, 4400]
[298, 60, 60, 40, 40, 20, 20, 60, 40, 80, 60, 0, 100, 40, 40, 80, 60, 40, 80, 40, 60, 80, 40, 60, 80, 80, 60, 40, 40, 60, 100, 60, 40, 40, 40, 60, 20, 40, 60, 80, 40, 60, 60, 40, 40, 40, 40, 80, 60, 60, 40, 80, 40, 40, 60, 40, 40, 40, 40, 60, 60, 60, 40, 60, 20, 80, 60, 40, 40, 60, 40, 40, 60, 60, 40, 80, 60, 40, 20, 40, 40, 80, 60, 60, 80, 40, 20, 60, 40, 40, 80, 40, 60, 60, 20, 40, 60, 60, 20, 60, 40, 4420]
[299, 60, 60, 40, 40, 20, 20, 60, 40, 80, 60, 0, 100, 40, 40, 80, 60, 40, 80, 40, 60, 80, 40, 60, 80, 80, 60, 40, 40, 60, 100, 60, 40, 40, 40, 60, 20, 40, 60, 80, 40, 60, 60, 40, 40, 40, 40, 80, 60, 60, 40, 80, 40, 40, 60, 40, 40, 40, 40, 60, 60, 60, 40, 60, 20, 80, 60, 40, 40, 60, 40, 40, 60, 60, 40, 80, 60, 40, 20, 40, 40, 80, 60, 60, 80, 40, 20, 60, 40, 40, 80, 60, 60, 60, 20, 40, 60, 60, 20, 60, 40, 4440]
[300, 60, 60, 40, 40, 20, 20, 60, 40, 80, 60, 0, 100, 40, 40, 80, 60, 40, 80, 40, 60, 80, 40, 60, 80, 80, 60, 40, 40, 60, 100, 60, 40, 40, 40, 60, 20, 40, 60, 80, 40, 60, 60, 40, 40, 40, 60, 80, 60, 60, 40, 80, 40, 40, 60, 40, 40, 40, 40, 60, 60, 60, 40, 60, 20, 80, 60, 40, 40, 60, 40, 40, 60, 60, 40, 80, 60, 40, 20, 40, 40, 80, 60, 60, 80, 40, 20, 60, 40, 40, 80, 60, 60, 60, 20, 40, 60, 60, 20, 60, 40, 4460]
[300, 60, 60, 40, 40, 20, 20, 60, 40, 80, 60, 0, 100, 40, 40, 80, 60, 40, 80, 40, 60, 80, 60, 60, 80, 80, 60, 40, 40, 60, 100, 60, 40, 40, 40, 60, 20, 40, 60, 80, 40, 60, 60, 40, 40, 40, 60, 80, 60, 60, 40, 80, 40, 40, 60, 40, 40, 40, 40, 60, 60, 60, 40, 60, 20, 80, 60, 40, 40, 60, 40, 40, 60, 60, 40, 80, 60, 40, 20, 40, 40, 80, 60, 60, 80, 40, 20, 60, 40, 40, 80, 60, 60, 60, 20, 40, 60, 60, 20, 60, 40, 4480]
[301, 60, 60, 60, 40, 20, 20, 60, 40, 80, 60, 0, 100, 40, 40, 80, 60, 40, 80, 40, 60, 80, 60, 60, 80, 80, 60, 40, 40, 60, 100, 60, 40, 40, 40, 60, 20, 40, 60, 80, 40, 60, 60, 40, 40, 40, 60, 80, 60, 60, 40, 80, 40, 40, 60, 40, 40, 40, 40, 60, 60, 60, 40, 60, 20, 80, 60, 40, 40, 60, 40, 40, 60, 60, 40, 80, 60, 40, 20, 40, 40, 80, 60, 60, 80, 40, 20, 60, 40, 40, 80, 60, 60, 60, 20, 40, 60, 60, 20, 60, 40, 4500]
[303, 60, 60, 60, 40, 20, 20, 60, 40, 80, 60, 0, 100, 40, 40, 80, 60, 40, 80, 40, 60, 80, 60, 60, 80, 80, 60, 40, 40, 60, 100, 60, 40, 40, 40, 60, 20, 40, 60, 80, 40, 60, 60, 40, 40, 40, 60, 80, 60, 60, 40, 80, 40, 40, 60, 40, 40, 40, 40, 60, 60, 60, 40, 60, 20, 80, 60, 60, 40, 60, 40, 40, 60, 60, 40, 80, 60, 40, 20, 40, 40, 80, 60, 60, 80, 40, 20, 60, 40, 40, 80, 60, 60, 60, 20, 40, 60, 60, 20, 60, 40, 4520]
[304, 60, 60, 60, 60, 20, 20, 60, 40, 80, 60, 0, 100, 40, 40, 80, 60, 40, 80, 40, 60, 80, 60, 60, 80, 80, 60, 40, 40, 60, 100, 60, 40, 40, 40, 60, 20, 40, 60, 80, 40, 60, 60, 60, 40, 40, 60, 80, 60, 60, 40, 80, 40, 40, 60, 40, 40, 40, 40, 60, 60, 60, 40, 60, 20, 80, 60, 60, 40, 60, 40, 40, 60, 60, 40, 80, 60, 40, 20, 60, 40, 80, 60, 60, 80, 40, 20, 60, 40, 40, 80, 60, 60, 60, 20, 40, 60, 60, 20, 60, 40, 4580]
[305, 60, 60, 60, 60, 20, 20, 60, 40, 80, 60, 0, 100, 40, 40, 80, 60, 40, 80, 40, 60, 80, 60, 60, 80, 80, 60, 40, 40, 60, 100, 60, 40, 40, 40, 60, 20, 40, 60, 80, 40, 60, 60, 60, 40, 40, 60, 80, 60, 60, 40, 80, 40, 40, 60, 40, 40, 40, 40, 60, 60, 60, 40, 60, 20, 80, 60, 60, 40, 60, 40, 40, 60, 60, 60, 80, 60, 40, 20, 60, 40, 80, 60, 60, 80, 40, 20, 60, 40, 40, 80, 60, 60, 60, 20, 40, 60, 60, 20, 60, 40, 4600]
[306, 60, 60, 60, 60, 60, 20, 60, 40, 80, 60, 0, 100, 40, 40, 80, 60, 40, 80, 40, 60, 80, 60, 60, 80, 80, 60, 40, 40, 60, 120, 60, 40, 40, 40, 60, 20, 40, 60, 80, 40, 60, 60, 60, 40, 40, 60, 80, 60, 60, 40, 80, 40, 40, 60, 40, 40, 40, 40, 60, 60, 60, 40, 60, 20, 80, 60, 60, 40, 60, 40, 40, 60, 60, 60, 80, 60, 40, 20, 60, 40, 80, 60, 60, 80, 40, 20, 60, 40, 40, 80, 60, 60, 60, 20, 40, 60, 60, 20, 60, 40, 4640]
[306, 60, 60, 60, 60, 60, 20, 60, 40, 80, 60, 0, 100, 40, 40, 80, 60, 40, 80, 40, 60, 80, 60, 60, 80, 80, 60, 40, 40, 60, 120, 60, 40, 40, 40, 60, 20, 40, 60, 80, 40, 60, 60, 60, 40, 40, 60, 80, 60, 60, 40, 80, 40, 40, 60, 40, 40, 40, 40, 60, 60, 60, 40, 60, 20, 80, 60, 60, 40, 60, 40, 40, 60, 60, 60, 80, 60, 40, 20, 60, 40, 80, 60, 60, 80, 40, 40, 60, 40, 40, 80, 60, 60, 60, 20, 40, 60, 60, 20, 60, 40, 4660]
[307, 60, 60, 60, 60, 60, 20, 60, 40, 80, 60, 0, 100, 40, 40, 80, 60, 40, 80, 40, 60, 80, 60, 60, 80, 80, 60, 60, 40, 60, 120, 60, 40, 40, 40, 60, 20, 40, 60, 80, 40, 60, 60, 60, 40, 40, 60, 80, 60, 60, 40, 80, 40, 40, 60, 40, 40, 40, 40, 60, 60, 60, 40, 60, 20, 80, 60, 60, 40, 60, 40, 40, 60, 60, 60, 80, 60, 40, 20, 60, 40, 80, 60, 60, 80, 40, 40, 60, 40, 40, 80, 60, 60, 60, 20, 40, 60, 60, 20, 60, 40, 4680]
[308, 60, 60, 60, 60, 60, 20, 60, 40, 80, 60, 0, 100, 40, 40, 80, 60, 40, 80, 40, 60, 80, 60, 60, 80, 80, 60, 60, 40, 60, 120, 60, 40, 40, 40, 60, 20, 40, 60, 80, 40, 60, 60, 60, 40, 40, 60, 80, 60, 60, 40, 80, 40, 40, 60, 40, 40, 40, 40, 60, 60, 60, 40, 60, 20, 80, 60, 60, 40, 60, 60, 40, 60, 60, 60, 80, 60, 40, 20, 60, 40, 80, 60, 60, 80, 40, 40, 60, 40, 40, 80, 60, 60, 60, 20, 40, 60, 60, 20, 60, 40, 4700]
[310, 60, 60, 60, 60, 60, 20, 60, 40, 80, 60, 0, 100, 40, 40, 80, 60, 40, 80, 40, 60, 80, 60, 60, 80, 80, 60, 60, 40, 60, 120, 60, 40, 40, 40, 60, 20, 40, 60, 80, 40, 60, 60, 60, 40, 40, 60, 80, 60, 60, 40, 80, 40, 40, 60, 40, 40, 40, 60, 60, 60, 60, 40, 60, 20, 80, 60, 60, 40, 60, 60, 40, 60, 60, 60, 80, 60, 40, 20, 60, 40, 80, 60, 60, 80, 40, 40, 60, 40, 40, 80, 60, 60, 60, 20, 40, 60, 60, 20, 60, 40, 4720]
[311, 60, 60, 60, 60, 60, 20, 60, 40, 80, 60, 0, 100, 60, 40, 80, 60, 40, 80, 40, 60, 80, 60, 60, 80, 80, 60, 60, 40, 60, 120, 60, 40, 40, 40, 60, 20, 40, 60, 80, 40, 60, 60, 60, 40, 40, 60, 80, 60, 60, 40, 80, 40, 40, 60, 40, 40, 40, 60, 60, 60, 60, 40, 60, 20, 80, 60, 60, 40, 60, 60, 40, 60, 60, 60, 80, 60, 40, 20, 60, 40, 80, 60, 60, 80, 40, 40, 60, 40, 40, 80, 60, 60, 60, 20, 40, 60, 60, 20, 60, 40, 4740]
[314, 60, 60, 60, 60, 60, 20, 60, 40, 80, 60, 0, 100, 60, 40, 80, 60, 40, 80, 40, 60, 80, 60, 60, 80, 80, 60, 60, 40, 60, 120, 60, 40, 40, 40, 60, 20, 40, 60, 80, 40, 60, 60, 60, 40, 40, 60, 80, 60, 60, 40, 80, 40, 40, 60, 40, 40, 40, 60, 60, 60, 60, 40, 60, 60, 80, 60, 60, 40, 60, 60, 40, 60, 60, 60, 80, 60, 40, 20, 60, 40, 80, 60, 60, 80, 40, 40, 60, 40, 40, 80, 60, 60, 60, 20, 40, 60, 60, 20, 60, 40, 4760]
[314, 60, 60, 60, 60, 60, 20, 60, 40, 80, 60, 0, 100, 60, 40, 80, 60, 40, 80, 40, 60, 80, 60, 60, 80, 80, 60, 60, 40, 60, 120, 60, 40, 40, 40, 60, 20, 40, 60, 80, 40, 60, 60, 60, 40, 40, 60, 80, 60, 60, 40, 80, 40, 40, 60, 40, 40, 40, 60, 60, 60, 60, 40, 60, 60, 80, 60, 60, 40, 60, 60, 40, 60, 60, 60, 80, 60, 40, 20, 60, 40, 80, 60, 60, 80, 60, 40, 60, 40, 40, 80, 60, 60, 60, 20, 40, 60, 60, 20, 60, 40, 4780]
[315, 60, 60, 60, 60, 60, 20, 60, 40, 80, 60, 0, 100, 60, 40, 80, 60, 40, 80, 40, 60, 80, 60, 60, 80, 80, 60, 60, 40, 60, 120, 60, 40, 40, 40, 60, 20, 40, 60, 80, 40, 60, 60, 60, 40, 40, 60, 80, 60, 60, 40, 80, 40, 40, 60, 40, 40, 60, 60, 60, 60, 60, 40, 60, 60, 80, 60, 60, 40, 60, 60, 40, 60, 60, 60, 80, 60, 40, 20, 60, 40, 80, 60, 60, 80, 60, 40, 60, 40, 40, 80, 60, 60, 60, 20, 40, 60, 60, 20, 60, 40, 4800]
[317, 60, 60, 60, 60, 60, 20, 60, 40, 80, 60, 0, 100, 60, 40, 80, 60, 40, 80, 40, 60, 80, 60, 60, 80, 80, 60, 60, 40, 60, 120, 60, 40, 40, 40, 60, 20, 40, 60, 80, 40, 60, 60, 60, 40, 40, 60, 80, 60, 60, 40, 80, 40, 40, 60, 40, 40, 60, 60, 60, 60, 60, 40, 60, 60, 80, 80, 60, 40, 60, 60, 40, 60, 60, 60, 80, 60, 40, 20, 60, 40, 80, 60, 60, 80, 60, 40, 60, 40, 40, 80, 60, 60, 60, 20, 40, 60, 60, 20, 60, 60, 4840]
[318, 60, 60, 60, 60, 60, 20, 60, 40, 80, 60, 0, 100, 60, 40, 80, 60, 40, 80, 60, 60, 80, 60, 60, 80, 80, 60, 60, 40, 60, 120, 60, 40, 40, 40, 60, 20, 40, 60, 80, 40, 60, 60, 60, 40, 40, 60, 80, 60, 60, 40, 80, 40, 40, 60, 40, 40, 60, 60, 60, 60, 60, 40, 60, 60, 80, 80, 60, 40, 60, 60, 40, 60, 60, 60, 80, 60, 40, 20, 60, 40, 80, 60, 60, 80, 60, 40, 60, 40, 40, 80, 60, 60, 60, 20, 40, 60, 60, 20, 60, 60, 4860]
[323, 60, 60, 60, 60, 60, 20, 60, 40, 80, 60, 0, 100, 60, 40, 80, 60, 40, 80, 60, 60, 80, 60, 60, 80, 80, 60, 60, 40, 60, 120, 60, 40, 40, 40, 60, 20, 40, 60, 80, 40, 60, 60, 60, 40, 40, 60, 80, 60, 60, 40, 80, 40, 40, 60, 40, 40, 60, 60, 60, 80, 60, 40, 60, 60, 80, 80, 60, 40, 60, 60, 40, 60, 60, 60, 80, 60, 40, 20, 60, 40, 80, 60, 60, 80, 60, 40, 60, 40, 40, 80, 60, 60, 60, 20, 40, 60, 60, 20, 60, 60, 4880]
[326, 60, 60, 60, 60, 60, 20, 60, 40, 80, 60, 0, 100, 60, 40, 80, 60, 40, 80, 60, 60, 80, 60, 60, 80, 80, 60, 60, 40, 60, 120, 60, 40, 40, 40, 60, 20, 40, 60, 80, 40, 60, 60, 60, 40, 40, 60, 80, 60, 60, 40, 80, 40, 40, 60, 40, 40, 60, 60, 60, 80, 60, 40, 60, 60, 80, 80, 60, 40, 60, 60, 40, 60, 60, 60, 80, 60, 60, 20, 60, 40, 80, 60, 60, 80, 60, 40, 60, 40, 40, 80, 60, 60, 60, 20, 40, 60, 60, 20, 60, 60, 4900]
[326, 60, 60, 60, 60, 60, 20, 60, 40, 80, 60, 0, 100, 60, 40, 80, 60, 40, 80, 60, 60, 80, 60, 60, 80, 80, 60, 60, 40, 60, 120, 60, 40, 40, 40, 60, 20, 40, 60, 80, 40, 60, 60, 60, 40, 40, 60, 80, 60, 60, 40, 80, 40, 60, 60, 40, 40, 60, 60, 60, 80, 60, 40, 60, 60, 80, 80, 60, 40, 60, 60, 40, 60, 60, 60, 80, 60, 60, 20, 60, 40, 80, 60, 60, 80, 60, 40, 60, 40, 40, 80, 60, 60, 60, 20, 40, 60, 60, 20, 60, 60, 4920]
[327, 60, 60, 60, 60, 60, 20, 60, 60, 80, 60, 0, 100, 60, 40, 80, 60, 40, 80, 60, 60, 80, 60, 60, 80, 80, 60, 60, 40, 60, 120, 60, 40, 40, 40, 60, 20, 40, 60, 80, 40, 60, 60, 60, 40, 40, 60, 80, 60, 60, 40, 80, 40, 60, 60, 60, 40, 60, 60, 60, 80, 60, 40, 60, 60, 80, 80, 60, 40, 60, 60, 40, 60, 60, 60, 80, 60, 60, 20, 60, 40, 80, 60, 60, 80, 60, 40, 60, 40, 40, 80, 60, 60, 60, 20, 40, 60, 60, 20, 60, 60, 4960]
[327, 60, 60, 60, 60, 60, 20, 60, 60, 80, 60, 0, 100, 60, 40, 80, 60, 40, 80, 60, 60, 80, 60, 60, 80, 80, 80, 60, 40, 60, 120, 60, 40, 40, 40, 60, 20, 40, 60, 80, 40, 60, 60, 60, 40, 40, 60, 80, 60, 60, 40, 80, 40, 60, 60, 60, 40, 60, 60, 60, 80, 60, 40, 60, 60, 80, 80, 60, 40, 60, 60, 40, 60, 60, 60, 80, 60, 60, 20, 60, 40, 80, 60, 60, 80, 60, 40, 60, 40, 40, 80, 60, 60, 60, 20, 40, 60, 60, 20, 60, 60, 4980]
[328, 60, 60, 60, 60, 60, 20, 60, 60, 80, 60, 0, 100, 60, 40, 80, 60, 40, 80, 60, 60, 80, 60, 60, 80, 80, 80, 60, 40, 60, 120, 60, 40, 40, 40, 60, 20, 40, 60, 80, 40, 60, 60, 60, 40, 40, 60, 80, 80, 60, 40, 80, 40, 60, 60, 60, 40, 60, 60, 60, 80, 60, 40, 60, 60, 80, 80, 60, 40, 60, 60, 40, 60, 60, 60, 80, 60, 60, 20, 60, 40, 80, 60, 60, 80, 60, 40, 60, 40, 40, 80, 60, 60, 60, 20, 40, 60, 60, 20, 60, 60, 5000]
[330, 60, 60, 60, 60, 60, 20, 60, 60, 80, 60, 0, 100, 60, 40, 100, 60, 40, 80, 60, 60, 80, 60, 60, 80, 80, 80, 60, 40, 60, 120, 60, 40, 40, 40, 60, 20, 40, 60, 80, 40, 60, 60, 60, 40, 40, 60, 80, 80, 60, 40, 80, 40, 60, 60, 60, 40, 60, 60, 60, 80, 60, 40, 60, 60, 80, 80, 60, 40, 60, 60, 40, 60, 60, 60, 80, 60, 60, 20, 60, 40, 80, 60, 60, 80, 60, 40, 60, 40, 40, 80, 60, 60, 60, 20, 40, 60, 60, 20, 60, 60, 5020]
[332, 60, 60, 60, 60, 60, 20, 60, 60, 80, 80, 0, 100, 60, 40, 100, 60, 40, 80, 60, 60, 80, 60, 60, 80, 80, 80, 60, 40, 60, 120, 60, 40, 40, 40, 60, 20, 40, 60, 80, 40, 60, 60, 60, 40, 40, 60, 80, 80, 60, 40, 80, 40, 60, 60, 60, 40, 60, 60, 60, 80, 60, 40, 60, 60, 80, 80, 60, 40, 60, 60, 40, 60, 60, 60, 80, 60, 60, 20, 60, 40, 80, 60, 60, 80, 60, 40, 60, 40, 40, 80, 60, 60, 60, 20, 40, 60, 60, 20, 60, 60, 5040]
[332, 60, 60, 60, 60, 60, 20, 60, 60, 80, 80, 0, 100, 60, 40, 100, 60, 40, 80, 60, 60, 80, 60, 60, 80, 80, 80, 60, 40, 60, 120, 60, 40, 40, 40, 60, 20, 40, 60, 80, 40, 60, 60, 60, 40, 40, 60, 80, 80, 60, 40, 100, 40, 60, 60, 60, 40, 60, 60, 60, 80, 60, 40, 60, 60, 80, 80, 60, 40, 60, 60, 40, 60, 60, 60, 80, 60, 60, 20, 60, 40, 80, 60, 60, 80, 60, 40, 60, 40, 40, 80, 60, 60, 60, 20, 40, 60, 60, 20, 60, 60, 5060]
[335, 60, 60, 60, 60, 60, 20, 60, 60, 80, 80, 0, 100, 60, 40, 100, 60, 40, 80, 60, 60, 80, 60, 60, 80, 80, 80, 60, 40, 60, 120, 60, 40, 40, 40, 60, 20, 40, 60, 80, 40, 60, 60, 60, 40, 40, 60, 80, 80, 60, 40, 100, 40, 60, 60, 60, 40, 60, 60, 60, 80, 60, 40, 60, 60, 80, 80, 60, 40, 60, 60, 40, 60, 80, 60, 80, 60, 60, 20, 60, 40, 80, 60, 60, 80, 60, 40, 60, 40, 40, 80, 60, 60, 60, 20, 40, 60, 60, 20, 60, 60, 5080]
[336, 60, 60, 60, 60, 60, 20, 60, 60, 80, 80, 0, 100, 60, 40, 100, 60, 40, 80, 60, 60, 80, 60, 60, 80, 80, 80, 60, 40, 60, 120, 60, 40, 40, 40, 60, 20, 40, 60, 80, 80, 80, 60, 60, 40, 40, 60, 80, 80, 60, 40, 100, 40, 60, 60, 60, 40, 60, 60, 60, 80, 60, 40, 60, 60, 80, 80, 60, 40, 60, 60, 40, 60, 80, 60, 80, 60, 60, 20, 60, 40, 80, 60, 60, 80, 60, 40, 60, 40, 40, 80, 60, 60, 60, 20, 40, 80, 60, 20, 60, 60, 5140]
[339, 60, 60, 60, 60, 60, 20, 60, 60, 80, 80, 0, 100, 60, 40, 100, 60, 40, 80, 60, 60, 80, 60, 60, 80, 80, 80, 60, 40, 60, 120, 60, 40, 40, 40, 60, 20, 40, 60, 80, 80, 80, 60, 60, 40, 60, 60, 80, 80, 60, 40, 100, 40, 60, 60, 60, 40, 60, 60, 60, 80, 60, 40, 60, 60, 80, 80, 60, 40, 60, 60, 40, 60, 80, 60, 80, 60, 60, 20, 60, 40, 80, 60, 60, 80, 60, 40, 60, 40, 40, 80, 60, 60, 60, 20, 40, 80, 60, 20, 60, 60, 5160]
[339, 60, 60, 60, 60, 60, 20, 60, 60, 80, 80, 0, 100, 60, 40, 100, 60, 40, 80, 60, 60, 80, 60, 60, 80, 80, 80, 60, 60, 60, 120, 60, 40, 40, 40, 60, 20, 40, 60, 80, 80, 80, 60, 60, 40, 60, 60, 80, 80, 60, 60, 100, 40, 60, 60, 60, 40, 60, 60, 60, 80, 60, 40, 60, 60, 80, 80, 60, 40, 60, 60, 40, 60, 80, 60, 80, 60, 60, 20, 60, 40, 80, 60, 60, 80, 60, 40, 60, 40, 40, 80, 60, 60, 60, 20, 40, 80, 60, 20, 60, 60, 5200]
[340, 60, 60, 60, 60, 60, 20, 60, 60, 80, 80, 0, 100, 60, 40, 100, 60, 40, 80, 60, 60, 80, 60, 60, 80, 80, 80, 60, 60, 60, 120, 60, 40, 40, 40, 60, 20, 40, 60, 80, 80, 80, 60, 60, 40, 60, 60, 80, 80, 60, 60, 100, 40, 60, 60, 60, 40, 60, 60, 60, 80, 60, 40, 60, 60, 80, 80, 60, 40, 60, 60, 40, 60, 80, 60, 80, 60, 60, 20, 60, 40, 80, 60, 60, 80, 60, 40, 60, 40, 40, 100, 60, 60, 60, 20, 40, 80, 60, 20, 60, 60, 5220]
[341, 60, 60, 60, 60, 60, 20, 60, 60, 80, 80, 0, 100, 60, 40, 100, 60, 40, 80, 60, 60, 80, 60, 60, 80, 80, 80, 60, 60, 60, 120, 60, 40, 40, 60, 60, 20, 40, 60, 100, 80, 80, 60, 60, 40, 60, 60, 80, 80, 60, 60, 100, 40, 60, 60, 60, 40, 60, 60, 60, 80, 60, 40, 60, 60, 80, 80, 60, 40, 80, 60, 40, 60, 80, 60, 80, 60, 60, 20, 60, 40, 80, 60, 60, 80, 60, 40, 60, 40, 40, 100, 60, 60, 60, 20, 40, 80, 60, 20, 60, 60, 5280]
[342, 60, 60, 60, 60, 60, 20, 60, 60, 80, 80, 0, 100, 60, 40, 100, 60, 40, 80, 60, 60, 80, 60, 60, 80, 80, 80, 60, 60, 60, 120, 60, 40, 40, 60, 60, 20, 40, 60, 100, 80, 80, 60, 60, 40, 60, 60, 80, 80, 60, 60, 100, 40, 60, 80, 60, 40, 60, 60, 60, 80, 60, 40, 60, 60, 80, 80, 60, 40, 80, 60, 40, 60, 80, 60, 80, 60, 60, 20, 60, 40, 80, 60, 60, 80, 60, 40, 60, 40, 40, 100, 60, 60, 60, 20, 40, 80, 60, 20, 60, 60, 5300]
[342, 60, 60, 60, 60, 60, 20, 60, 60, 80, 80, 0, 100, 60, 40, 100, 60, 40, 80, 60, 60, 80, 60, 60, 100, 80, 80, 60, 60, 60, 120, 60, 40, 40, 60, 60, 20, 40, 60, 100, 80, 80, 60, 60, 40, 60, 60, 80, 80, 60, 60, 100, 40, 60, 80, 60, 40, 60, 60, 60, 80, 60, 40, 60, 60, 80, 80, 60, 40, 80, 60, 40, 60, 80, 60, 80, 60, 60, 20, 60, 40, 80, 60, 60, 80, 60, 40, 60, 40, 40, 100, 60, 60, 60, 20, 40, 80, 60, 20, 60, 60, 5320]
