1 0 0 0 0 0 0 0 0 0 0 0 0 0 0 0 0 0 0 0 0 0 0 0 0 0 0 0 0 0 0 0 0 0 0 0 0 0 0 0 0 0 0 0 0 0 0 0 0 0 0 0 0 0 0 0 0 0 0 0 0 0 0 0 0 0 0 0 0 0 0 0 0 0 0 0 0 0 0 0 0 0 0 1 0 0 0 0 0 0 0 0 0 0 0 0 0 0 0 0 0   0
11 0 0 0 0 0 0 0 0 0 0 0 0 0 0 0 0 0 0 0 0 0 0 0 0 0 0 0 0 0 0 0 0 0 0 0 0 0 0 0 0 0 0 0 0 0 0 0 0 0 0 0 0 0 0 0 0 0 1 0 0 0 0 0 0 0 0 0 0 0 0 0 0 0 0 0 0 0 0 0 0 0 0 1 0 0 0 0 0 0 0 0 0 0 0 0 0 0 0 0 0   0
12 0 0 0 0 0 0 0 0 0 0 0 0 0 0 0 0 0 0 0 0 0 0 0 0 0 0 0 0 0 0 0 0 0 0 0 0 0 0 0 0 0 0 0 0 0 0 0 0 0 0 0 0 0 0 0 0 0 2 0 0 0 0 0 0 0 0 0 0 0 0 0 0 0 0 0 0 0 0 0 0 0 0 2 0 0 0 0 0 0 0 0 0 0 0 0 0 0 0 0 0   0
13 0 0 0 0 0 0 0 0 0 0 0 0 0 0 0 0 0 0 0 0 0 0 0 0 0 0 0 0 0 0 0 0 0 0 0 0 0 0 0 0 0 0 0 0 0 0 0 0 0 0 0 0 0 0 0 0 0 3 0 0 0 0 0 0 0 0 0 0 0 0 0 0 0 0 0 0 0 0 0 0 0 0 3 0 0 0 0 0 0 0 0 0 0 0 0 0 0 0 0 0   0
14 0 0 0 0 0 0 0 0 0 0 0 0 0 0 0 0 0 0 0 0 0 0 0 0 0 0 0 0 0 0 0 0 0 0 0 0 0 0 0 0 0 0 0 0 0 0 0 0 0 0 0 0 0 0 0 0 0 3 0 0 0 0 0 0 0 0 0 0 0 0 0 0 0 0 0 0 0 0 0 0 0 0 4 0 0 0 0 0 0 0 0 0 0 0 0 0 0 0 0 0   0
15 0 0 0 0 0 0 0 0 0 0 0 0 0 0 0 0 0 0 0 0 0 0 0 0 0 0 0 0 0 0 0 0 0 0 0 0 0 0 0 0 0 0 0 0 0 0 0 0 0 0 0 0 0 0 0 0 0 3 0 0 0 0 0 0 0 0 0 0 0 0 0 0 0 0 0 0 0 0 0 0 0 0 5 0 0 0 0 0 0 0 0 0 0 0 0 0 0 0 0 0   0
16 0 0 0 0 0 0 0 0 0 0 0 0 0 0 0 0 0 0 0 0 0 0 0 0 0 0 0 0 0 0 0 0 0 0 0 0 0 0 0 0 0 0 0 0 0 0 0 0 0 0 0 0 0 0 0 0 0 3 0 0 0 0 0 0 0 0 0 0 0 0 0 0 0 0 0 0 0 0 0 0 0 0 6 0 0 0 0 0 0 0 0 0 0 0 0 0 0 0 0 0   0
17 0 0 0 0 0 0 0 0 0 0 0 0 0 0 0 0 0 0 0 0 0 0 0 0 0 0 0 0 0 0 0 0 0 0 0 0 0 0 0 0 0 0 0 0 0 0 0 0 0 0 0 0 0 0 0 0 0 3 0 0 0 0 0 0 0 0 0 0 0 0 0 0 0 0 0 0 0 0 0 0 0 0 7 0 0 0 0 0 0 0 0 0 0 0 0 0 0 0 0 0   0
18 0 0 0 0 0 0 0 0 0 0 0 0 0 0 0 0 0 0 0 0 0 0 0 0 0 0 0 0 0 0 0 0 0 0 0 0 0 0 0 0 0 0 0 0 0 0 0 0 0 0 0 0 0 0 0 0 0 3 0 0 0 0 0 0 0 0 0 0 0 0 0 0 0 0 0 0 0 0 0 0 0 0 8 0 0 0 0 0 0 0 0 0 0 0 0 0 0 0 0 0   0
19 0 0 0 0 0 0 0 0 0 0 0 0 0 0 0 0 0 0 0 0 0 0 0 0 0 0 0 0 0 0 0 0 0 0 0 0 0 0 0 0 0 0 0 0 0 0 0 0 0 0 0 0 0 0 0 0 0 3 0 0 0 0 0 0 0 0 0 0 0 0 0 0 0 0 0 0 0 0 0 0 0 0 9 0 0 0 0 0 0 0 0 0 0 0 0 0 0 0 0 0   0
20 0 0 0 0 0 0 0 0 0 0 0 0 0 0 0 0 0 0 0 0 0 0 0 0 0 0 0 0 0 0 0 0 0 0 0 0 0 0 0 0 0 0 0 0 0 0 0 0 0 0 0 0 0 0 0 0 0 3 0 0 0 0 0 0 0 0 0 0 0 0 0 0 0 0 0 0 0 0 0 0 0 0 10 0 0 0 0 0 0 0 0 0 0 0 0 0 0 0 0 0   0
24 0 0 0 0 0 0 0 0 0 0 0 0 0 0 0 0 0 0 0 0 0 0 0 0 0 0 0 0 0 0 0 0 0 0 0 0 0 0 0 0 0 0 0 0 0 0 0 0 0 0 0 0 0 0 0 0 0 4 0 0 0 0 0 0 0 0 0 0 0 0 0 0 0 0 0 0 0 0 0 0 0 0 10 0 0 0 0 0 0 0 0 0 0 0 0 0 0 0 0 0   0
25 0 0 0 0 0 0 0 0 0 0 0 0 0 0 0 0 0 0 0 0 0 0 0 0 0 0 0 0 0 0 0 0 0 0 0 0 0 0 0 0 0 0 0 0 0 0 0 0 0 0 0 0 0 0 0 0 0 5 0 0 0 0 0 0 0 0 0 0 0 0 0 0 0 0 0 0 0 0 0 0 0 0 10 0 0 0 0 0 0 0 0 0 0 0 0 0 0 0 0 0   0
26 0 0 0 0 0 0 0 0 0 0 0 0 0 0 0 0 0 0 0 0 0 0 0 0 0 0 0 0 0 0 0 0 0 0 0 0 0 0 0 0 0 0 0 0 0 0 0 0 0 0 0 0 0 0 0 0 0 6 0 0 0 0 0 0 0 0 0 0 0 0 0 0 0 0 0 0 0 0 0 0 0 0 10 0 0 0 0 0 0 0 0 0 0 0 0 0 0 0 0 0   0
27 0 0 0 0 0 0 0 0 0 0 0 0 0 0 0 0 0 0 0 0 0 0 0 0 0 0 0 0 0 0 0 0 0 0 0 0 0 0 0 0 0 0 0 0 0 0 0 0 0 0 0 0 0 0 0 0 0 7 0 0 0 0 0 0 0 0 0 0 0 0 0 0 0 0 0 0 0 0 0 0 0 0 10 0 0 0 0 0 0 0 0 0 0 0 0 0 0 0 0 0   0
28 0 0 0 0 0 0 0 0 0 0 0 0 0 0 0 0 0 0 0 0 0 0 0 0 0 0 0 0 0 0 0 0 0 0 0 0 0 0 0 0 0 0 0 0 0 0 0 0 0 0 0 0 0 0 0 0 0 8 0 0 0 0 0 0 0 0 0 0 0 0 0 0 0 0 0 0 0 0 0 0 0 0 10 0 0 0 0 0 0 0 0 0 0 0 0 0 0 0 0 0   0
29 0 0 0 0 0 0 0 0 0 0 0 0 0 0 0 0 0 0 0 0 0 0 0 0 0 0 0 0 0 0 0 0 0 0 0 0 0 0 0 0 0 0 0 0 0 0 0 0 0 0 0 0 0 0 0 0 0 9 0 0 0 0 0 0 0 0 0 0 0 0 0 0 0 0 0 0 0 0 0 0 0 0 10 0 0 0 0 0 0 0 0 0 0 0 0 0 0 0 0 0   20
30 0 0 0 0 0 0 0 0 0 0 0 0 0 0 0 0 0 0 0 0 0 0 0 0 0 0 0 0 0 0 0 0 0 0 0 0 0 0 0 0 0 0 0 0 0 0 0 0 0 0 0 0 0 0 0 0 0 10 0 0 0 0 0 0 0 0 0 0 0 0 0 0 0 0 0 0 0 0 0 0 0 0 10 0 0 0 0 0 0 0 0 0 0 0 0 0 0 0 0 0   20
41 0 0 0 0 0 0 0 1 0 0 0 0 0 0 0 0 0 0 0 0 0 0 0 0 0 0 0 0 0 0 0 0 0 0 0 0 0 0 0 0 0 0 0 0 0 0 0 0 0 0 0 0 0 0 0 0 0 10 0 0 0 0 0 0 0 0 0 0 0 0 0 0 0 0 0 0 0 0 0 0 0 0 10 0 0 0 0 0 0 0 0 0 0 0 0 0 0 0 0 0   20
51 0 0 0 0 0 0 0 1 0 0 0 0 0 0 1 0 0 0 0 0 0 0 0 0 0 0 0 0 0 0 0 0 0 0 0 0 0 0 0 0 0 0 0 0 0 0 0 0 0 0 0 0 0 0 0 0 0 10 0 0 0 0 0 0 0 0 0 0 0 0 0 0 0 0 0 0 0 0 0 0 0 0 10 0 0 0 0 0 0 0 0 0 0 0 0 0 0 0 0 0   100
52 0 0 0 0 0 0 0 2 0 0 0 0 0 0 2 0 0 0 0 0 0 0 0 0 0 0 0 0 0 0 0 0 0 0 0 0 0 0 0 0 0 0 0 0 0 0 0 0 0 0 0 0 0 0 0 0 0 10 0 0 0 0 0 0 0 0 0 0 0 0 0 0 0 0 0 0 0 0 0 0 0 0 10 0 0 0 0 0 0 0 0 0 0 0 0 0 0 0 0 0   120
53 0 0 0 0 0 0 0 3 0 0 0 0 0 0 3 0 0 0 0 0 0 0 0 0 0 0 0 0 0 0 0 0 0 0 0 0 0 0 0 0 0 0 0 0 0 0 0 0 0 0 0 0 0 0 0 0 0 10 0 0 0 0 0 0 0 0 0 0 0 0 0 0 0 0 0 0 0 0 0 0 0 0 10 0 0 0 0 0 0 0 0 0 0 0 0 0 0 0 0 0   140
54 0 0 0 0 0 0 0 4 0 0 0 0 0 0 4 0 0 0 0 0 0 0 0 0 0 0 0 0 0 0 0 0 0 0 0 0 0 0 0 0 0 0 0 0 0 0 0 0 0 0 0 0 0 0 0 0 0 10 0 0 0 0 0 0 0 0 0 0 0 0 0 0 0 0 0 0 0 0 0 0 0 0 10 0 0 0 0 0 0 0 0 0 0 0 0 0 0 0 0 0   180
55 0 0 0 0 0 0 0 5 0 0 0 0 0 0 5 0 0 0 0 0 0 0 0 0 0 0 0 0 0 0 0 0 0 0 0 0 0 0 0 0 0 0 0 0 0 0 0 0 0 0 0 0 0 0 0 0 0 10 0 0 0 0 0 0 0 0 0 0 0 0 0 0 0 0 0 0 0 0 0 0 0 0 10 0 0 0 0 0 0 0 0 0 0 0 0 0 0 0 0 0   180
56 0 0 0 0 0 0 0 6 0 0 0 0 0 0 6 0 0 0 0 0 0 0 0 0 0 0 0 0 0 0 0 0 0 0 0 0 0 0 0 0 0 0 0 0 0 0 0 0 0 0 0 0 0 0 0 0 0 10 0 0 0 0 0 0 0 0 0 0 0 0 0 0 0 0 0 0 0 0 0 0 0 0 10 0 0 0 0 0 0 0 0 0 0 0 0 0 0 0 0 0   180
57 0 0 0 0 0 0 0 7 0 0 0 0 0 0 7 0 0 0 0 0 0 0 0 0 0 0 0 0 0 0 0 0 0 0 0 0 0 0 0 0 0 0 0 0 0 0 0 0 0 0 0 0 0 0 0 0 0 10 0 0 0 0 0 0 0 0 0 0 0 0 0 0 0 0 0 0 0 0 0 0 0 0 10 0 0 0 0 0 0 0 0 0 0 0 0 0 0 0 0 0   200
58 0 0 0 0 0 0 0 8 0 0 0 0 0 0 8 0 0 0 0 0 0 0 0 0 0 0 0 0 0 0 0 0 0 0 0 0 0 0 0 0 0 0 0 0 0 0 0 0 0 0 0 0 0 0 0 0 0 10 0 0 0 0 0 0 0 0 0 0 0 0 0 0 0 0 0 0 0 0 0 0 0 0 10 0 0 0 0 0 0 0 0 0 0 0 0 0 0 0 0 0   220
59 0 0 0 0 0 0 0 9 0 0 0 0 0 0 9 0 0 0 0 0 0 0 0 0 0 0 0 0 0 0 0 0 0 0 0 0 0 0 0 0 0 0 0 0 0 0 0 0 0 0 0 0 0 0 0 0 0 10 0 0 0 0 0 0 0 0 0 0 0 0 0 0 0 0 0 0 0 0 0 0 0 0 10 0 0 0 0 0 0 0 0 0 0 0 0 0 0 0 0 0   260
60 0 0 0 0 0 0 0 10 0 0 0 0 0 0 10 0 0 0 0 0 0 0 0 0 0 0 0 0 0 0 0 0 0 0 0 0 0 0 0 0 0 0 0 0 0 0 0 0 0 0 0 0 0 0 0 0 0 10 0 0 0 0 0 0 0 0 0 0 0 0 0 0 0 0 0 0 0 0 0 0 0 0 10 0 0 0 0 0 0 0 0 0 0 0 0 0 0 0 0 0   280
862 0 0 0 0 1 0 0 10 0 0 0 0 0 0 10 0 0 0 0 0 0 0 0 0 0 0 0 0 0 0 0 0 0 0 0 0 0 0 0 0 0 0 0 0 0 0 0 0 0 0 0 0 0 0 0 0 0 10 0 0 0 0 0 0 0 0 0 0 0 0 0 0 0 0 0 0 0 0 0 0 0 0 10 0 0 0 0 0 0 0 1 0 0 0 0 0 0 0 0 0   15040
882 0 0 0 0 2 0 0 10 0 0 0 0 0 0 10 0 0 0 0 0 0 0 0 0 0 0 0 0 0 0 0 0 0 0 1 0 0 0 0 0 0 0 0 0 0 1 0 0 0 0 0 0 0 0 0 0 0 10 0 0 0 0 0 0 0 0 0 0 0 0 0 0 0 0 0 0 0 0 0 0 0 0 10 0 0 0 0 0 0 0 2 0 0 0 0 0 0 0 0 0   15360
887 0 0 0 0 2 0 0 10 0 0 0 0 0 0 10 0 0 0 0 0 0 0 0 0 0 0 0 0 0 0 0 0 0 0 2 0 0 0 0 0 0 0 0 0 0 2 0 0 0 0 0 0 0 0 0 0 0 10 0 0 0 0 0 0 0 0 0 0 0 0 0 0 0 0 0 0 0 0 0 0 0 0 10 0 0 0 0 0 0 0 2 0 0 0 0 0 0 0 0 0   15440
894 0 0 0 0 2 0 0 10 0 0 0 0 0 0 10 0 0 0 0 0 0 0 0 0 0 0 0 0 0 0 0 0 0 0 3 0 0 0 0 0 0 0 0 0 0 3 0 0 0 0 0 0 0 0 0 0 0 10 0 0 0 0 0 0 0 0 0 0 0 0 0 0 0 0 0 0 0 0 0 0 0 0 10 0 0 0 0 0 0 0 2 0 0 0 0 0 0 0 0 0   15520
902 0 0 0 0 2 0 0 10 0 0 0 0 0 0 10 0 0 0 0 0 0 0 0 0 0 0 0 0 0 0 0 0 0 0 4 0 0 0 0 0 0 0 0 0 0 4 0 0 0 0 0 0 0 0 0 0 0 10 0 0 0 0 0 0 0 0 0 0 0 0 0 0 0 0 0 0 0 0 0 0 0 0 10 0 0 0 0 0 0 0 2 0 0 0 0 0 0 0 0 0   15680
922 0 0 0 0 2 0 0 10 0 0 0 0 0 0 10 0 0 0 0 0 0 0 0 0 0 0 0 0 0 0 0 0 0 0 4 0 0 0 0 0 0 0 0 0 0 4 1 0 0 0 0 0 0 0 0 0 0 10 0 0 0 0 1 0 0 0 0 0 0 0 0 0 0 0 0 0 0 0 0 0 0 0 10 0 0 0 0 0 0 0 2 0 0 0 0 0 0 0 0 0   16000
930 0 0 0 0 2 0 0 10 0 0 0 0 0 0 10 0 0 0 0 0 0 0 0 1 0 0 0 0 0 0 0 0 0 0 4 0 0 0 0 0 0 0 0 0 0 4 1 0 0 0 0 0 0 0 0 0 0 10 0 0 1 0 1 0 0 0 0 0 0 0 0 0 0 0 0 0 1 0 0 0 0 0 10 0 0 0 0 0 0 0 2 0 0 0 0 0 0 0 0 0   16120
933 0 0 0 0 2 0 0 10 0 0 0 0 0 0 10 0 0 0 0 0 0 0 0 1 0 0 0 0 0 0 0 0 0 0 4 0 0 0 0 0 0 0 0 0 0 4 1 0 0 0 0 0 0 0 0 0 0 10 0 0 1 0 1 0 0 0 0 0 0 0 0 0 0 0 0 0 1 0 0 1 0 0 10 0 0 0 0 0 0 0 2 0 0 0 0 0 0 0 0 0   16200
936 0 0 0 0 2 0 0 10 0 0 0 0 0 0 10 0 0 0 0 0 0 0 0 2 0 0 0 0 0 0 0 0 0 0 4 0 0 0 0 0 0 0 0 0 0 4 1 0 0 0 0 0 0 0 0 0 0 10 0 0 2 0 1 0 0 0 0 0 0 0 0 0 0 0 0 0 1 0 0 1 0 0 10 0 0 0 0 0 0 0 2 0 0 0 0 0 0 0 0 0   16260
937 0 0 0 0 2 0 0 10 0 0 0 0 0 0 10 0 0 0 0 0 0 0 0 2 0 0 0 0 0 0 0 0 0 0 4 0 0 0 0 0 0 0 0 0 0 4 2 0 0 0 0 0 0 0 0 0 0 10 0 0 2 0 2 0 0 0 0 0 0 0 0 0 0 0 0 0 1 0 0 2 0 0 10 0 0 0 0 0 0 0 2 0 0 0 0 0 0 0 0 0   16260
942 0 0 0 0 2 0 0 10 0 0 0 0 0 0 10 0 0 0 0 0 0 0 0 2 0 0 0 0 0 0 0 0 0 0 4 0 0 0 0 0 0 0 0 0 0 4 3 0 0 0 0 0 0 0 0 0 0 10 0 0 3 0 3 0 0 0 0 0 0 0 0 0 0 0 0 0 1 0 0 3 0 0 10 0 0 0 0 0 0 0 2 0 0 0 0 0 0 0 0 0   16320
949 0 0 0 0 2 0 0 10 0 0 0 0 0 0 10 0 0 0 0 0 0 0 0 2 0 0 0 0 0 0 0 0 0 0 4 0 0 0 0 0 0 0 0 0 0 4 3 0 0 0 0 0 0 0 0 0 0 10 0 0 4 0 3 0 0 0 0 0 0 0 0 0 0 0 0 0 1 0 0 3 0 0 10 0 0 0 0 0 0 0 2 0 0 0 0 0 0 0 0 0   16480
959 0 0 0 0 2 0 0 10 0 0 0 0 0 0 10 0 0 0 0 0 0 0 0 2 0 0 0 0 0 0 0 0 0 0 4 0 0 0 0 0 0 0 0 0 0 4 3 0 0 0 0 0 0 0 0 0 0 10 0 0 4 0 3 0 0 0 0 0 0 0 0 0 0 0 0 0 2 0 0 3 0 0 10 0 0 0 0 0 0 0 2 0 0 0 0 0 0 0 0 0   16600
966 0 0 0 0 2 0 0 10 0 0 0 0 0 0 10 0 0 0 0 0 0 0 0 3 0 0 0 0 0 0 0 0 0 0 4 0 0 0 0 0 0 0 0 0 0 4 3 0 0 0 0 0 0 0 0 0 0 10 0 0 4 0 3 0 0 0 0 0 0 0 0 0 0 0 0 0 3 0 0 3 0 0 10 0 0 0 0 0 0 0 2 0 0 0 0 0 0 0 0 0   16720
973 0 0 0 0 2 0 0 10 0 0 0 0 0 0 10 0 0 0 0 0 0 0 0 3 0 1 0 0 0 0 0 0 0 0 4 0 0 0 0 0 0 0 0 0 0 4 3 0 0 0 0 0 0 0 0 0 0 10 0 0 4 0 3 0 0 0 0 0 0 0 0 0 0 0 0 0 3 0 0 3 0 0 10 0 0 0 0 0 0 0 2 0 0 0 0 0 0 0 0 0   16880
1002 0 0 0 0 2 0 0 10 0 0 0 0 0 0 10 0 0 0 0 0 0 0 0 3 0 2 0 0 0 0 0 0 0 0 4 0 0 0 0 0 0 0 0 0 0 4 3 0 0 0 0 0 0 0 0 0 0 10 0 0 4 0 3 0 0 0 0 0 0 0 0 0 0 0 0 0 3 0 0 3 0 0 10 0 0 0 0 0 0 0 2 0 0 0 0 0 0 0 0 0   17480
1004 0 0 0 0 2 0 0 10 0 0 0 0 0 0 10 0 0 0 0 0 0 0 0 3 0 2 0 0 0 0 0 0 0 0 4 0 1 0 0 0 0 0 0 0 0 4 3 0 0 0 0 0 0 0 0 0 0 10 0 0 4 0 3 0 0 0 0 1 0 0 0 0 0 0 0 0 3 0 0 3 0 0 10 0 0 0 0 0 0 0 2 0 0 0 0 0 0 0 0 0   17500
1010 0 0 0 0 2 0 0 10 0 0 0 0 0 0 10 0 0 0 0 0 0 0 0 3 0 3 0 0 0 0 0 0 0 0 4 0 1 0 0 0 0 0 0 0 0 4 3 0 0 0 0 0 0 0 0 0 0 10 0 0 4 0 3 0 0 0 0 1 0 0 0 0 0 0 0 0 3 0 0 3 0 0 10 0 0 0 0 0 0 0 2 0 0 0 0 0 0 0 0 0   17580
1010 0 0 0 0 2 0 0 10 0 0 0 0 0 0 10 0 0 0 0 0 0 0 0 3 0 3 0 0 0 0 0 0 0 0 4 0 2 0 0 0 0 0 0 0 0 4 3 0 0 0 0 0 0 0 0 0 0 10 0 0 4 0 3 0 0 0 0 2 0 0 0 0 0 0 0 0 3 0 0 3 0 0 10 0 0 0 0 0 0 0 2 0 0 0 0 0 0 0 0 0   17580
1025 0 0 0 0 2 0 0 10 0 0 0 0 0 0 10 0 0 0 0 0 0 0 0 3 0 3 0 0 0 0 0 0 0 0 4 0 3 0 0 0 0 0 0 0 0 4 3 0 0 0 0 0 0 0 0 0 0 10 0 0 4 0 3 0 0 0 0 3 0 0 0 0 0 0 0 0 3 0 0 3 0 0 10 0 0 0 0 0 0 0 2 0 0 0 0 0 0 0 0 0   17880
1031 0 0 0 0 2 0 0 10 0 0 0 0 0 0 10 0 0 0 0 0 0 0 0 3 0 3 0 0 0 0 0 0 0 0 4 0 4 0 0 0 0 0 0 0 0 4 3 0 0 0 0 0 0 0 0 0 0 10 0 0 4 0 3 0 0 0 0 3 0 0 0 0 0 0 0 0 3 0 0 3 0 0 10 0 0 0 0 0 0 0 2 0 0 0 0 0 0 0 0 0   17980
1046 0 0 0 0 2 0 0 10 0 0 0 0 0 0 10 0 0 0 0 0 0 0 0 3 0 3 0 0 0 0 0 0 0 0 4 0 4 0 0 0 0 0 0 0 0 4 3 0 0 0 0 0 0 0 0 0 0 10 0 1 4 0 3 0 0 0 0 3 0 0 0 0 0 0 0 0 3 0 0 3 0 0 10 0 0 0 0 0 0 0 2 0 0 0 0 0 0 0 0 0   18280
1051 0 0 0 0 2 0 0 10 0 0 0 0 0 0 10 0 0 0 0 0 0 0 0 3 0 3 0 0 0 0 0 0 0 0 4 0 4 0 1 0 0 0 0 0 0 4 3 0 0 0 0 0 0 0 0 0 0 10 0 1 4 0 3 0 0 0 0 3 0 0 0 0 0 0 0 0 3 0 0 3 0 0 10 0 0 0 0 0 0 0 2 0 0 0 1 0 0 0 0 0   18300
1053 0 0 0 0 2 0 0 10 0 0 0 0 0 0 10 0 0 0 0 0 0 0 0 3 0 3 0 0 0 0 0 1 0 0 4 0 4 0 1 0 0 0 0 0 0 4 3 0 0 0 0 0 0 0 0 0 0 10 0 1 4 0 3 0 0 0 0 3 0 0 0 0 0 0 0 0 3 0 0 3 0 1 10 0 0 0 0 0 0 0 2 0 0 0 1 0 0 0 0 0   18360
1059 0 0 0 0 2 0 0 10 0 0 0 0 0 0 10 0 0 0 0 0 0 0 0 3 0 3 0 0 0 0 0 2 0 0 4 0 4 0 2 0 0 0 0 0 0 4 3 0 0 0 0 0 0 0 0 0 0 10 0 1 4 0 3 0 0 0 0 3 0 0 0 0 0 0 0 0 3 0 0 3 0 1 10 0 0 0 0 0 0 0 2 0 0 0 2 0 0 0 0 0   18420
1065 0 0 0 0 2 0 0 10 0 0 0 0 0 0 10 0 0 0 0 0 0 0 0 3 0 3 0 0 0 0 0 3 0 0 4 0 4 0 2 0 0 0 0 0 0 4 3 0 0 0 0 0 0 0 0 0 0 10 0 1 4 0 3 0 0 0 0 3 0 0 0 0 0 0 0 0 3 0 0 3 0 1 10 0 0 0 0 0 0 0 2 0 0 0 3 0 0 0 0 0   18540
1086 0 0 0 0 2 0 0 10 0 0 0 1 0 0 10 0 0 1 0 0 0 0 0 3 0 3 0 0 0 0 0 3 0 0 4 0 4 0 2 0 0 0 0 0 0 4 3 0 0 0 0 0 0 0 0 0 0 10 0 1 4 0 3 0 0 0 0 3 0 0 0 0 0 0 0 0 3 0 0 3 0 1 10 0 0 0 0 0 0 0 2 0 0 0 3 0 0 0 0 0   18940
1108 0 0 0 0 2 0 0 10 0 0 0 2 0 0 10 0 0 2 0 0 0 0 0 3 0 3 0 0 0 0 0 3 0 0 4 0 4 0 2 0 0 0 0 0 0 4 3 0 0 0 0 0 0 0 0 0 0 10 0 1 4 0 3 0 0 0 0 3 0 0 0 0 0 0 0 0 3 0 0 3 0 1 10 0 0 0 0 0 0 0 2 0 0 0 3 0 0 0 0 0   19400
1114 0 0 0 0 2 0 0 10 0 0 0 2 0 0 10 0 0 2 0 0 0 0 0 3 0 3 0 0 0 0 0 3 0 0 4 0 4 0 2 0 1 0 0 0 0 4 3 0 0 0 0 0 0 0 0 0 0 10 0 1 4 0 3 0 0 0 0 3 0 0 0 0 0 0 0 0 3 0 0 3 0 1 10 0 0 0 0 0 0 0 2 0 0 0 3 0 0 0 0 0   19480
1121 0 0 0 0 2 0 0 10 0 0 0 2 0 0 10 0 0 2 0 0 0 0 0 3 0 3 0 0 0 0 0 3 0 0 4 0 4 0 2 0 2 0 0 0 0 4 3 0 0 0 0 0 0 0 0 0 0 10 0 1 4 0 3 0 0 0 0 3 0 0 0 0 0 0 0 0 3 0 0 3 0 1 10 0 0 0 0 0 0 0 2 0 0 0 3 0 0 0 0 0   19580
1121 0 0 0 1 2 0 0 10 0 0 0 2 0 0 10 0 0 2 0 0 0 0 0 3 0 3 0 0 0 0 0 3 0 0 4 0 4 0 2 0 2 0 0 0 0 4 3 0 0 0 0 0 0 0 0 0 0 10 0 1 4 0 3 0 0 1 0 3 0 0 0 0 0 0 0 0 3 0 0 3 0 1 10 0 0 0 0 0 1 0 2 0 0 0 3 0 0 0 0 0   19580
1127 0 0 0 1 2 0 0 10 0 0 0 2 0 0 10 0 0 2 0 0 0 0 0 3 0 3 0 0 0 0 0 3 0 0 4 0 4 0 2 0 3 0 0 0 0 4 3 0 0 0 0 0 0 0 0 0 0 10 0 1 4 0 3 0 0 1 0 3 0 0 0 0 0 0 0 0 3 0 0 3 0 1 10 0 0 0 0 0 1 0 2 0 0 0 3 0 0 0 0 0   19700
1137 0 0 0 2 2 0 0 10 0 0 0 2 0 0 10 0 0 2 0 0 0 0 0 3 0 3 0 0 0 0 0 3 0 0 4 0 4 0 2 0 3 0 0 0 0 4 3 0 0 0 0 0 0 0 0 0 0 10 0 1 4 0 3 0 0 1 0 3 0 0 0 0 0 0 0 0 3 0 0 3 0 1 10 0 0 0 0 0 1 0 2 0 0 0 3 0 0 0 0 0   19900
1143 0 0 0 2 2 0 0 10 0 0 0 2 0 0 10 0 0 2 0 0 0 0 0 3 0 3 0 0 0 0 0 3 0 0 4 0 4 0 2 0 3 0 0 0 0 4 3 0 0 0 0 0 0 0 0 0 0 10 0 1 4 0 3 0 0 2 0 3 0 0 0 0 0 0 0 0 3 0 0 3 0 1 10 0 0 0 0 0 2 0 2 0 0 0 3 0 0 0 0 0   20020
1151 0 0 0 2 2 0 0 10 0 0 0 2 1 0 10 0 0 2 0 0 0 0 0 3 0 3 0 0 0 0 0 3 0 0 4 0 4 0 2 0 3 0 0 0 0 4 3 0 0 0 0 0 0 0 0 0 0 10 0 1 4 0 3 0 0 2 0 3 0 0 0 0 0 1 0 0 3 0 0 3 0 1 10 0 0 0 0 0 2 0 2 0 0 1 3 0 0 0 0 0   20220
1164 0 0 0 2 2 0 0 10 0 0 0 2 2 0 10 0 0 2 0 0 0 0 0 3 0 3 0 0 0 0 0 3 0 0 4 0 4 0 2 0 3 0 0 0 0 4 3 0 0 0 0 0 0 0 0 0 0 10 0 1 4 0 3 0 0 2 0 3 0 0 0 0 0 1 0 0 3 0 0 3 0 1 10 0 0 0 0 0 2 0 2 0 0 2 3 0 0 0 0 0   20480
1170 0 0 0 2 2 0 0 10 0 0 0 2 3 0 10 0 0 2 0 0 0 0 0 3 0 3 0 0 0 0 0 3 0 0 4 0 4 0 2 0 3 0 0 0 0 4 3 0 0 0 0 0 0 0 0 0 0 10 0 1 4 0 3 0 0 2 0 3 0 0 0 0 0 1 0 0 3 0 0 3 0 1 10 0 0 0 0 0 2 0 2 0 0 3 3 0 0 0 0 0   20520
1173 0 0 0 2 2 0 0 10 0 0 0 2 4 0 10 0 0 2 0 0 0 0 0 3 0 3 0 0 0 0 0 3 0 0 4 0 4 0 2 0 3 0 0 0 0 4 3 0 0 0 0 0 0 0 0 0 0 10 0 1 4 0 3 0 0 2 0 3 0 0 0 0 0 1 0 0 3 0 0 3 0 1 10 0 0 0 0 0 2 0 2 0 0 4 3 0 0 0 0 0   20580
1180 0 0 0 2 2 0 0 10 0 0 0 2 5 0 10 0 0 2 0 0 0 0 0 3 0 3 0 0 0 0 0 3 0 0 4 0 4 0 2 0 3 0 0 0 0 4 3 0 0 0 0 0 0 0 0 0 0 10 0 1 4 0 3 0 0 2 0 3 0 0 0 0 0 1 0 0 3 0 0 3 0 1 10 0 0 0 0 0 2 0 2 0 0 5 3 0 0 0 0 0   20680
1182 0 0 0 2 2 0 0 10 0 0 0 2 5 0 10 0 0 2 0 0 0 0 0 3 0 3 0 0 0 0 0 3 0 0 4 0 4 0 2 0 3 0 0 0 0 4 3 0 0 0 0 0 0 0 0 0 0 10 0 1 4 0 3 0 0 2 0 3 0 0 0 0 0 2 0 0 3 0 0 3 0 1 10 0 0 0 0 0 2 0 2 0 0 5 3 0 0 0 0 0   20700
1186 0 0 0 2 2 0 0 10 0 0 0 2 6 0 10 0 0 2 0 0 0 0 0 3 0 3 0 0 0 0 0 3 0 0 4 0 4 0 2 0 3 0 0 0 0 4 3 0 0 0 0 0 0 0 0 0 0 10 0 1 4 0 3 0 0 2 0 3 0 0 0 0 0 2 0 0 3 0 0 3 0 1 10 0 0 0 0 0 2 0 2 0 0 5 3 0 0 0 0 0   20760
1191 1 0 0 2 2 0 0 10 0 0 0 2 6 0 10 0 0 2 0 1 0 0 0 3 0 3 0 0 0 0 0 3 0 0 4 0 4 0 2 0 3 0 0 0 0 4 3 0 0 0 0 0 0 0 0 0 0 10 0 1 4 0 3 0 0 2 0 3 0 0 0 0 0 2 0 0 3 0 1 3 0 1 10 0 0 0 0 1 2 1 2 0 0 5 3 0 0 0 0 0   20860
1204 1 0 0 2 2 1 0 10 0 0 0 2 6 0 10 0 0 2 0 1 0 0 0 3 0 3 0 0 0 0 0 3 0 0 4 0 4 0 2 1 3 0 0 0 0 4 3 0 0 0 0 0 0 0 0 1 0 10 0 1 4 0 3 1 0 2 0 3 0 0 0 0 0 2 0 0 3 0 1 3 0 1 10 0 0 0 0 1 2 1 2 0 0 5 3 0 0 0 0 0   21120
1206 2 0 0 2 2 1 0 10 0 0 0 2 6 0 10 0 0 2 0 1 0 0 0 3 0 3 0 0 0 0 0 3 0 0 4 0 4 0 2 1 3 0 0 0 0 4 3 0 0 0 0 0 0 0 0 1 0 10 0 1 4 0 3 2 0 2 0 3 0 0 0 0 0 2 0 0 3 0 1 3 0 1 10 0 0 0 0 1 2 1 2 0 0 5 3 0 0 0 0 0   21140
1210 2 0 0 2 2 1 0 10 0 0 0 2 6 0 10 0 0 2 0 1 0 0 0 3 0 3 0 0 0 0 0 3 0 0 4 0 4 0 2 1 3 0 0 0 0 4 3 0 0 0 0 0 0 0 0 1 0 10 0 1 4 0 3 3 0 2 0 3 0 0 0 0 0 2 0 0 3 0 1 3 0 1 10 0 0 0 0 1 2 1 2 0 0 5 3 0 0 0 0 0   21180
1213 2 0 0 2 2 1 0 10 0 0 0 2 6 0 10 0 0 2 0 2 0 0 0 3 0 3 0 0 0 0 0 3 0 0 4 0 4 0 2 1 3 0 0 0 0 4 3 0 0 0 0 0 0 0 0 1 0 10 0 1 4 0 3 3 0 2 0 3 0 0 0 0 0 2 0 0 3 0 2 3 0 1 10 0 0 0 0 1 2 2 2 0 0 5 3 0 0 0 0 0   21280
1220 2 0 1 2 2 1 0 10 0 0 0 2 6 0 10 0 0 2 0 2 1 0 0 3 0 3 0 0 0 0 0 3 0 0 4 1 4 0 2 1 3 0 0 0 0 4 3 0 1 0 0 0 0 0 0 1 0 10 0 1 4 0 3 3 0 2 0 3 0 0 0 0 0 2 0 0 3 0 2 3 0 1 10 0 0 0 0 1 2 2 2 0 0 5 3 0 0 0 0 0   21400
1237 2 0 1 2 2 1 0 10 0 0 0 2 6 0 10 0 0 2 0 2 1 1 0 3 0 3 0 0 0 0 0 3 1 0 4 1 4 0 2 1 3 0 0 0 0 4 3 0 1 0 0 0 0 0 0 1 0 10 0 1 4 0 3 3 0 2 0 3 0 0 0 0 0 2 0 0 3 0 2 3 0 1 10 0 0 0 0 1 2 2 2 0 0 5 3 0 0 0 0 1   21720
1238 2 0 1 2 2 1 0 10 0 0 1 2 6 0 10 0 0 2 0 2 1 1 0 3 0 3 0 0 0 0 0 3 1 0 4 1 4 0 2 1 3 0 0 0 0 4 3 0 1 0 0 0 0 0 0 1 0 10 1 1 4 0 3 3 0 2 0 3 1 0 0 0 0 2 0 0 3 0 2 3 0 1 10 0 0 0 0 1 2 2 2 0 0 5 3 0 0 0 0 1   21760
1241 2 0 2 2 2 1 0 10 0 0 1 2 6 0 10 0 0 2 0 2 2 2 0 3 0 3 0 0 0 0 0 3 2 0 4 1 4 0 2 1 3 0 0 0 0 4 3 0 1 0 0 0 0 0 0 1 0 10 1 1 4 0 3 3 0 2 0 3 1 0 0 0 0 2 0 0 3 0 2 3 0 1 10 0 0 0 0 1 2 2 2 0 0 5 3 0 0 0 0 2   21760
1241 2 0 2 2 2 1 0 10 0 0 2 2 6 0 10 0 0 2 0 2 2 2 0 3 0 3 0 0 0 0 0 3 2 0 4 2 4 0 2 1 3 0 0 0 0 4 3 0 2 0 0 0 0 0 0 1 0 10 1 1 4 0 3 3 0 2 0 3 2 0 0 0 0 2 0 0 3 0 2 3 0 1 10 0 0 0 0 1 2 2 2 0 0 5 3 0 0 0 0 2   21760
1244 2 0 2 2 2 1 0 10 0 0 3 2 6 0 10 0 0 2 0 3 3 2 0 3 0 3 0 0 0 0 0 3 2 0 4 3 4 0 2 1 3 0 0 0 0 4 3 0 3 0 0 0 0 0 0 1 0 10 1 1 4 0 3 3 0 2 0 3 3 0 0 0 0 2 0 0 3 0 2 3 0 1 10 0 0 0 0 1 2 2 2 0 0 5 3 0 0 0 0 3   21800
1253 2 0 2 2 2 1 0 10 0 0 3 2 6 0 10 0 0 2 0 3 3 2 0 3 0 3 0 0 0 0 0 3 3 0 4 3 4 0 2 1 3 0 0 0 0 4 3 0 3 0 0 0 0 0 0 1 0 10 1 1 4 0 3 3 0 2 0 3 3 0 0 0 0 2 0 0 3 0 2 3 0 1 10 0 0 0 0 1 2 2 2 0 0 5 3 0 0 0 0 3   21940
1254 2 0 2 2 2 1 0 10 0 0 3 2 6 0 10 0 0 2 1 3 3 2 0 3 0 3 0 0 0 0 0 3 3 0 4 3 4 0 2 1 3 0 0 0 0 4 3 0 3 0 0 0 0 0 0 1 0 10 1 1 4 0 3 3 0 2 0 3 3 0 0 0 0 2 0 0 3 0 2 3 0 1 10 0 0 0 0 1 2 2 2 0 0 5 3 0 0 0 0 3   21960
1260 2 0 2 2 2 1 0 10 0 0 3 2 6 0 10 0 0 2 2 3 3 2 0 3 0 3 0 0 0 0 0 3 3 0 4 3 4 0 2 1 3 0 0 0 0 4 3 0 3 0 0 0 0 0 0 1 0 10 1 1 4 0 3 3 0 2 0 3 3 0 0 0 0 2 0 0 3 0 2 3 0 1 10 0 0 0 0 1 2 2 2 0 0 5 3 0 0 0 0 3   22060
1280 2 0 2 2 2 1 0 10 0 0 3 2 6 0 10 0 0 2 3 3 3 2 0 3 0 3 0 0 0 0 0 3 3 0 4 3 4 0 2 1 3 0 0 0 0 4 3 0 3 0 0 0 0 0 0 1 0 10 1 1 4 0 3 3 0 2 0 3 3 0 0 0 0 2 0 0 3 0 2 3 0 1 10 0 0 0 0 1 2 2 2 0 0 5 3 0 0 0 0 3   22400
1286 2 0 2 2 2 1 0 10 0 0 3 2 6 0 10 0 0 2 4 3 3 2 0 3 0 3 0 0 0 0 0 3 3 0 4 3 4 0 2 1 3 0 0 0 0 4 3 0 3 0 0 0 0 0 0 1 0 10 1 1 4 0 3 3 0 2 0 3 3 0 0 0 0 2 0 0 3 0 2 3 0 1 10 0 0 0 0 1 2 2 2 0 0 5 3 0 0 0 0 3   22500
1294 2 0 2 2 2 1 0 10 0 0 3 2 6 0 10 0 0 2 4 3 3 2 0 3 0 3 0 0 0 0 0 3 3 0 4 3 4 0 2 1 3 0 0 0 0 4 3 0 3 1 0 0 0 0 1 1 0 10 1 1 4 0 3 3 0 2 0 3 3 0 0 0 0 2 0 0 3 0 2 3 0 1 10 0 0 0 0 1 2 2 2 0 0 5 3 0 0 0 1 3   22640
1298 2 0 2 2 2 1 0 10 0 0 3 2 6 0 10 0 0 2 4 3 3 2 0 3 0 3 0 0 0 0 0 3 3 0 4 3 4 0 2 1 3 0 0 0 0 4 3 0 3 2 0 0 0 0 2 1 0 10 1 1 4 0 3 3 0 2 0 3 3 0 0 0 0 2 0 0 3 0 2 3 0 1 10 0 0 0 0 1 2 2 2 0 0 5 3 0 0 0 2 3   22700
1299 2 0 2 2 2 1 0 10 0 0 3 2 6 0 10 0 0 2 4 3 3 2 0 3 0 3 0 0 0 0 0 3 3 0 4 3 4 0 2 1 3 0 0 0 0 4 3 0 3 3 0 0 0 0 2 1 0 10 1 1 4 0 3 3 0 2 0 3 3 0 0 0 0 2 0 0 3 0 2 3 0 1 10 0 0 0 0 1 2 2 2 0 0 5 3 0 0 0 3 3   22740
1304 2 0 2 2 2 1 0 10 0 0 3 2 6 0 10 0 0 2 4 3 3 2 0 3 0 3 0 0 0 0 0 3 3 0 4 3 4 0 2 1 3 0 0 0 0 4 3 0 3 4 0 0 0 0 2 1 0 10 1 1 4 0 3 3 0 2 0 3 3 0 0 0 0 2 0 0 3 0 2 3 0 1 10 0 0 0 0 1 2 2 2 0 0 5 3 0 0 0 4 3   22820
1313 2 0 2 2 2 1 0 10 0 0 3 2 6 0 10 0 0 2 4 3 3 2 0 3 0 3 0 0 0 0 0 3 3 0 4 3 4 0 2 1 3 0 0 0 0 4 3 0 3 5 0 0 0 0 2 1 0 10 1 1 4 0 3 3 0 2 0 3 3 0 0 0 0 2 0 0 3 0 2 3 0 1 10 0 0 0 0 1 2 2 2 0 0 5 3 0 0 0 5 3   23120
1319 2 0 2 2 2 1 0 10 0 0 3 2 6 0 10 0 0 2 4 3 3 2 0 3 0 3 0 0 0 0 0 3 3 0 4 3 4 0 2 1 3 1 0 0 0 4 3 0 3 5 0 0 0 0 2 1 0 10 1 1 4 0 3 3 0 2 0 3 3 0 0 0 0 2 0 0 3 0 2 3 0 1 10 0 0 0 0 1 2 2 2 1 0 5 3 0 0 0 5 3   23240
1333 2 0 2 2 2 1 0 10 0 0 3 2 6 0 10 0 0 2 4 3 3 2 0 3 0 3 0 1 0 0 0 3 3 0 4 3 4 0 2 1 3 1 0 0 0 4 3 0 3 5 0 0 0 0 2 1 0 10 1 1 4 0 3 3 1 2 0 3 3 0 0 0 0 2 0 0 3 0 2 3 0 1 10 0 1 0 0 1 2 2 2 1 0 5 3 0 0 0 5 3   23480
1337 2 0 2 2 2 1 0 10 0 0 3 2 6 0 10 0 1 2 4 3 3 2 0 3 0 3 0 1 0 0 0 3 3 0 4 3 4 0 2 1 3 1 0 0 1 4 3 0 3 5 0 0 0 0 2 1 0 10 1 1 4 0 3 3 1 2 0 3 3 0 0 0 0 2 0 0 3 0 2 3 0 1 10 0 1 0 0 1 2 2 2 1 0 5 3 0 0 0 5 3   23640
1340 2 0 2 2 2 1 0 10 0 0 3 2 6 0 10 0 1 2 4 3 3 2 0 3 0 3 0 2 0 0 0 3 3 0 4 3 4 0 2 1 3 1 0 0 1 4 3 0 3 5 0 0 0 0 2 1 0 10 1 1 4 0 3 3 2 2 0 3 3 0 0 0 0 2 0 0 3 0 2 3 0 1 10 0 1 0 0 1 2 2 2 1 0 5 3 0 0 0 5 3   23680
1343 2 0 2 2 2 1 0 10 0 0 3 2 6 0 10 0 1 2 4 3 3 2 0 3 0 3 0 2 0 0 0 3 3 0 4 3 4 0 2 1 3 1 0 0 2 4 3 0 3 5 0 0 0 0 2 1 0 10 1 1 4 0 3 3 2 2 0 3 3 0 0 0 0 2 0 0 3 0 2 3 0 1 10 0 1 0 0 1 2 2 2 1 0 5 3 0 0 0 5 3   23700
1346 2 0 2 2 2 1 0 10 0 0 3 2 6 0 10 0 1 2 4 3 3 2 0 3 0 3 0 3 0 0 0 3 3 0 4 3 4 0 2 1 3 1 0 0 2 4 3 0 3 5 0 0 0 0 2 1 0 10 1 1 4 0 3 3 3 2 0 3 3 0 0 0 0 2 0 0 3 0 2 3 0 1 10 0 1 0 0 1 2 2 2 1 0 5 3 0 0 0 5 3   23760
1349 2 0 2 2 2 1 0 10 0 0 3 2 6 0 10 0 1 2 4 3 3 2 0 3 0 3 1 3 0 0 0 3 3 1 4 3 4 0 2 1 3 1 0 0 2 4 3 0 3 5 0 0 0 0 2 1 0 10 1 1 4 0 3 3 3 2 0 3 3 0 0 0 0 2 0 1 3 0 2 3 0 1 10 0 1 0 0 1 2 2 2 1 0 5 3 0 0 0 5 3   23780
1355 2 0 2 2 2 1 0 10 0 0 3 2 6 0 10 0 2 2 4 3 3 2 0 3 0 3 2 3 0 0 0 3 3 1 4 3 4 0 2 1 3 1 0 0 2 4 3 0 3 5 0 0 0 0 2 1 0 10 1 1 4 0 3 3 3 2 0 3 3 0 0 0 0 2 0 1 3 0 2 3 0 1 10 0 2 0 0 1 2 2 2 1 0 5 3 0 0 0 5 3   23840
1360 2 0 2 2 2 1 0 10 0 0 3 2 6 0 10 0 3 2 4 3 3 2 0 3 0 3 2 3 0 0 0 3 3 1 4 3 4 0 2 1 3 1 0 0 3 4 3 0 3 5 0 0 0 0 2 1 0 10 1 1 4 0 3 3 3 2 0 3 3 0 0 0 0 2 0 1 3 0 2 3 0 1 10 0 2 0 0 1 2 2 2 1 0 5 3 0 0 0 5 3   23900
1372 2 0 2 2 2 1 0 10 0 1 3 2 6 0 10 0 3 2 4 3 3 2 0 3 0 3 2 3 0 0 0 3 3 1 4 3 4 0 2 1 3 1 0 0 3 4 3 0 3 5 0 0 0 0 2 1 0 10 1 1 4 0 3 3 3 2 0 3 3 0 0 0 0 2 0 1 3 0 2 3 0 1 10 0 2 0 1 1 2 2 2 1 0 5 3 0 0 0 5 3   24160
1389 2 0 2 2 2 1 0 10 0 2 3 2 6 0 10 0 3 2 4 3 3 2 0 3 0 3 2 3 0 0 0 3 3 1 4 3 4 0 2 1 3 1 0 0 3 4 3 0 3 5 0 0 0 0 2 1 0 10 1 1 4 0 3 3 3 2 0 3 3 0 0 0 0 2 0 1 3 0 2 3 0 1 10 0 2 0 2 1 2 2 2 1 0 5 3 0 0 0 5 3   24540
1393 2 0 2 2 2 1 0 10 0 2 3 2 6 1 10 0 3 2 4 3 3 2 0 3 0 3 2 3 0 0 0 3 3 1 4 3 4 0 2 1 3 1 0 0 3 4 3 0 3 5 0 0 0 0 2 1 0 10 1 1 4 1 3 3 3 2 0 3 3 0 0 0 0 2 0 1 3 0 2 3 1 1 10 0 2 0 2 1 2 2 2 1 0 5 3 0 0 0 5 3   24640
1399 2 0 2 2 2 1 0 10 0 3 3 2 6 1 10 0 3 2 4 3 3 2 0 3 0 3 2 3 0 0 0 3 3 1 4 3 4 0 2 1 3 1 0 0 3 4 3 0 3 5 0 0 0 0 2 1 0 10 1 1 4 1 3 3 3 2 0 3 3 0 0 0 0 2 0 1 3 0 2 3 1 1 10 0 2 0 3 1 2 2 2 1 0 5 3 0 0 0 5 3   24740
1400 2 0 2 2 2 1 0 10 0 3 3 2 6 1 10 0 3 2 4 3 3 2 0 3 0 3 2 3 0 0 0 3 3 1 4 3 4 0 2 1 3 1 0 0 3 4 3 0 3 5 0 0 0 0 2 1 0 10 1 1 4 2 3 3 3 2 0 3 3 0 0 0 0 2 0 1 3 0 2 3 1 1 10 0 2 0 3 1 2 2 2 1 0 5 3 0 0 0 5 3   24760
1408 2 0 2 2 2 1 0 10 0 3 3 2 6 2 10 0 3 2 4 3 3 2 0 3 0 3 2 3 0 0 0 3 3 1 4 3 4 0 2 1 3 1 0 0 3 4 3 0 3 5 0 0 0 0 2 1 0 10 1 1 4 2 3 3 3 2 0 3 3 0 0 0 0 2 0 1 3 0 2 3 2 1 10 0 2 0 3 1 2 2 2 1 0 5 3 0 0 0 5 3   24860
1431 2 0 2 2 2 1 0 10 0 3 3 2 6 2 10 0 3 2 4 3 3 2 0 3 0 3 2 3 0 0 0 3 3 1 4 3 4 0 2 1 3 1 0 0 3 4 3 0 3 5 0 0 0 0 2 1 0 10 1 1 4 2 3 3 3 2 0 3 3 0 0 0 0 2 0 1 3 0 2 3 2 1 10 0 2 0 3 1 2 2 2 1 0 5 3 1 0 0 5 3   25140
1437 2 0 2 2 2 1 0 10 0 3 3 2 6 2 10 0 3 2 4 3 3 2 0 3 0 3 2 3 0 0 0 3 3 1 4 3 4 0 2 1 3 1 0 0 3 4 3 0 3 5 0 0 0 0 2 1 0 10 1 1 4 2 3 3 3 2 0 3 3 0 0 0 0 2 0 1 3 0 2 3 2 1 10 0 2 0 3 1 2 2 2 1 0 5 3 2 0 0 5 3   25240
1446 2 0 2 2 2 1 0 10 0 3 3 2 6 2 10 0 3 2 4 3 3 2 0 3 0 3 2 3 0 0 0 3 3 1 4 3 4 0 2 1 3 1 0 0 3 4 3 0 3 5 0 0 0 0 2 1 0 10 1 1 4 2 3 3 3 2 0 3 3 0 0 0 0 2 0 1 3 0 2 3 2 1 10 0 2 0 3 1 2 2 2 1 0 5 3 3 0 0 5 3   25380
1450 2 0 2 2 2 1 0 10 0 3 3 2 6 2 10 0 3 2 4 3 3 2 0 3 0 3 2 3 0 0 0 3 3 1 4 3 4 0 2 1 3 1 0 0 3 4 3 0 3 5 0 0 0 0 2 1 0 10 1 1 4 2 3 3 3 2 0 3 3 1 0 0 1 2 0 1 3 0 2 3 2 1 10 0 2 0 3 1 2 2 2 1 0 5 3 3 0 0 5 3   25500
1452 2 0 2 2 2 1 0 10 0 3 3 2 6 2 10 0 3 2 4 3 3 2 0 3 0 3 2 3 0 0 0 3 3 1 4 3 4 0 2 1 3 1 0 0 3 4 3 0 3 5 0 0 0 0 2 1 0 10 1 1 4 2 3 3 3 2 0 3 3 1 0 0 1 2 0 1 3 0 2 3 2 1 10 0 2 0 3 1 2 2 2 1 0 5 3 4 0 0 5 3   25560
1469 2 0 2 2 2 1 0 10 0 3 3 2 6 2 10 0 3 2 4 3 3 2 0 3 0 3 2 3 0 0 0 3 3 1 4 3 4 0 2 1 3 1 0 0 3 4 3 0 3 5 0 0 0 0 2 1 0 10 1 1 4 2 3 3 3 2 0 3 3 2 0 0 2 2 0 1 3 0 2 3 2 1 10 0 2 0 3 1 2 2 2 1 0 5 3 4 0 0 5 3   25940
1486 2 0 2 2 2 1 1 10 0 3 3 2 6 2 10 1 3 2 4 3 3 2 0 3 0 3 2 3 0 1 0 3 3 1 4 3 4 0 2 1 3 1 0 0 3 4 3 0 3 5 0 0 0 0 2 1 0 10 1 1 4 2 3 3 3 2 0 3 3 2 0 0 2 2 0 1 3 0 2 3 2 1 10 0 2 0 3 1 2 2 2 1 0 5 3 4 0 0 5 3   26340
1493 2 0 2 2 2 1 2 10 0 3 3 2 6 2 10 1 3 2 4 3 3 2 0 3 0 3 2 3 0 2 0 3 3 1 4 3 4 0 2 1 3 1 0 0 3 4 3 0 3 5 0 0 0 0 2 1 0 10 1 1 4 2 3 3 3 2 0 3 3 2 0 0 2 2 0 1 3 0 2 3 2 1 10 0 2 0 3 1 2 2 2 1 0 5 3 4 0 0 5 3   26420
1507 2 0 2 2 2 1 3 10 0 3 3 2 6 2 10 1 3 2 4 3 3 2 0 3 0 3 2 3 0 3 0 3 3 1 4 3 4 0 2 1 3 1 0 0 3 4 3 0 3 5 0 0 0 0 2 1 0 10 1 1 4 2 3 3 3 2 0 3 3 2 0 0 2 2 0 1 3 0 2 3 2 1 10 0 2 0 3 1 2 2 2 1 0 5 3 4 0 0 5 3   26720
1523 2 0 2 2 2 1 3 10 0 3 3 2 6 2 10 1 3 2 4 3 3 2 0 3 0 3 2 3 1 3 0 3 3 1 4 3 4 0 2 1 3 1 0 0 3 4 3 0 3 5 0 0 0 0 2 1 0 10 1 1 4 2 3 3 3 2 0 3 3 2 1 0 2 2 0 1 3 0 2 3 2 1 10 0 2 0 3 1 2 2 2 1 1 5 3 4 0 0 5 3   26940
1543 2 0 2 2 2 1 3 10 0 3 3 2 6 2 10 1 3 2 4 3 3 2 0 3 0 3 2 3 2 3 0 3 3 1 4 3 4 0 2 1 3 1 0 0 3 4 3 0 3 5 0 0 0 0 2 1 0 10 1 1 4 2 3 3 3 2 0 3 3 2 2 0 2 2 0 1 3 0 2 3 2 1 10 0 2 0 3 1 2 2 2 1 2 5 3 4 0 0 5 3   27320
