11 0 0 0 0 0 0 0 0 0 0 0 0 0 0 0 0 0 0 0 0 0 0 0 0 0 0 0 0 0 0 0 0 0 0 0 0 0 0 0 0 0 0 0 0 0 0 0 0 0 0 0 0 0 0 0 0 0 1 0 0 0 0 0 0 0 0 0 0 0 0 0 0 0 0 0 0 0 0 0 0 0 0 1 0 0 0 0 0 0 0 0 0 0 0 0 0 0 0 0 0   0
12 0 0 0 0 0 0 0 0 0 0 0 0 0 0 0 0 0 0 0 0 0 0 0 0 0 0 0 0 0 0 0 0 0 0 0 0 0 0 0 0 0 0 0 0 0 0 0 0 0 0 0 0 0 0 0 0 0 1 0 0 0 0 0 0 0 0 0 0 0 0 0 0 0 0 0 0 0 0 0 0 0 0 2 0 0 0 0 0 0 0 0 0 0 0 0 0 0 0 0 0   0
13 0 0 0 0 0 0 0 0 0 0 0 0 0 0 0 0 0 0 0 0 0 0 0 0 0 0 0 0 0 0 0 0 0 0 0 0 0 0 0 0 0 0 0 0 0 0 0 0 0 0 0 0 0 0 0 0 0 1 0 0 0 0 0 0 0 0 0 0 0 0 0 0 0 0 0 0 0 0 0 0 0 0 3 0 0 0 0 0 0 0 0 0 0 0 0 0 0 0 0 0   0
24 0 0 0 0 0 0 0 0 0 0 0 0 0 0 0 0 0 0 0 0 0 0 0 0 0 0 0 0 0 0 0 0 0 0 0 0 0 0 0 0 0 0 0 0 0 0 0 0 0 0 0 0 0 0 0 0 0 1 0 0 0 0 0 0 0 0 0 0 0 0 0 0 0 0 0 0 0 0 0 0 0 0 4 0 0 0 0 0 0 0 0 0 0 0 0 0 0 0 0 0   0
25 0 0 0 0 0 0 0 0 0 0 0 0 0 0 0 0 0 0 0 0 0 0 0 0 0 0 0 0 0 0 0 0 0 0 0 0 0 0 0 0 0 0 0 0 0 0 0 0 0 0 0 0 0 0 0 0 0 1 0 0 0 0 0 0 0 0 0 0 0 0 0 0 0 0 0 0 0 0 0 0 0 0 5 0 0 0 0 0 0 0 0 0 0 0 0 0 0 0 0 0   0
26 0 0 0 0 0 0 0 0 0 0 0 0 0 0 0 0 0 0 0 0 0 0 0 0 0 0 0 0 0 0 0 0 0 0 0 0 0 0 0 0 0 0 0 0 0 0 0 0 0 0 0 0 0 0 0 0 0 1 0 0 0 0 0 0 0 0 0 0 0 0 0 0 0 0 0 0 0 0 0 0 0 0 6 0 0 0 0 0 0 0 0 0 0 0 0 0 0 0 0 0   0
27 0 0 0 0 0 0 0 0 0 0 0 0 0 0 0 0 0 0 0 0 0 0 0 0 0 0 0 0 0 0 0 0 0 0 0 0 0 0 0 0 0 0 0 0 0 0 0 0 0 0 0 0 0 0 0 0 0 1 0 0 0 0 0 0 0 0 0 0 0 0 0 0 0 0 0 0 0 0 0 0 0 0 7 0 0 0 0 0 0 0 0 0 0 0 0 0 0 0 0 0   0
28 0 0 0 0 0 0 0 0 0 0 0 0 0 0 0 0 0 0 0 0 0 0 0 0 0 0 0 0 0 0 0 0 0 0 0 0 0 0 0 0 0 0 0 0 0 0 0 0 0 0 0 0 0 0 0 0 0 1 0 0 0 0 0 0 0 0 0 0 0 0 0 0 0 0 0 0 0 0 0 0 0 0 8 0 0 0 0 0 0 0 0 0 0 0 0 0 0 0 0 0   0
29 0 0 0 0 0 0 0 0 0 0 0 0 0 0 0 0 0 0 0 0 0 0 0 0 0 0 0 0 0 0 0 0 0 0 0 0 0 0 0 0 0 0 0 0 0 0 0 0 0 0 0 0 0 0 0 0 0 1 0 0 0 0 0 0 0 0 0 0 0 0 0 0 0 0 0 0 0 0 0 0 0 0 9 0 0 0 0 0 0 0 0 0 0 0 0 0 0 0 0 0   0
30 0 0 0 0 0 0 0 0 0 0 0 0 0 0 0 0 0 0 0 0 0 0 0 0 0 0 0 0 0 0 0 0 0 0 0 0 0 0 0 0 0 0 0 0 0 0 0 0 0 0 0 0 0 0 0 0 0 1 0 0 0 0 0 0 0 0 0 0 0 0 0 0 0 0 0 0 0 0 0 0 0 0 10 0 0 0 0 0 0 0 0 0 0 0 0 0 0 0 0 0   0
31 0 0 0 0 0 0 0 0 0 0 0 0 0 0 1 0 0 0 0 0 0 0 0 0 0 0 0 0 0 0 0 0 0 0 0 0 0 0 0 0 0 0 0 0 0 0 0 0 0 0 0 0 0 0 0 0 0 1 0 0 0 0 0 0 0 0 0 0 0 0 0 0 0 0 0 0 0 0 0 0 0 0 10 0 0 0 0 0 0 0 0 0 0 0 0 0 0 0 0 0   0
32 0 0 0 0 0 0 0 0 0 0 0 0 0 0 2 0 0 0 0 0 0 0 0 0 0 0 0 0 0 0 0 0 0 0 0 0 0 0 0 0 0 0 0 0 0 0 0 0 0 0 0 0 0 0 0 0 0 2 0 0 0 0 0 0 0 0 0 0 0 0 0 0 0 0 0 0 0 0 0 0 0 0 10 0 0 0 0 0 0 0 0 0 0 0 0 0 0 0 0 0   0
33 0 0 0 0 0 0 0 0 0 0 0 0 0 0 3 0 0 0 0 0 0 0 0 0 0 0 0 0 0 0 0 0 0 0 0 0 0 0 0 0 0 0 0 0 0 0 0 0 0 0 0 0 0 0 0 0 0 3 0 0 0 0 0 0 0 0 0 0 0 0 0 0 0 0 0 0 0 0 0 0 0 0 10 0 0 0 0 0 0 0 0 0 0 0 0 0 0 0 0 0   0
34 0 0 0 0 0 0 0 0 0 0 0 0 0 0 3 0 0 0 0 0 0 0 0 0 0 0 0 0 0 0 0 0 0 0 0 0 0 0 0 0 0 0 0 0 0 0 0 0 0 0 0 0 0 0 0 0 0 4 0 0 0 0 0 0 0 0 0 0 0 0 0 0 0 0 0 0 0 0 0 0 0 0 10 0 0 0 0 0 0 0 0 0 0 0 0 0 0 0 0 0   0
35 0 0 0 0 0 0 0 0 0 0 0 0 0 0 3 0 0 0 0 0 0 0 0 0 0 0 0 0 0 0 0 0 0 0 0 0 0 0 0 0 0 0 0 0 0 0 0 0 0 0 0 0 0 0 0 0 0 5 0 0 0 0 0 0 0 0 0 0 0 0 0 0 0 0 0 0 0 0 0 0 0 0 10 0 0 0 0 0 0 0 0 0 0 0 0 0 0 0 0 0   0
36 0 0 0 0 0 0 0 0 0 0 0 0 0 0 3 0 0 0 0 0 0 0 0 0 0 0 0 0 0 0 0 0 0 0 0 0 0 0 0 0 0 0 0 0 0 0 0 0 0 0 0 0 0 0 0 0 0 6 0 0 0 0 0 0 0 0 0 0 0 0 0 0 0 0 0 0 0 0 0 0 0 0 10 0 0 0 0 0 0 0 0 0 0 0 0 0 0 0 0 0   0
37 0 0 0 0 0 0 0 0 0 0 0 0 0 0 3 0 0 0 0 0 0 0 0 0 0 0 0 0 0 0 0 0 0 0 0 0 0 0 0 0 0 0 0 0 0 0 0 0 0 0 0 0 0 0 0 0 0 7 0 0 0 0 0 0 0 0 0 0 0 0 0 0 0 0 0 0 0 0 0 0 0 0 10 0 0 0 0 0 0 0 0 0 0 0 0 0 0 0 0 0   20
41 0 0 0 0 0 0 0 1 0 0 0 0 0 0 3 0 0 0 0 0 0 0 0 0 0 0 0 0 0 0 0 0 0 0 0 0 0 0 0 0 0 0 0 0 0 0 0 0 0 0 0 0 0 0 0 0 0 7 0 0 0 0 0 0 0 0 0 0 0 0 0 0 0 0 0 0 0 0 0 0 0 0 10 0 0 0 0 0 0 0 0 0 0 0 0 0 0 0 0 0   40
42 0 0 0 0 0 0 0 2 0 0 0 0 0 0 3 0 0 0 0 0 0 0 0 0 0 0 0 0 0 0 0 0 0 0 0 0 0 0 0 0 0 0 0 0 0 0 0 0 0 0 0 0 0 0 0 0 0 7 0 0 0 0 0 0 0 0 0 0 0 0 0 0 0 0 0 0 0 0 0 0 0 0 10 0 0 0 0 0 0 0 0 0 0 0 0 0 0 0 0 0   40
44 0 0 0 0 0 0 0 2 0 0 0 0 0 0 4 0 0 0 0 0 0 0 0 0 0 0 0 0 0 0 0 0 0 0 0 0 0 0 0 0 0 0 0 0 0 0 0 0 0 0 0 0 0 0 0 0 0 7 0 0 0 0 0 0 0 0 0 0 0 0 0 0 0 0 0 0 0 0 0 0 0 0 10 0 0 0 0 0 0 0 0 0 0 0 0 0 0 0 0 0   40
45 0 0 0 0 0 0 0 2 0 0 0 0 0 0 5 0 0 0 0 0 0 0 0 0 0 0 0 0 0 0 0 0 0 0 0 0 0 0 0 0 0 0 0 0 0 0 0 0 0 0 0 0 0 0 0 0 0 7 0 0 0 0 0 0 0 0 0 0 0 0 0 0 0 0 0 0 0 0 0 0 0 0 10 0 0 0 0 0 0 0 0 0 0 0 0 0 0 0 0 0   40
46 0 0 0 0 0 0 0 2 0 0 0 0 0 0 6 0 0 0 0 0 0 0 0 0 0 0 0 0 0 0 0 0 0 0 0 0 0 0 0 0 0 0 0 0 0 0 0 0 0 0 0 0 0 0 0 0 0 7 0 0 0 0 0 0 0 0 0 0 0 0 0 0 0 0 0 0 0 0 0 0 0 0 10 0 0 0 0 0 0 0 0 0 0 0 0 0 0 0 0 0   40
47 0 0 0 0 0 0 0 2 0 0 0 0 0 0 7 0 0 0 0 0 0 0 0 0 0 0 0 0 0 0 0 0 0 0 0 0 0 0 0 0 0 0 0 0 0 0 0 0 0 0 0 0 0 0 0 0 0 7 0 0 0 0 0 0 0 0 0 0 0 0 0 0 0 0 0 0 0 0 0 0 0 0 10 0 0 0 0 0 0 0 0 0 0 0 0 0 0 0 0 0   40
48 0 0 0 0 0 0 0 2 0 0 0 0 0 0 8 0 0 0 0 0 0 0 0 0 0 0 0 0 0 0 0 0 0 0 0 0 0 0 0 0 0 0 0 0 0 0 0 0 0 0 0 0 0 0 0 0 0 7 0 0 0 0 0 0 0 0 0 0 0 0 0 0 0 0 0 0 0 0 0 0 0 0 10 0 0 0 0 0 0 0 0 0 0 0 0 0 0 0 0 0   40
49 0 0 0 0 0 0 0 2 0 0 0 0 0 0 9 0 0 0 0 0 0 0 0 0 0 0 0 0 0 0 0 0 0 0 0 0 0 0 0 0 0 0 0 0 0 0 0 0 0 0 0 0 0 0 0 0 0 7 0 0 0 0 0 0 0 0 0 0 0 0 0 0 0 0 0 0 0 0 0 0 0 0 10 0 0 0 0 0 0 0 0 0 0 0 0 0 0 0 0 0   60
50 0 0 0 0 0 0 0 2 0 0 0 0 0 0 10 0 0 0 0 0 0 0 0 0 0 0 0 0 0 0 0 0 0 0 0 0 0 0 0 0 0 0 0 0 0 0 0 0 0 0 0 0 0 0 0 0 0 7 0 0 0 0 0 0 0 0 0 0 0 0 0 0 0 0 0 0 0 0 0 0 0 0 10 0 0 0 0 0 0 0 0 0 0 0 0 0 0 0 0 0   60
53 0 0 0 0 0 0 0 3 0 0 0 0 0 0 10 0 0 0 0 0 0 0 0 0 0 0 0 0 0 0 0 0 0 0 0 0 0 0 0 0 0 0 0 0 0 0 0 0 0 0 0 0 0 0 0 0 0 7 0 0 0 0 0 0 0 0 0 0 0 0 0 0 0 0 0 0 0 0 0 0 0 0 10 0 0 0 0 0 0 0 0 0 0 0 0 0 0 0 0 0   100
54 0 0 0 0 0 0 0 4 0 0 0 0 0 0 10 0 0 0 0 0 0 0 0 0 0 0 0 0 0 0 0 0 0 0 0 0 0 0 0 0 0 0 0 0 0 0 0 0 0 0 0 0 0 0 0 0 0 7 0 0 0 0 0 0 0 0 0 0 0 0 0 0 0 0 0 0 0 0 0 0 0 0 10 0 0 0 0 0 0 0 0 0 0 0 0 0 0 0 0 0   120
55 0 0 0 0 0 0 0 5 0 0 0 0 0 0 10 0 0 0 0 0 0 0 0 0 0 0 0 0 0 0 0 0 0 0 0 0 0 0 0 0 0 0 0 0 0 0 0 0 0 0 0 0 0 0 0 0 0 7 0 0 0 0 0 0 0 0 0 0 0 0 0 0 0 0 0 0 0 0 0 0 0 0 10 0 0 0 0 0 0 0 0 0 0 0 0 0 0 0 0 0   140
56 0 0 0 0 0 0 0 6 0 0 0 0 0 0 10 0 0 0 0 0 0 0 0 0 0 0 0 0 0 0 0 0 0 0 0 0 0 0 0 0 0 0 0 0 0 0 0 0 0 0 0 0 0 0 0 0 0 7 0 0 0 0 0 0 0 0 0 0 0 0 0 0 0 0 0 0 0 0 0 0 0 0 10 0 0 0 0 0 0 0 0 0 0 0 0 0 0 0 0 0   160
57 0 0 0 0 0 0 0 7 0 0 0 0 0 0 10 0 0 0 0 0 0 0 0 0 0 0 0 0 0 0 0 0 0 0 0 0 0 0 0 0 0 0 0 0 0 0 0 0 0 0 0 0 0 0 0 0 0 7 0 0 0 0 0 0 0 0 0 0 0 0 0 0 0 0 0 0 0 0 0 0 0 0 10 0 0 0 0 0 0 0 0 0 0 0 0 0 0 0 0 0   160
58 0 0 0 0 0 0 0 8 0 0 0 0 0 0 10 0 0 0 0 0 0 0 0 0 0 0 0 0 0 0 0 0 0 0 0 0 0 0 0 0 0 0 0 0 0 0 0 0 0 0 0 0 0 0 0 0 0 8 0 0 0 0 0 0 0 0 0 0 0 0 0 0 0 0 0 0 0 0 0 0 0 0 10 0 0 0 0 0 0 0 0 0 0 0 0 0 0 0 0 0   180
59 0 0 0 0 0 0 0 9 0 0 0 0 0 0 10 0 0 0 0 0 0 0 0 0 0 0 0 0 0 0 0 0 0 0 0 0 0 0 0 0 0 0 0 0 0 0 0 0 0 0 0 0 0 0 0 0 0 8 0 0 0 0 0 0 0 0 0 0 0 0 0 0 0 0 0 0 0 0 0 0 0 0 10 0 0 0 0 0 0 0 0 0 0 0 0 0 0 0 0 0   220
60 0 0 0 0 0 0 0 10 0 0 0 0 0 0 10 0 0 0 0 0 0 0 0 0 0 0 0 0 0 0 0 0 0 0 0 0 0 0 0 0 0 0 0 0 0 0 0 0 0 0 0 0 0 0 0 0 0 8 0 0 0 0 0 0 0 0 0 0 0 0 0 0 0 0 0 0 0 0 0 0 0 0 10 0 0 0 0 0 0 0 0 0 0 0 0 0 0 0 0 0   280
170 0 0 0 0 0 0 0 10 0 0 0 0 0 0 10 0 0 0 0 0 0 0 0 0 0 0 0 0 0 0 0 0 0 0 0 0 0 0 0 0 0 0 0 0 0 0 0 0 0 0 0 0 0 0 0 0 0 9 0 0 0 0 0 0 0 0 0 0 0 0 0 0 0 0 0 0 0 0 0 0 0 0 10 0 0 0 0 0 0 0 0 0 0 0 0 0 0 0 0 0   2380
177 0 0 0 0 0 0 0 10 0 0 0 0 0 0 10 0 0 0 0 0 0 0 0 0 0 0 0 0 0 0 0 0 0 0 0 0 0 0 0 0 0 0 0 0 0 0 0 0 0 0 0 0 0 0 0 0 0 10 0 0 0 0 0 0 0 0 0 0 0 0 0 0 0 0 0 0 0 0 0 0 0 0 10 0 0 0 0 0 0 0 0 0 0 0 0 0 0 0 0 0   2540
868 0 0 0 0 1 0 0 10 0 0 0 0 0 0 10 0 0 0 0 0 0 0 0 0 0 0 0 0 0 0 0 0 0 0 0 0 0 0 0 0 0 0 0 0 0 0 0 0 0 0 0 0 0 0 0 0 0 10 0 0 0 0 0 0 0 0 0 0 0 0 0 0 0 0 0 0 0 0 0 0 0 0 10 0 0 0 0 0 0 0 1 0 0 0 0 0 0 0 0 0   15020
882 0 0 0 0 2 0 0 10 0 0 0 0 0 0 10 0 0 0 0 0 0 0 0 0 0 0 0 0 0 0 0 0 0 0 0 0 0 0 0 0 0 0 0 0 0 0 0 0 0 0 0 0 0 0 0 0 0 10 0 0 0 0 0 0 0 0 0 0 0 0 0 0 0 0 0 0 0 0 0 0 0 0 10 0 0 0 0 0 0 0 2 0 0 0 0 0 0 0 0 0   15260
895 0 0 0 0 2 0 0 10 0 0 0 0 0 0 10 0 0 0 0 0 0 0 0 0 0 0 0 0 0 0 0 0 0 0 1 0 0 0 0 0 0 0 0 0 0 1 0 0 0 0 0 0 0 0 0 0 0 10 0 0 0 0 0 0 0 0 0 0 0 0 0 0 0 0 0 0 0 0 0 0 0 0 10 0 0 0 0 0 0 0 2 0 0 0 0 0 0 0 0 0   15500
910 0 0 0 0 2 0 0 10 0 0 0 0 0 0 10 0 0 0 0 0 0 0 0 0 0 0 0 0 0 0 1 0 0 0 1 0 0 0 0 0 0 0 0 0 0 1 1 0 0 0 0 0 0 0 0 0 0 10 0 0 0 0 1 0 0 0 0 0 0 0 0 0 0 0 0 0 0 0 0 1 0 0 10 0 0 0 0 0 0 0 2 0 0 0 0 0 0 0 0 0   15840
914 0 0 0 0 2 0 0 10 0 0 0 0 0 0 10 0 0 0 0 0 0 0 0 0 0 0 0 0 0 0 1 0 0 0 1 0 0 0 0 0 0 0 0 0 0 1 1 0 0 0 0 1 0 0 0 0 0 10 0 0 0 0 1 0 0 0 0 0 0 0 0 0 0 0 0 0 0 0 0 1 0 0 10 0 0 0 0 0 0 0 2 0 0 0 0 0 0 0 0 0   15940
923 0 0 0 0 2 0 0 10 0 0 0 0 0 0 10 0 0 0 0 0 0 0 0 0 0 0 0 0 0 0 1 0 0 0 1 0 0 0 0 0 0 0 0 0 0 1 2 0 0 0 0 2 0 0 0 0 0 10 0 0 0 0 1 0 0 0 0 0 0 0 0 0 0 0 0 0 0 0 0 2 0 0 10 0 0 0 0 0 0 0 2 0 0 0 0 0 0 0 0 0   16080
929 0 0 0 0 2 0 0 10 0 0 0 0 0 0 10 0 0 0 0 0 0 0 0 0 0 0 0 0 0 0 1 0 0 0 1 0 0 0 0 0 0 0 0 0 0 1 3 0 0 0 0 3 0 0 0 0 0 10 0 0 0 0 1 0 0 0 0 0 0 0 0 0 0 0 0 0 0 0 0 3 0 0 10 0 0 0 0 0 0 0 2 0 0 0 0 0 0 0 0 0   16220
935 0 0 0 0 2 0 0 10 0 0 0 0 0 0 10 0 0 0 0 0 0 0 0 0 0 0 0 0 0 0 1 0 0 0 1 0 0 0 0 0 0 0 0 0 0 1 3 0 0 0 0 3 0 0 0 0 0 10 0 0 0 0 1 0 0 0 0 0 0 0 0 0 0 0 0 0 0 0 0 4 0 0 10 0 0 0 0 0 0 0 2 0 0 0 0 0 0 0 0 0   16280
940 0 0 0 0 2 0 0 10 0 0 0 0 0 0 10 0 0 0 0 0 0 0 0 0 0 0 0 0 0 0 1 0 0 0 1 0 0 0 0 0 0 0 0 0 0 1 3 0 0 0 0 3 0 0 0 0 0 10 0 0 1 0 1 0 0 0 0 0 0 0 0 0 0 0 0 0 0 0 0 4 0 0 10 0 0 0 0 0 0 0 2 0 0 0 0 0 0 0 0 0   16400
942 0 0 0 0 2 0 0 10 0 0 0 0 0 0 10 0 0 0 0 0 0 0 0 0 0 0 0 0 0 0 1 0 0 0 1 0 0 0 0 0 0 0 0 0 0 1 3 0 0 0 0 3 0 0 0 0 0 10 0 0 2 0 2 0 0 0 0 0 0 0 0 0 0 0 0 0 0 0 0 4 0 0 10 0 0 0 0 0 0 0 2 0 0 0 0 0 0 0 0 0   16420
976 0 0 0 0 2 0 0 10 0 0 0 0 0 0 10 0 0 0 0 0 0 0 0 0 0 1 0 0 0 0 1 0 0 0 1 0 0 0 0 0 0 0 0 0 0 1 3 0 0 0 0 3 0 0 0 0 0 10 0 0 2 0 2 0 0 0 0 0 0 0 0 0 0 0 0 0 0 0 0 4 0 0 10 0 0 0 0 0 0 0 2 0 0 0 0 0 0 0 0 0   17140
996 0 0 0 0 2 0 0 10 0 0 0 0 0 0 10 0 0 0 0 0 0 0 0 0 0 2 0 0 0 0 1 0 0 0 1 0 0 0 0 0 0 0 0 0 0 1 3 0 0 0 0 3 0 0 0 0 0 10 0 0 2 0 2 0 0 0 0 0 0 0 0 0 0 0 0 0 0 0 0 4 0 0 10 0 0 0 0 0 0 0 2 0 0 0 0 0 0 0 0 0   17540
1048 0 0 0 0 2 0 0 10 0 0 0 0 0 0 10 0 0 0 0 0 0 0 0 0 0 2 0 0 0 0 1 0 0 0 1 0 0 0 0 0 0 0 0 0 0 1 3 0 0 0 0 3 0 0 0 0 1 10 0 1 2 0 2 0 0 0 0 0 0 0 0 0 0 0 0 0 0 0 0 4 0 0 10 0 0 0 0 0 0 0 2 0 0 0 1 0 0 0 0 0   18400
1066 0 0 0 0 2 0 0 10 0 0 0 0 0 0 10 0 0 0 0 0 0 0 0 0 0 2 0 0 0 0 1 1 0 0 1 0 0 0 1 0 0 0 0 0 0 1 3 0 0 0 0 3 0 0 0 0 1 10 0 1 2 0 2 0 0 0 0 0 0 0 0 0 0 0 0 0 0 0 0 4 0 0 10 0 0 0 0 0 0 0 2 0 0 0 1 0 0 0 0 0   18640
1072 0 0 0 0 2 0 0 10 0 0 0 0 0 0 10 0 0 0 0 0 0 0 0 0 0 2 0 0 0 0 1 1 0 0 1 0 0 0 2 0 0 0 0 0 0 1 3 0 0 0 0 3 0 0 0 0 1 10 0 1 2 0 2 0 0 0 0 0 0 0 0 0 0 0 0 0 0 0 0 4 0 0 10 0 0 0 0 0 0 0 2 0 0 0 2 0 0 0 0 0   18720
1077 0 0 0 0 2 0 0 10 0 0 0 0 0 0 10 0 0 1 0 0 0 0 0 0 0 2 0 0 0 0 1 1 0 0 1 0 0 0 2 0 0 0 0 0 0 1 3 0 0 0 0 3 0 0 0 0 1 10 0 1 2 0 2 0 0 0 0 0 0 0 0 0 0 0 0 0 0 0 0 4 0 0 10 0 0 0 0 0 0 0 2 0 0 0 2 0 0 0 0 0   18860
1090 0 0 0 0 2 0 0 10 0 0 0 0 0 0 10 0 0 2 0 0 0 0 0 0 0 2 0 0 0 0 1 1 0 0 1 0 0 0 2 0 0 0 0 0 0 1 3 0 0 0 0 3 0 0 0 0 1 10 0 1 2 0 2 0 0 0 0 0 0 0 0 0 0 0 0 0 0 0 0 4 0 0 10 0 0 0 0 0 0 0 2 0 0 0 2 0 0 0 0 0   19040
1098 0 0 0 0 2 0 0 10 0 0 0 0 0 0 10 0 0 3 0 0 0 0 0 0 0 2 0 0 0 0 1 1 0 0 1 0 0 0 2 0 0 0 0 0 0 1 3 0 0 0 0 3 0 0 0 0 1 10 0 1 2 0 2 0 0 0 0 0 0 0 0 0 0 0 0 0 0 0 0 4 0 0 10 0 0 0 0 0 0 0 2 0 0 0 2 0 0 0 0 0   19120
1106 0 0 0 0 2 0 0 10 0 0 0 1 0 0 10 0 0 3 0 0 0 0 0 0 0 2 0 0 0 0 1 1 0 0 1 0 0 0 2 0 0 0 0 0 0 1 3 0 0 0 0 3 0 0 0 0 1 10 0 1 2 0 2 0 0 0 0 0 0 0 0 0 0 0 0 0 0 0 0 4 0 0 10 0 0 0 0 0 0 0 2 0 0 0 2 0 0 0 0 0   19360
1117 0 0 0 0 2 0 0 10 0 0 0 2 0 0 10 0 0 3 0 0 0 0 0 0 0 2 0 0 0 0 1 1 0 0 1 0 0 0 2 0 0 0 0 0 0 1 3 0 0 0 0 3 0 0 0 0 1 10 0 1 2 0 2 0 0 0 0 0 0 0 0 0 0 0 0 0 0 0 0 4 0 0 10 0 0 0 0 0 0 0 2 0 0 0 2 0 0 0 0 0   19540
1123 0 0 0 0 2 0 0 10 0 0 0 2 0 0 10 0 0 3 0 0 0 0 0 0 0 2 0 0 0 0 1 1 0 0 1 0 0 0 2 0 0 0 0 0 0 1 3 0 0 0 0 3 0 0 0 0 1 10 0 1 2 0 2 0 0 1 0 0 0 0 0 0 0 0 0 0 0 0 0 4 0 0 10 0 0 0 0 0 1 0 2 0 0 0 2 0 0 0 0 0   19720
1129 0 0 0 0 2 0 0 10 0 0 0 2 0 0 10 0 0 3 0 0 0 0 0 0 0 2 0 0 0 0 1 1 0 0 1 0 0 0 2 0 0 0 0 0 0 1 3 0 0 0 0 3 0 0 0 0 1 10 0 1 2 0 2 0 0 1 0 0 0 0 0 0 0 0 0 0 0 0 0 4 0 0 10 0 0 0 0 0 2 0 2 0 0 0 2 0 0 0 0 0   19820
1146 0 0 0 0 2 0 0 10 0 0 0 2 1 0 10 0 0 3 0 0 0 0 0 0 0 2 0 0 0 0 1 1 0 0 1 0 0 0 2 0 0 0 0 0 0 1 3 0 0 0 0 3 0 0 0 0 1 10 0 1 2 0 2 0 0 1 0 0 0 0 0 0 0 0 0 0 0 0 0 4 0 0 10 0 0 0 0 0 2 0 2 0 0 1 2 0 0 0 0 0   20120
1147 0 0 0 0 2 0 0 10 0 0 0 2 1 0 10 0 0 3 0 0 0 0 0 0 0 2 0 0 0 0 1 1 0 0 1 0 0 0 2 0 0 0 0 0 0 1 3 0 0 0 0 3 0 0 0 0 1 10 0 1 2 0 2 0 0 2 0 0 0 0 0 0 0 0 0 0 0 0 0 4 0 0 10 0 0 0 0 0 2 0 2 0 0 1 2 0 0 0 0 0   20160
1160 0 0 0 0 2 0 0 10 0 0 0 2 1 0 10 0 0 3 0 0 0 0 0 0 0 2 0 0 0 0 1 1 0 0 1 0 0 0 2 0 0 0 0 0 0 1 3 0 0 0 0 3 0 0 0 0 1 10 0 1 2 0 2 0 0 2 0 0 0 0 0 0 0 1 0 0 0 0 0 4 0 0 10 0 0 0 0 0 2 0 2 0 0 1 2 0 0 0 0 0   20460
1166 0 0 0 0 2 1 0 10 0 0 0 2 2 0 10 0 0 3 0 0 0 0 0 0 0 2 0 0 0 0 1 1 0 0 1 0 0 0 2 0 0 0 0 0 0 1 3 0 0 0 1 3 0 0 0 0 1 10 0 1 2 0 2 0 0 2 0 0 0 0 0 0 0 2 0 0 0 0 0 4 0 0 10 1 0 0 0 0 2 0 2 0 0 1 2 0 0 0 0 0   20580
1173 0 0 0 0 2 1 0 10 0 0 0 2 2 0 10 0 0 3 0 0 0 0 0 0 0 2 0 0 0 0 1 1 0 0 1 0 0 0 2 0 0 0 0 0 0 1 3 0 0 0 1 3 0 0 0 0 1 10 0 1 2 0 2 0 0 2 0 0 0 0 0 0 0 2 0 0 0 0 0 4 0 0 10 1 0 0 0 0 2 0 2 0 0 2 2 0 0 0 0 0   20760
1180 0 0 0 0 2 2 0 10 0 0 0 2 2 0 10 0 0 3 0 0 0 0 0 0 0 2 0 0 0 0 1 1 0 0 1 0 0 0 2 0 0 0 0 0 0 1 3 0 0 0 1 3 0 0 0 0 1 10 0 1 2 0 2 0 0 2 0 0 0 0 0 0 0 2 0 0 0 0 0 4 0 0 10 2 0 0 0 0 2 0 2 0 0 2 2 0 0 0 0 0   20840
1187 0 0 0 0 2 2 0 10 0 0 0 2 2 0 10 0 0 3 0 1 0 0 0 0 0 2 0 0 0 0 1 1 0 0 1 0 0 0 2 1 0 0 0 0 0 1 3 0 0 0 1 3 0 0 0 1 1 10 0 1 2 0 2 0 0 2 0 0 0 0 0 0 0 2 0 0 0 0 1 4 0 0 10 2 0 0 0 1 2 1 2 0 0 2 2 0 0 0 0 0   20940
1205 0 0 0 0 2 2 0 10 0 0 0 2 2 0 10 0 0 3 0 2 0 0 0 0 0 2 0 0 0 0 1 1 0 0 1 0 0 0 2 1 0 0 0 0 0 1 3 0 0 0 1 3 0 0 0 1 1 10 0 1 2 0 2 0 0 2 0 0 0 0 0 0 0 2 0 0 0 0 1 4 0 0 10 2 0 0 0 2 2 2 2 0 0 2 2 0 0 0 0 0   21220
1212 0 0 0 0 2 2 0 10 0 0 0 2 2 0 10 0 0 3 0 2 0 0 0 0 0 2 0 0 0 0 1 1 0 0 1 0 0 0 2 1 0 0 0 0 0 1 3 0 0 0 1 3 0 0 0 1 1 10 0 1 2 0 2 0 0 2 0 0 0 0 0 0 0 2 0 0 0 0 1 4 0 0 10 2 0 0 0 3 2 3 2 0 0 2 2 0 0 0 0 0   21440
1222 0 0 0 0 2 2 0 10 0 0 1 2 2 0 10 0 0 3 0 2 1 0 0 0 0 2 0 0 0 0 1 1 0 0 1 1 0 0 2 1 0 0 0 0 0 1 3 0 1 0 1 3 0 0 0 1 1 10 0 1 2 0 2 0 0 2 0 0 0 0 0 0 0 2 0 0 0 0 1 4 0 0 10 2 0 0 0 3 2 3 2 0 0 2 2 0 0 0 0 1   21640
1224 0 0 0 0 2 2 0 10 0 0 1 2 2 0 10 0 0 3 0 2 1 0 0 0 0 2 0 0 0 0 1 1 0 0 1 1 0 0 2 1 0 0 0 0 0 1 3 0 1 0 1 3 0 0 0 1 1 10 1 1 2 0 2 0 0 2 0 0 0 0 0 0 0 2 0 0 0 0 1 4 0 0 10 2 0 0 0 3 2 3 2 0 0 2 2 0 0 0 0 1   21720
1228 0 0 0 0 2 2 0 10 0 0 1 2 2 0 10 0 0 3 0 2 1 0 0 0 0 2 0 0 0 0 1 1 0 0 1 2 0 0 2 1 0 0 0 0 0 1 3 0 1 0 1 3 0 0 0 1 1 10 1 1 2 0 2 0 0 2 0 0 0 0 0 0 0 2 0 0 0 0 1 4 0 0 10 2 0 0 0 3 2 3 2 0 0 2 2 0 0 0 0 2   21800
1235 0 0 2 0 2 2 0 10 0 0 1 2 2 0 10 0 0 3 0 2 2 0 0 0 0 2 0 0 0 0 1 1 0 0 1 2 0 0 2 1 0 0 0 0 0 1 3 0 1 0 1 3 0 0 0 1 1 10 1 1 2 0 2 1 0 2 0 0 1 0 0 0 0 2 0 0 0 0 1 4 0 0 10 2 0 0 0 3 2 3 2 0 0 2 2 0 0 0 0 2   21960
1243 0 0 2 0 2 2 0 10 0 0 1 2 2 0 10 0 0 3 0 2 2 1 0 0 0 2 0 0 0 0 1 1 1 0 1 2 0 0 2 1 0 0 0 0 0 1 3 0 1 0 1 3 0 0 0 1 1 10 1 1 2 0 2 1 0 2 0 0 1 0 0 0 0 2 0 0 0 0 1 4 0 0 10 2 0 0 0 3 2 3 2 0 0 2 2 0 0 0 0 2   22060
1245 0 0 2 0 2 2 0 10 0 0 1 2 2 0 10 0 0 3 0 2 3 1 0 0 0 2 0 0 0 0 1 1 1 0 1 3 0 0 2 1 0 0 0 0 0 1 3 0 1 0 1 3 0 0 0 1 1 10 1 1 2 0 2 1 0 2 0 0 1 0 0 0 0 2 0 0 0 0 1 4 0 0 10 2 0 0 0 3 2 3 2 0 0 2 2 0 0 0 0 2   22080
1253 0 0 2 0 2 2 0 10 0 0 1 2 2 0 10 0 0 3 1 2 3 1 0 0 0 2 0 0 0 0 1 1 1 0 1 3 0 0 2 1 0 0 0 0 0 1 3 0 1 0 1 3 0 0 0 1 1 10 1 1 2 0 2 1 0 2 0 0 1 0 0 0 0 2 0 0 0 0 1 4 0 0 10 2 0 0 0 3 2 3 2 0 0 2 2 0 0 0 0 2   22180
1260 0 0 2 0 2 2 0 10 0 0 1 2 2 0 10 0 0 3 2 2 3 1 0 0 0 2 0 0 0 0 1 1 1 0 1 3 0 0 2 1 0 0 0 0 0 1 3 0 1 0 1 3 0 0 0 1 1 10 1 1 2 0 2 1 0 2 0 0 1 0 0 0 0 2 0 0 0 0 1 4 0 0 10 2 0 0 0 3 2 3 2 0 0 2 2 0 0 0 0 2   22300
1270 0 0 2 0 2 2 0 10 0 0 1 2 2 0 10 0 0 3 3 2 3 1 0 0 0 2 0 0 0 0 1 1 1 0 1 3 0 0 2 1 0 0 0 0 0 1 3 0 1 0 1 3 0 0 0 1 1 10 1 1 2 0 2 1 0 2 0 0 1 0 0 0 0 2 0 0 0 0 1 4 0 0 10 2 0 0 0 3 2 3 2 0 0 2 2 0 0 0 0 2   22460
1276 0 0 2 0 2 2 0 10 0 0 1 2 2 0 10 0 0 3 4 2 3 1 0 0 0 2 0 0 0 0 1 1 1 0 1 3 0 0 2 1 0 0 0 0 0 1 3 0 1 0 1 3 0 0 0 1 1 10 1 1 2 0 2 1 0 2 0 0 1 0 0 0 0 2 0 0 0 0 1 4 0 0 10 2 0 0 0 3 2 3 2 0 0 2 2 0 0 0 0 2   22620
1283 0 0 2 0 2 2 0 10 0 0 1 2 2 0 10 0 0 3 5 2 3 1 0 0 0 2 0 0 0 0 1 1 1 0 1 3 0 0 2 1 0 0 0 0 0 1 3 0 1 0 1 3 0 0 0 1 1 10 1 1 2 0 2 1 0 2 0 0 1 0 0 0 0 2 0 0 0 0 1 4 0 0 10 2 0 0 0 3 2 3 2 0 0 2 2 0 0 0 0 2   22800
1294 0 0 2 0 2 2 0 10 0 0 1 2 2 0 10 0 0 3 5 2 3 1 0 0 0 2 0 0 0 0 1 1 1 0 1 3 0 0 2 1 0 0 0 0 0 1 3 0 1 1 1 3 0 0 1 1 1 10 1 1 2 0 2 1 0 2 0 0 1 0 0 0 0 2 0 0 0 0 1 4 0 0 10 2 0 0 0 3 2 3 2 0 0 2 2 0 0 0 1 2   22960
1298 0 0 2 0 2 2 0 10 0 0 1 2 2 0 10 0 0 3 5 2 3 1 0 0 0 2 0 0 0 0 1 1 1 0 1 3 0 0 2 1 0 0 0 0 0 1 3 0 1 1 1 3 0 0 2 1 1 10 1 1 2 0 2 1 0 2 0 0 1 0 0 0 0 2 0 0 0 0 1 4 0 0 10 2 0 0 0 3 2 3 2 0 0 2 2 0 0 0 2 2   23060
1305 0 0 2 0 2 2 0 10 0 0 1 2 2 0 10 0 0 3 5 2 3 1 0 0 0 2 0 0 0 0 1 1 1 0 1 3 0 0 2 1 0 1 0 0 0 1 3 0 1 1 1 3 0 0 2 1 1 10 1 1 2 0 2 1 0 2 0 0 1 0 0 0 0 2 0 0 0 0 1 4 0 0 10 2 0 0 0 3 2 3 2 1 0 2 2 0 0 0 2 2   23180
1310 0 0 2 0 2 2 0 10 0 0 1 2 2 0 10 0 0 3 5 2 3 1 0 0 0 2 0 0 0 0 1 1 1 0 1 3 0 0 2 1 0 1 0 0 0 1 3 0 1 1 1 3 0 0 2 1 1 10 1 1 2 0 2 1 1 2 0 0 1 0 0 0 0 2 0 0 0 0 1 4 0 0 10 2 0 0 0 3 2 3 2 1 0 2 2 0 0 0 2 2   23220
1324 0 0 2 0 2 2 0 10 0 0 1 2 2 0 10 0 0 3 5 2 3 1 0 0 0 2 0 0 0 0 1 1 1 0 1 3 0 0 2 1 0 1 0 0 0 1 3 0 1 1 1 3 0 0 2 1 1 10 1 1 2 0 2 1 2 2 0 0 1 0 0 0 0 2 0 0 0 0 1 4 0 0 10 2 0 0 0 3 2 3 2 1 0 2 2 0 0 0 2 2   23460
1339 0 0 2 0 2 2 0 10 0 0 1 2 2 0 10 0 1 3 5 2 3 1 0 0 0 2 0 1 0 0 1 1 1 0 1 3 0 0 2 1 0 1 0 0 1 1 3 0 1 1 1 3 0 0 2 1 1 10 1 1 2 0 2 1 2 2 0 0 1 0 0 0 0 2 0 1 0 0 1 4 0 0 10 2 0 0 0 3 2 3 2 1 0 2 2 0 0 0 2 2   23700
1349 0 0 2 0 2 2 0 10 0 0 1 2 2 0 10 0 1 3 5 2 3 1 0 0 0 2 0 2 0 0 1 1 1 0 1 3 0 0 2 1 0 1 0 0 1 1 3 0 1 1 1 3 0 0 2 1 1 10 1 1 2 0 2 1 2 2 0 0 1 0 0 0 0 2 0 1 0 0 1 4 0 0 10 2 0 0 0 3 2 3 2 1 0 2 2 0 0 0 2 2   24020
1353 0 0 2 0 2 2 0 10 0 0 1 2 2 0 10 0 1 3 5 2 3 1 0 0 0 2 0 2 0 0 1 1 1 1 1 3 0 0 2 1 0 1 0 0 1 1 3 0 1 1 1 3 1 0 2 1 1 10 1 1 2 0 2 1 2 2 0 0 1 0 0 0 0 2 0 1 0 0 1 4 0 0 10 2 0 0 0 3 2 3 2 1 0 2 2 0 0 0 2 2   24060
1361 0 0 2 0 2 2 0 10 0 0 1 2 2 0 10 0 2 3 5 2 3 1 0 0 0 2 0 2 0 0 1 1 1 2 1 3 0 0 2 1 0 1 0 0 2 1 3 0 1 1 1 3 1 0 2 1 1 10 1 1 2 0 2 1 2 2 0 0 1 0 0 0 0 2 0 2 0 0 1 4 0 0 10 2 0 0 0 3 2 3 2 1 0 2 2 0 0 0 2 2   24340
1364 0 0 2 0 2 2 0 10 0 0 1 2 2 0 10 0 3 3 5 2 3 1 0 0 0 2 0 3 0 0 1 1 1 2 1 3 0 0 2 1 0 1 0 0 3 1 3 0 1 1 1 3 1 0 2 1 1 10 1 1 2 0 2 1 2 2 0 0 1 0 0 0 0 2 0 3 0 0 1 4 0 0 10 2 0 0 0 3 2 3 2 1 0 2 2 0 0 0 2 2   24360
1367 0 0 2 0 2 2 0 10 0 0 1 2 2 0 10 0 3 3 5 2 3 1 0 0 0 2 0 3 0 0 1 1 1 2 1 3 0 0 2 1 0 1 0 0 3 1 3 0 1 1 1 3 2 0 2 1 1 10 1 1 2 0 2 1 2 2 0 0 1 0 0 0 0 2 0 3 0 0 1 4 0 0 10 2 0 0 0 3 2 3 2 1 0 2 2 0 0 0 2 2   24440
1373 0 0 2 0 2 2 0 10 0 1 1 2 2 0 10 0 3 3 5 2 3 1 0 0 0 2 0 3 0 0 1 1 1 2 1 3 0 0 2 1 0 1 0 0 3 1 3 0 1 1 1 3 2 0 2 1 1 10 1 1 2 0 2 1 2 2 0 0 1 0 0 0 0 2 0 3 0 0 1 4 0 0 10 2 0 0 1 3 2 3 2 1 0 2 2 0 0 0 2 2   24600
1379 0 0 2 0 2 2 0 10 0 1 1 2 2 0 10 0 3 3 5 2 3 1 0 0 0 2 0 3 0 0 1 1 1 3 1 3 0 0 2 1 0 1 0 0 3 1 3 0 1 1 1 3 3 0 2 1 1 10 1 1 2 0 2 1 2 2 0 0 1 0 0 0 0 2 0 3 0 0 1 4 0 0 10 2 0 0 1 3 2 3 2 1 0 2 2 0 0 0 2 2   24680
1393 0 0 2 0 2 2 0 10 0 2 1 2 2 0 10 0 3 3 5 2 3 1 0 0 0 2 0 3 0 0 1 1 1 3 1 3 0 0 2 1 0 1 0 0 3 1 3 0 1 1 1 3 3 0 2 1 1 10 1 1 2 0 2 1 2 2 0 0 1 0 0 0 0 2 0 3 0 0 1 4 0 0 10 2 0 0 2 3 2 3 2 1 0 2 2 0 0 0 2 2   24980
1400 0 0 2 0 2 2 0 10 0 3 1 2 2 0 10 0 3 3 5 2 3 1 0 0 0 2 0 3 0 0 1 1 1 3 1 3 0 0 2 1 0 1 0 0 3 1 3 0 1 1 1 3 3 0 2 1 1 10 1 1 2 0 2 1 2 2 0 0 1 0 0 0 0 2 0 3 0 0 1 4 0 0 10 2 0 0 3 3 2 3 2 1 0 2 2 0 0 0 2 2   25060
1417 0 0 2 0 2 2 0 10 0 3 1 2 2 0 10 0 3 3 5 2 3 1 0 0 0 2 0 3 0 0 1 1 1 3 1 3 0 0 2 1 0 1 0 0 3 1 3 0 1 1 1 3 3 0 2 1 1 10 1 1 2 1 2 1 2 2 0 0 1 0 0 0 0 2 0 3 0 0 1 4 0 0 10 2 0 0 3 3 2 3 2 1 0 2 2 0 0 0 2 2   25280
1441 0 0 2 0 2 2 0 10 0 3 1 2 2 0 10 0 3 3 5 2 3 1 0 0 0 2 0 3 0 0 1 1 1 3 1 3 0 0 2 1 0 1 0 0 3 1 3 0 1 1 1 3 3 0 2 1 1 10 1 1 2 1 2 1 2 2 0 0 1 0 0 0 1 2 0 3 0 0 1 4 0 0 10 2 0 0 3 3 2 3 2 1 0 2 2 0 0 0 2 2   25980
1457 0 0 2 0 2 2 0 10 0 3 1 2 2 0 10 0 3 3 5 2 3 1 0 0 0 2 0 3 0 0 1 1 1 3 1 3 0 0 2 1 0 1 0 0 3 1 3 0 1 1 1 3 3 0 2 1 1 10 1 1 2 1 2 1 2 2 0 0 1 0 0 0 1 2 0 3 0 0 1 4 0 0 10 2 0 0 3 3 2 3 2 1 0 2 2 1 0 0 2 2   26240
1463 0 0 2 0 2 2 0 10 0 3 1 2 2 0 10 0 3 3 5 2 3 1 0 0 0 2 0 3 0 0 1 1 1 3 1 3 0 1 2 1 0 1 0 0 3 1 3 0 1 1 1 3 3 0 2 1 1 10 1 1 2 1 2 1 2 2 0 0 1 0 0 0 1 2 0 3 0 0 1 4 0 0 10 2 0 1 3 3 2 3 2 1 0 2 2 1 1 0 2 2   26280
1472 0 0 2 0 2 2 0 10 0 3 1 2 2 0 10 0 3 3 5 2 3 1 0 0 0 2 0 3 0 0 1 1 1 3 1 3 0 1 2 1 0 1 0 0 3 1 3 0 1 1 1 3 3 0 2 1 1 10 1 1 2 1 2 1 2 2 0 0 1 1 0 0 1 2 0 3 0 0 1 4 0 0 10 2 0 1 3 3 2 3 2 1 0 2 2 1 1 0 2 2   26380
1484 0 0 2 0 2 2 0 10 0 3 1 2 2 0 10 0 3 3 5 2 3 1 0 0 0 2 0 3 0 0 1 1 1 3 1 3 0 2 2 1 0 1 0 0 3 1 3 0 1 1 1 3 3 0 2 1 1 10 1 1 2 1 2 1 2 2 0 0 1 1 0 0 1 2 0 3 0 0 1 4 0 0 10 2 0 2 3 3 2 3 2 1 0 2 2 1 2 0 2 2   26620
1486 0 0 2 0 2 2 0 10 0 3 1 2 2 0 10 0 3 3 5 2 3 1 0 0 0 2 0 3 0 0 1 1 1 3 1 3 0 3 2 1 0 1 0 0 3 1 3 0 1 1 1 3 3 0 2 1 1 10 1 1 2 1 2 1 2 2 0 0 1 1 0 0 1 2 0 3 0 0 1 4 0 0 10 2 0 3 3 3 2 3 2 1 0 2 2 1 3 0 2 2   26680
1494 0 0 2 0 2 2 0 10 0 3 1 2 2 0 10 0 3 3 5 2 3 1 0 0 0 2 0 3 0 1 1 1 1 3 1 3 0 3 2 1 0 1 0 0 3 1 3 0 1 1 1 3 3 0 2 1 1 10 1 1 2 1 2 1 2 2 0 0 1 1 0 0 1 2 0 3 0 0 1 4 0 0 10 2 0 3 3 3 2 3 2 1 0 2 2 1 3 0 2 2   26880
1502 0 0 2 0 2 2 1 10 0 3 1 2 2 0 10 0 3 3 5 2 3 1 0 0 0 2 0 3 0 1 1 1 1 3 1 3 0 3 2 1 0 1 0 0 3 1 3 0 1 1 1 3 3 0 2 1 1 10 1 1 2 1 2 1 2 2 0 0 1 1 0 0 1 2 0 3 0 0 1 4 0 0 10 2 0 3 3 3 2 3 2 1 0 2 2 1 3 0 2 2   26960
1541 0 0 2 0 2 2 1 10 0 3 1 2 2 0 10 0 3 3 5 2 3 1 0 0 0 2 0 3 0 1 1 1 1 3 1 3 0 3 2 1 0 1 0 0 3 1 3 0 1 1 1 3 3 0 2 1 1 10 1 1 2 1 2 1 2 2 1 0 1 1 1 0 1 2 0 3 0 0 1 4 0 0 10 2 0 3 3 3 2 3 2 1 1 2 2 1 3 0 2 2   27680
