1 0 0 0 0 0 1 0 0 0 0 0 0 0 0 0 0 0 0 0 0 0 0 0 0 0 0 1 0 0 0 0 0 0 0 0 1 0 0 0 0 0 0 0 0 0 0 0 0 0 1 0 0 0 0 0 0 0 0 0 0 0 0 0 0 0 0 0 0 0 0 0 1 0 0 0 0 0 0 0 0 0 0 0 0 0 0 0 0 0 0 0 0 0 1 0 0 1 0 0 0   0
2 0 0 0 0 0 2 0 0 0 0 0 0 0 0 0 0 0 0 0 0 0 0 0 0 0 0 2 0 0 0 0 0 0 0 0 2 0 0 0 0 0 0 0 0 0 0 0 0 0 1 0 0 0 0 0 0 0 0 0 0 0 0 0 0 0 0 0 0 0 0 0 2 0 0 0 0 0 0 0 0 0 0 0 0 0 0 0 0 0 0 0 0 0 2 0 0 2 0 0 0   0
3 0 0 0 0 0 3 0 0 0 0 0 0 0 0 0 0 0 0 0 0 0 0 0 0 0 0 3 0 0 0 0 0 0 0 0 3 0 0 0 0 0 0 0 0 0 0 0 0 0 1 0 0 0 0 0 0 0 0 0 0 0 0 0 0 0 0 0 0 0 0 0 3 0 0 0 0 0 0 0 0 0 0 0 0 0 0 0 0 0 0 0 0 0 3 0 0 3 0 0 0   0
4 0 0 0 0 0 4 0 0 0 0 0 0 0 0 0 0 0 0 0 0 0 0 0 0 0 0 3 0 0 0 0 0 0 0 0 4 0 0 0 0 0 0 0 0 0 0 0 0 0 1 0 0 0 0 0 0 0 0 0 0 0 0 0 0 0 0 0 0 0 0 0 4 0 0 0 0 0 0 0 0 0 0 0 0 0 0 0 0 0 0 0 0 0 4 0 0 4 0 0 0   0
5 0 0 0 0 0 5 0 0 0 0 0 0 0 0 0 0 0 0 0 0 0 0 0 0 0 0 3 0 0 0 0 0 0 0 0 5 0 0 0 0 0 0 0 0 0 0 0 0 0 1 0 0 0 0 0 0 0 0 0 0 0 0 0 0 0 0 0 0 0 0 0 5 0 0 0 0 0 0 0 0 0 0 0 0 0 0 0 0 0 0 0 0 0 5 0 0 5 0 0 0   0
6 0 0 0 0 0 6 0 0 0 0 0 0 0 0 0 0 0 0 0 0 0 0 0 0 0 0 3 0 0 0 0 0 0 0 0 6 0 0 0 0 0 0 0 0 0 0 0 0 0 1 0 0 0 0 0 0 0 0 0 0 0 0 0 0 0 0 0 0 0 0 0 6 0 0 0 0 0 0 0 0 0 0 0 0 0 0 0 0 0 0 0 0 0 6 0 0 6 0 0 0   0
7 0 0 0 0 0 7 0 0 0 0 0 0 0 0 0 0 0 0 0 0 0 0 0 0 0 0 3 0 0 0 0 0 0 0 0 7 0 0 0 0 0 0 0 0 0 0 0 0 0 1 0 0 0 0 0 0 0 0 0 0 0 0 0 0 0 0 0 0 0 0 0 7 0 0 0 0 0 0 0 0 0 0 0 0 0 0 0 0 0 0 0 0 0 7 0 0 7 0 0 0   0
8 0 0 0 0 0 8 0 0 0 0 0 0 0 0 0 0 0 0 0 0 0 0 0 0 0 0 3 0 0 0 0 0 0 0 0 8 0 0 0 0 0 0 0 0 0 0 0 0 0 1 0 0 0 0 0 0 0 0 0 0 0 0 0 0 0 0 0 0 0 0 0 8 0 0 0 0 0 0 0 0 0 0 0 0 0 0 0 0 0 0 0 0 0 8 0 0 8 0 0 0   0
9 0 0 0 0 0 9 0 0 0 0 0 0 0 0 0 0 0 0 0 0 0 0 0 0 0 0 3 0 0 0 0 0 0 0 0 9 0 0 0 0 0 0 0 0 0 0 0 0 0 1 0 0 0 0 0 0 0 0 0 0 0 0 0 0 0 0 0 0 0 0 0 9 0 0 0 0 0 0 0 0 0 0 0 0 0 0 0 0 0 0 0 0 0 9 0 0 9 0 0 0   0
10 0 0 0 0 0 10 0 0 0 0 0 0 0 0 0 0 0 0 0 0 0 0 0 0 0 0 3 0 0 0 0 0 0 0 0 10 0 0 0 0 0 0 0 0 0 0 0 0 0 1 0 0 0 0 0 0 0 0 0 0 0 0 0 0 0 0 0 0 0 0 0 10 0 0 0 0 0 0 0 0 0 0 0 0 0 0 0 0 0 0 0 0 0 10 0 0 10 0 0 0   0
11 0 0 0 0 0 10 0 0 0 0 0 0 0 0 0 0 0 0 0 0 0 0 0 0 0 0 3 0 0 0 0 0 0 0 0 10 0 0 0 0 0 1 0 0 0 0 0 0 0 1 0 1 0 0 0 0 1 0 0 0 0 0 0 0 0 0 0 0 0 0 0 10 0 0 0 0 0 0 0 0 0 0 0 0 0 0 0 0 0 0 0 0 0 10 0 0 10 0 0 0   0
12 0 0 0 0 0 10 0 0 0 0 0 0 0 0 0 0 0 0 0 0 0 0 0 0 0 0 3 0 0 0 0 0 0 0 0 10 0 0 0 0 0 1 0 0 0 0 0 0 0 2 0 2 0 0 0 0 2 0 0 0 0 0 0 0 0 0 0 0 0 0 0 10 0 0 0 0 0 0 0 0 0 0 0 0 0 0 0 0 0 0 0 0 0 10 0 0 10 0 0 0   0
13 0 0 0 0 0 10 0 0 0 0 0 0 0 0 0 0 0 0 0 0 0 0 0 0 0 0 3 0 0 0 0 0 0 0 0 10 0 0 0 0 0 1 0 0 0 0 0 0 0 3 0 3 0 0 0 0 3 0 0 0 0 0 0 0 0 0 0 0 0 0 0 10 0 0 0 0 0 0 0 0 0 0 0 0 0 0 0 0 0 0 0 0 0 10 0 0 10 0 0 0   0
14 0 0 0 0 0 10 0 0 0 0 0 0 0 0 0 0 0 0 0 0 0 0 0 0 0 0 4 0 0 0 0 0 0 0 0 10 0 0 0 0 0 1 0 0 0 0 0 0 0 4 0 4 0 0 0 0 4 0 0 0 0 0 0 0 0 0 0 0 0 0 0 10 0 0 0 0 0 0 0 0 0 0 0 0 0 0 0 0 0 0 0 0 0 10 0 0 10 0 0 0   0
15 0 0 0 0 0 10 0 0 0 0 0 0 0 0 0 0 0 0 0 0 0 0 0 0 0 0 5 0 0 0 0 0 0 0 0 10 0 0 0 0 0 1 0 0 0 0 0 0 0 5 0 5 0 0 0 0 5 0 0 0 0 0 0 0 0 0 0 0 0 0 0 10 0 0 0 0 0 0 0 0 0 0 0 0 0 0 0 0 0 0 0 0 0 10 0 0 10 0 0 0   0
16 0 0 0 0 0 10 0 0 0 0 0 0 0 0 0 0 0 0 0 0 0 0 0 0 0 0 6 0 0 0 0 0 0 0 0 10 0 0 0 0 0 1 0 0 0 0 0 0 0 6 0 6 0 0 0 0 6 0 0 0 0 0 0 0 0 0 0 0 0 0 0 10 0 0 0 0 0 0 0 0 0 0 0 0 0 0 0 0 0 0 0 0 0 10 0 0 10 0 0 0   0
17 0 0 0 0 0 10 0 0 0 0 0 0 0 0 0 0 0 0 0 0 0 0 0 0 0 0 7 0 0 0 0 0 0 0 0 10 0 0 0 0 0 1 0 0 0 0 0 0 0 7 0 7 0 0 0 0 7 0 0 0 0 0 0 0 0 0 0 0 0 0 0 10 0 0 0 0 0 0 0 0 0 0 0 0 0 0 0 0 0 0 0 0 0 10 0 0 10 0 0 0   0
18 0 0 0 0 0 10 0 0 0 0 0 0 0 0 0 0 0 0 0 0 0 0 0 0 0 0 8 0 0 0 0 0 0 0 0 10 0 0 0 0 0 1 0 0 0 0 0 0 0 8 0 8 0 0 0 0 8 0 0 0 0 0 0 0 0 0 0 0 0 0 0 10 0 0 0 0 0 0 0 0 0 0 0 0 0 0 0 0 0 0 0 0 0 10 0 0 10 0 0 0   0
19 0 0 0 0 0 10 0 0 0 0 0 0 0 0 0 0 0 0 0 0 0 0 0 0 0 0 9 0 0 0 0 0 0 0 0 10 0 0 0 0 0 1 0 0 0 0 0 0 0 9 0 9 0 0 0 0 9 0 0 0 0 0 0 0 0 0 0 0 0 0 0 10 0 0 0 0 0 0 0 0 0 0 0 0 0 0 0 0 0 0 0 0 0 10 0 0 10 0 0 0   0
20 0 0 0 0 0 10 0 0 0 0 0 0 0 0 0 0 0 0 0 0 0 0 0 0 0 0 10 0 0 0 0 0 0 0 0 10 0 0 0 0 0 1 0 0 0 0 0 0 0 10 0 9 0 0 0 0 10 0 0 0 0 0 0 0 0 0 0 0 0 0 0 10 0 0 0 0 0 0 0 0 0 0 0 0 0 0 0 0 0 0 0 0 0 10 0 0 10 0 0 0   0
21 0 0 0 0 0 10 0 0 0 0 0 0 0 0 0 0 0 0 0 0 0 0 0 0 0 0 10 0 0 0 0 0 0 0 0 10 0 0 0 0 0 1 0 0 0 0 0 0 0 10 0 9 0 0 0 0 10 0 0 0 0 0 0 0 0 0 0 1 0 0 0 10 0 0 0 0 0 0 0 0 0 0 0 0 0 0 0 0 0 0 0 0 0 10 0 0 10 0 0 0   0
22 0 0 0 0 0 10 0 0 0 0 0 0 0 0 0 0 0 0 0 0 0 0 0 0 0 0 10 0 0 0 0 0 0 0 0 10 0 0 0 0 0 2 0 0 0 0 0 0 0 10 0 9 0 0 0 0 10 0 0 0 0 0 0 0 0 0 0 1 0 0 0 10 0 0 0 0 0 0 0 0 0 0 0 0 0 0 0 0 0 0 0 0 0 10 0 0 10 0 0 0   0
23 0 0 0 0 0 10 0 0 0 0 0 0 0 0 0 0 0 0 0 0 0 0 0 0 0 0 10 0 0 0 0 0 0 0 0 10 0 0 0 0 0 3 0 0 0 0 0 0 0 10 0 9 0 0 0 0 10 0 0 0 0 0 0 0 0 0 0 1 0 0 0 10 0 0 0 0 0 0 0 0 0 0 0 0 0 0 0 0 0 0 0 0 0 10 0 0 10 0 0 0   0
24 0 0 0 0 0 10 0 0 0 0 0 0 0 0 0 0 0 0 0 0 0 0 0 0 0 0 10 0 0 0 0 0 0 0 0 10 0 0 0 0 0 4 0 0 0 0 0 0 0 10 0 9 0 0 0 0 10 0 0 0 0 0 0 0 0 0 0 1 0 0 0 10 0 0 0 0 0 0 0 0 0 0 0 0 0 0 0 0 0 0 0 0 0 10 0 0 10 0 0 0   0
25 0 0 0 0 0 10 0 0 0 0 0 0 0 0 0 0 0 0 0 0 0 0 0 0 0 0 10 0 0 0 0 0 0 0 0 10 0 0 0 0 0 5 0 0 0 0 0 0 0 10 0 9 0 0 0 0 10 0 0 0 0 0 0 0 0 0 0 1 0 0 0 10 0 0 0 0 0 0 0 0 0 0 0 0 0 0 0 0 0 0 0 0 0 10 0 0 10 0 0 0   0
30 0 0 0 0 0 10 0 0 0 0 0 0 0 0 0 0 0 0 0 0 0 0 0 0 0 0 10 0 0 0 0 0 0 0 0 10 0 0 0 0 0 5 0 0 0 0 0 0 0 10 0 10 0 0 0 0 10 0 0 0 0 0 0 0 0 0 0 1 0 0 0 10 0 0 0 0 0 0 0 0 0 0 0 0 0 0 0 0 0 0 0 0 0 10 0 0 10 0 0 0   20
31 0 0 0 0 0 10 0 0 0 0 0 0 0 0 0 0 0 0 0 0 0 0 0 0 0 0 10 0 0 0 0 0 0 0 0 10 0 0 0 0 0 5 0 0 1 0 0 0 0 10 0 10 0 0 1 0 10 0 0 0 0 0 0 0 0 0 0 1 0 0 0 10 0 0 0 0 0 0 0 0 0 0 0 0 0 1 0 0 0 0 0 0 0 10 0 0 10 0 0 1   20
32 0 0 0 0 0 10 0 0 0 0 0 0 0 0 0 0 0 0 0 0 0 0 0 0 0 0 10 0 0 0 0 0 0 0 0 10 0 0 0 0 0 5 0 0 2 0 0 0 0 10 0 10 0 0 2 0 10 0 0 0 0 0 0 0 0 0 0 1 0 0 0 10 0 0 0 0 0 0 0 0 0 0 0 0 0 2 0 0 0 0 0 0 0 10 0 0 10 0 0 1   20
33 0 0 0 0 0 10 0 0 0 0 0 0 0 0 0 0 0 0 0 0 0 0 0 0 0 0 10 0 0 0 0 0 0 0 0 10 0 0 0 0 0 5 0 0 3 0 0 0 0 10 0 10 0 0 3 0 10 0 0 0 0 0 0 0 0 0 0 1 0 0 0 10 0 0 0 0 0 0 0 0 0 0 0 0 0 3 0 0 0 0 0 0 0 10 0 0 10 0 0 1   20
34 0 0 0 0 0 10 0 0 0 0 0 0 0 0 0 0 0 0 0 0 0 0 0 0 0 0 10 0 0 0 0 0 0 0 0 10 0 0 0 0 0 5 0 0 4 0 0 0 0 10 0 10 0 0 4 0 10 0 0 0 0 0 0 0 0 0 0 1 0 0 0 10 0 0 0 0 0 0 0 0 0 0 0 0 0 4 0 0 0 0 0 0 0 10 0 0 10 0 0 1   20
35 0 0 0 0 0 10 0 0 0 0 0 0 0 0 0 0 0 0 0 0 0 0 0 0 0 0 10 0 0 0 0 0 0 0 0 10 0 0 0 0 0 5 0 0 4 0 0 0 0 10 0 10 0 0 5 0 10 0 0 0 0 0 0 0 0 0 0 1 0 0 0 10 0 0 0 0 0 0 0 0 0 0 0 0 0 5 0 0 0 0 0 0 0 10 0 0 10 0 0 1   40
36 0 0 0 0 0 10 0 0 0 0 0 0 0 0 0 0 0 0 0 0 0 0 0 0 0 0 10 0 0 0 0 0 0 0 0 10 0 0 0 0 0 5 0 0 4 0 0 0 0 10 0 10 0 0 6 0 10 0 0 0 0 0 0 0 0 0 0 1 0 0 0 10 0 0 0 0 0 0 0 0 0 0 0 0 0 6 0 0 0 0 0 0 0 10 0 0 10 0 0 1   40
37 0 0 0 0 0 10 0 0 0 0 0 0 0 0 0 0 0 0 0 0 0 0 0 0 0 0 10 0 0 0 0 0 0 0 0 10 0 0 0 0 0 5 0 0 4 0 0 0 0 10 0 10 0 0 7 0 10 0 0 0 0 0 0 0 0 0 0 1 0 0 0 10 0 0 0 0 0 0 0 0 0 0 0 0 0 7 0 0 0 0 0 0 0 10 0 0 10 0 0 1   40
38 0 0 0 0 0 10 0 0 0 0 0 0 0 0 0 0 0 0 0 0 0 0 0 0 0 0 10 0 0 0 0 0 0 0 0 10 0 0 0 0 0 5 0 0 4 0 0 0 0 10 0 10 0 0 8 0 10 0 0 0 0 0 0 0 0 0 0 1 0 0 0 10 0 0 0 0 0 0 0 0 0 0 0 0 0 8 0 0 0 0 0 0 0 10 0 0 10 0 0 1   40
39 0 0 0 0 0 10 0 0 0 0 0 0 0 0 0 0 0 0 0 0 0 0 0 0 0 0 10 0 0 0 0 0 0 0 0 10 0 0 0 0 0 5 0 0 4 0 0 0 0 10 0 10 0 0 9 0 10 0 0 0 0 0 0 0 0 0 0 1 0 0 0 10 0 0 0 0 0 0 0 0 0 0 0 0 0 9 0 0 0 0 0 0 0 10 0 0 10 0 0 1   40
40 0 0 0 0 0 10 0 0 0 0 0 0 0 0 0 0 0 0 0 0 0 0 0 0 0 0 10 0 0 0 0 0 0 0 0 10 0 0 0 0 0 5 0 0 4 0 0 0 0 10 0 10 0 0 9 0 10 0 0 0 0 0 0 0 0 0 0 1 0 0 0 10 0 0 0 0 0 0 0 0 0 0 0 0 0 10 0 0 0 0 0 0 0 10 0 0 10 0 0 1   60
41 0 0 1 0 0 10 0 0 0 0 0 0 0 0 0 0 0 0 0 0 0 0 0 0 0 0 10 0 0 0 0 0 0 0 0 10 0 0 0 0 0 5 0 0 4 0 0 0 0 10 0 10 0 0 9 0 10 0 0 0 0 0 0 0 0 0 0 1 0 0 0 10 0 0 0 0 0 0 0 1 0 0 0 0 1 10 0 1 0 0 0 0 0 10 0 0 10 0 0 1   60
42 0 0 2 0 0 10 0 0 0 0 0 0 0 0 0 0 0 0 0 0 0 0 0 0 0 0 10 0 0 0 0 0 0 0 0 10 0 0 0 0 0 5 0 0 4 0 0 0 0 10 0 10 0 0 9 0 10 0 0 0 0 0 0 0 0 0 0 1 0 0 0 10 0 0 0 0 0 0 0 1 0 0 0 0 1 10 0 2 0 0 0 0 0 10 0 0 10 0 0 2   60
43 0 0 3 0 0 10 0 0 0 0 0 0 0 0 0 0 0 0 0 0 0 0 0 0 0 0 10 0 0 0 0 0 0 0 0 10 0 0 0 0 0 5 0 0 4 0 0 0 0 10 0 10 0 0 9 0 10 0 0 0 0 0 0 0 0 0 0 1 0 0 0 10 0 0 0 0 0 0 0 1 0 0 0 0 1 10 0 3 0 0 0 0 0 10 0 0 10 0 0 3   100
44 0 0 4 0 0 10 0 0 0 0 0 0 0 0 0 0 0 0 0 0 0 0 0 0 0 0 10 0 0 0 0 0 0 0 0 10 0 0 0 0 0 5 0 0 4 0 0 0 0 10 0 10 0 0 9 0 10 0 0 0 0 0 0 0 0 0 0 1 0 0 0 10 0 0 0 0 0 0 0 1 0 0 0 0 1 10 0 4 0 0 0 0 0 10 0 0 10 0 0 3   100
45 0 0 5 0 0 10 0 0 0 0 0 0 0 0 0 0 0 0 0 0 0 0 0 0 0 0 10 0 0 0 0 0 0 0 0 10 0 0 0 0 0 5 0 0 5 0 0 0 0 10 0 10 0 0 9 0 10 0 0 0 0 0 0 0 0 0 0 1 0 0 0 10 0 0 0 0 0 0 0 1 0 0 0 0 1 10 0 4 0 0 0 0 0 10 0 0 10 0 0 3   100
46 0 0 6 0 0 10 0 0 0 0 0 0 0 0 0 0 0 0 0 0 0 0 0 0 0 0 10 0 0 0 0 0 0 0 0 10 0 0 0 0 0 5 0 0 6 0 0 0 0 10 0 10 0 0 9 0 10 0 0 0 0 0 0 0 0 0 0 1 0 0 0 10 0 0 0 0 0 0 0 1 0 0 0 0 1 10 0 4 0 0 0 0 0 10 0 0 10 0 0 3   100
47 0 0 7 0 0 10 0 0 0 0 0 0 0 0 0 0 0 0 0 0 0 0 0 0 0 0 10 0 0 0 0 0 0 0 0 10 0 0 0 0 0 5 0 0 7 0 0 0 0 10 0 10 0 0 9 0 10 0 0 0 0 0 0 0 0 0 0 1 0 0 0 10 0 0 0 0 0 0 0 1 0 0 0 0 1 10 0 4 0 0 0 0 0 10 0 0 10 0 0 3   120
48 0 0 8 0 0 10 0 0 0 0 0 0 0 0 0 0 0 0 0 0 0 0 0 0 0 0 10 0 0 0 0 0 0 0 0 10 0 0 0 0 0 5 0 0 8 0 0 0 0 10 0 10 0 0 9 0 10 0 0 0 0 0 0 0 0 0 0 1 0 0 0 10 0 0 0 0 0 0 0 1 0 0 0 0 1 10 0 4 0 0 0 0 0 10 0 0 10 0 0 3   140
49 0 0 9 0 0 10 0 0 0 0 0 0 0 0 0 0 0 0 0 0 0 0 0 0 0 0 10 0 0 0 0 0 0 0 0 10 0 0 0 0 0 5 0 0 8 0 0 0 0 10 0 10 0 0 9 0 10 0 0 0 0 0 0 0 0 0 0 1 0 0 0 10 0 0 0 0 0 0 0 1 0 0 0 0 1 10 0 4 0 0 0 0 0 10 0 0 10 0 0 3   140
50 0 0 10 0 0 10 0 0 0 0 0 0 0 0 0 0 0 0 0 0 0 0 0 0 0 0 10 0 0 0 0 0 0 0 0 10 0 0 0 0 0 5 0 0 8 0 0 0 0 10 0 10 0 0 10 0 10 0 0 0 0 0 0 0 0 0 0 1 0 0 0 10 0 0 0 0 0 0 0 1 0 0 0 0 1 10 0 4 0 0 0 0 0 10 0 0 10 0 0 3   140
51 0 0 10 0 0 10 0 0 0 0 0 0 0 0 0 0 0 0 0 0 0 0 0 0 0 0 10 0 0 0 0 0 0 0 0 10 0 0 0 0 0 5 0 1 8 0 0 0 0 10 0 10 0 1 10 0 10 0 0 0 0 0 0 0 0 0 0 1 0 0 0 10 0 0 0 0 0 0 0 1 0 0 0 0 1 10 0 4 0 0 0 0 0 10 0 0 10 0 0 3   140
52 0 0 10 0 0 10 0 0 0 0 0 0 0 0 0 0 0 0 0 0 0 0 0 0 0 0 10 0 0 0 0 0 0 0 0 10 0 0 0 0 0 5 0 2 8 0 0 0 0 10 0 10 0 2 10 0 10 0 0 0 0 0 0 0 0 0 0 2 0 0 0 10 0 0 0 0 0 0 0 2 0 0 0 0 2 10 0 4 0 0 0 0 0 10 0 0 10 0 0 3   140
53 0 0 10 0 0 10 0 0 0 0 0 0 0 0 0 0 0 0 0 0 0 0 0 0 0 0 10 0 0 0 0 0 0 0 0 10 0 0 0 0 0 5 0 3 8 0 0 0 0 10 0 10 0 3 10 0 10 0 0 0 0 0 0 0 0 0 0 3 0 0 0 10 0 0 0 0 0 0 0 3 0 0 0 0 3 10 0 4 0 0 0 0 0 10 0 0 10 0 0 3   140
54 0 0 10 0 0 10 0 0 0 0 0 0 0 0 0 0 0 0 0 0 0 0 0 0 0 0 10 0 0 0 0 0 0 0 0 10 0 0 0 0 0 5 0 4 8 0 0 0 0 10 0 10 0 4 10 0 10 0 0 0 0 0 0 0 0 0 0 4 0 0 0 10 0 0 0 0 0 0 0 4 0 0 0 0 4 10 0 4 0 0 0 0 0 10 0 0 10 0 0 4   180
55 0 0 10 0 0 10 0 0 0 0 0 0 0 0 0 0 0 0 0 0 0 0 0 0 0 0 10 0 0 0 0 0 0 0 0 10 0 0 0 0 0 5 0 5 8 0 0 0 0 10 0 10 0 5 10 0 10 0 0 0 0 0 0 0 0 0 0 5 0 0 0 10 0 0 0 0 0 0 0 5 0 0 0 0 5 10 0 5 0 0 0 0 0 10 0 0 10 0 0 5   180
56 0 0 10 0 0 10 0 0 0 0 0 0 0 0 0 0 0 0 0 0 0 0 0 0 0 0 10 0 0 0 0 0 0 0 0 10 0 0 0 0 0 5 0 6 8 0 0 0 0 10 0 10 0 6 10 0 10 0 0 0 0 0 0 0 0 0 0 6 0 0 0 10 0 0 0 0 0 0 0 6 0 0 0 0 6 10 0 6 0 0 0 0 0 10 0 0 10 0 0 6   180
57 0 0 10 0 0 10 0 0 0 0 0 0 0 0 0 0 0 0 0 0 0 0 0 0 0 0 10 0 0 0 0 0 0 0 0 10 0 0 0 0 0 5 0 7 8 0 0 0 0 10 0 10 0 7 10 0 10 0 0 0 0 0 0 0 0 0 0 7 0 0 0 10 0 0 0 0 0 0 0 7 0 0 0 0 7 10 0 7 0 0 0 0 0 10 0 0 10 0 0 7   240
58 0 0 10 0 0 10 0 0 0 0 0 0 0 0 0 0 0 0 0 0 0 0 0 0 0 0 10 0 0 0 0 0 0 0 0 10 0 0 0 0 0 5 0 8 8 0 0 0 0 10 0 10 0 8 10 0 10 0 0 0 0 0 0 0 0 0 0 8 0 0 0 10 0 0 0 0 0 0 0 8 0 0 0 0 7 10 0 8 0 0 0 0 0 10 0 0 10 0 0 8   240
59 0 0 10 0 0 10 0 0 0 0 0 0 0 0 0 0 0 0 0 0 0 0 0 0 0 0 10 0 0 0 0 0 0 0 0 10 0 0 0 0 0 5 0 9 9 0 0 0 0 10 0 10 0 9 10 0 10 0 0 0 0 0 0 0 0 0 0 9 0 0 0 10 0 0 0 0 0 0 0 9 0 0 0 0 7 10 0 9 0 0 0 0 0 10 0 0 10 0 0 9   260
60 0 0 10 0 0 10 0 0 0 0 0 0 0 0 0 0 0 0 0 0 0 0 0 0 0 0 10 0 0 0 0 0 0 0 0 10 0 0 0 0 0 5 0 10 9 0 0 0 0 10 0 10 0 10 10 0 10 0 0 0 0 0 0 0 0 0 0 9 0 0 0 10 0 0 0 0 0 0 0 10 0 0 0 0 7 10 0 9 0 0 0 0 0 10 0 0 10 0 0 10   260
68 0 0 10 0 0 10 0 0 0 0 0 0 0 0 0 0 0 0 0 0 0 0 0 0 0 0 10 0 0 0 0 0 0 0 0 10 0 0 0 0 0 5 0 10 9 0 0 0 0 10 0 10 0 10 10 0 10 0 0 0 0 0 0 0 0 0 0 9 0 0 0 10 0 0 0 0 0 0 0 10 0 0 0 0 8 10 0 9 0 0 0 0 0 10 0 0 10 0 0 10   480
69 0 0 10 0 0 10 0 0 0 0 0 0 0 0 0 0 0 0 0 0 0 0 0 0 0 0 10 0 0 0 0 0 0 0 0 10 0 0 0 0 0 5 0 10 9 0 0 0 0 10 0 10 0 10 10 0 10 0 0 0 0 0 0 0 0 0 0 9 0 0 0 10 0 0 0 0 0 0 0 10 0 0 0 0 9 10 0 9 0 0 0 0 0 10 0 0 10 0 0 10   500
70 0 0 10 0 0 10 0 0 0 0 0 0 0 0 0 0 0 0 0 0 0 0 0 0 0 0 10 0 0 0 0 0 0 0 0 10 0 0 0 0 0 5 0 10 9 0 0 0 0 10 0 10 0 10 10 0 10 0 0 0 0 0 0 0 0 0 0 10 0 0 0 10 0 0 0 0 0 0 0 10 0 0 0 0 10 10 0 9 0 0 0 0 0 10 0 0 10 0 0 10   540
80 0 0 10 0 0 10 0 0 0 0 0 0 0 0 0 0 0 0 0 0 0 0 0 0 0 0 10 0 0 0 0 0 0 0 0 10 0 0 0 0 0 5 0 10 9 0 0 0 0 10 0 10 0 10 10 0 10 0 0 0 0 0 0 0 0 0 0 10 0 0 0 10 0 0 0 0 0 0 0 10 0 0 0 0 10 10 0 10 0 0 0 0 0 10 0 0 10 0 0 10   720
98 0 0 10 0 0 10 0 0 0 0 0 0 0 0 0 0 0 0 0 0 0 0 0 0 0 0 10 0 0 0 0 0 0 0 0 10 0 0 0 0 0 6 0 10 9 0 0 0 0 10 0 10 0 10 10 0 10 0 0 0 0 0 0 0 0 0 0 10 0 0 0 10 0 0 0 0 0 0 0 10 0 0 0 0 10 10 0 10 0 0 0 0 0 10 0 0 10 0 0 10   1060
131 0 0 10 0 0 10 0 0 0 0 0 0 0 0 0 0 0 0 0 0 0 0 0 0 0 0 10 0 0 0 0 0 0 0 0 10 0 0 0 0 0 7 0 10 9 0 0 0 0 10 0 10 0 10 10 0 10 0 0 0 0 0 0 0 0 0 0 10 0 0 0 10 0 0 0 0 0 0 0 10 0 0 0 0 10 10 0 10 0 0 0 0 0 10 0 0 10 0 0 10   1560
134 0 0 10 0 0 10 0 0 0 0 0 0 0 0 0 0 0 0 0 0 0 0 0 0 0 0 10 0 0 0 0 0 0 0 0 10 0 0 0 0 0 7 0 10 10 0 0 0 0 10 0 10 0 10 10 0 10 0 0 0 0 0 0 0 0 0 0 10 0 0 0 10 0 0 0 0 0 0 0 10 0 0 0 0 10 10 0 10 0 0 0 0 0 10 0 0 10 0 0 10   1600
177 0 0 10 0 0 10 0 0 0 0 0 0 0 0 0 0 0 0 0 0 0 0 0 0 0 0 10 0 0 0 0 0 0 0 0 10 0 0 0 0 0 8 0 10 10 0 0 0 0 10 0 10 0 10 10 0 10 0 0 0 0 0 0 0 0 0 0 10 0 0 0 10 0 0 0 0 0 0 0 10 0 0 0 0 10 10 0 10 0 0 0 0 0 10 0 0 10 0 0 10   2640
181 0 0 10 0 0 10 0 0 0 0 0 0 0 0 0 0 0 0 0 0 0 0 0 0 0 0 10 0 0 0 0 0 0 0 0 10 0 0 0 0 0 9 0 10 10 0 0 0 0 10 0 10 0 10 10 0 10 0 0 0 0 0 0 0 0 0 0 10 0 0 0 10 0 0 0 0 0 0 0 10 0 0 0 0 10 10 0 10 0 0 0 0 0 10 0 0 10 0 0 10   2720
188 0 0 10 0 0 10 0 0 0 0 0 0 0 0 0 0 0 0 0 0 0 0 0 0 0 0 10 0 0 0 0 0 0 0 0 10 0 0 0 0 0 10 0 10 10 0 0 0 0 10 0 10 0 10 10 0 10 0 0 0 0 0 0 0 0 0 0 10 0 0 0 10 0 0 0 0 0 0 0 10 0 0 0 0 10 10 0 10 0 0 0 0 0 10 0 0 10 0 0 10   2860
202 0 0 10 0 0 10 1 1 0 0 0 1 0 0 1 0 1 0 0 0 0 0 0 0 1 0 10 0 0 1 0 0 0 0 0 10 0 0 0 0 0 10 0 10 10 0 0 0 0 10 0 10 0 10 10 0 10 0 0 0 0 0 0 0 0 0 0 10 0 0 0 10 0 0 0 0 0 0 0 10 0 0 0 1 10 10 0 10 0 1 0 0 0 10 0 0 10 0 0 10   3080
203 0 0 10 0 0 10 1 1 0 0 0 2 0 0 2 0 2 0 0 0 0 0 0 0 2 0 10 0 0 2 0 0 0 0 0 10 0 0 0 0 0 10 0 10 10 0 0 0 0 10 0 10 0 10 10 0 10 0 0 0 0 0 0 0 0 0 0 10 0 0 0 10 0 0 0 0 0 0 0 10 0 0 0 2 10 10 0 10 0 2 0 0 0 10 0 0 10 0 0 10   3080
205 0 0 10 0 0 10 1 1 0 0 0 3 0 0 3 0 2 0 0 0 0 0 0 0 3 0 10 0 0 3 0 0 0 0 0 10 0 0 0 0 0 10 0 10 10 0 0 0 0 10 0 10 0 10 10 0 10 0 0 0 0 0 0 0 0 0 0 10 0 0 0 10 0 0 0 0 0 0 0 10 0 0 0 3 10 10 0 10 0 2 0 0 0 10 0 0 10 0 0 10   3120
208 0 0 10 0 0 10 1 1 0 0 0 4 0 0 4 0 2 0 0 0 0 0 0 0 4 0 10 0 0 4 0 0 0 0 0 10 0 0 0 0 0 10 0 10 10 0 0 0 0 10 0 10 0 10 10 0 10 0 0 0 0 0 0 0 0 0 0 10 0 0 0 10 0 0 0 0 0 0 0 10 0 0 0 4 10 10 0 10 0 2 0 0 0 10 0 0 10 0 0 10   3220
208 0 0 10 0 0 10 1 1 0 0 0 4 0 0 4 0 2 0 0 0 0 0 0 0 4 0 10 0 0 4 0 0 0 0 0 10 0 0 0 0 0 10 0 10 10 0 0 0 0 10 0 10 0 10 10 0 10 0 0 0 0 0 0 0 1 0 0 10 0 0 0 10 0 0 0 0 0 0 0 10 0 0 0 4 10 10 0 10 0 2 0 0 0 10 0 0 10 0 0 10   3220
209 0 0 10 0 0 10 1 1 0 0 0 4 0 0 5 0 2 0 0 0 0 0 0 0 5 0 10 0 0 5 0 0 0 0 0 10 0 0 0 0 0 10 0 10 10 0 0 0 0 10 0 10 0 10 10 0 10 0 0 0 0 0 0 0 1 0 0 10 0 0 0 10 0 0 0 0 0 0 0 10 0 0 0 5 10 10 0 10 0 2 0 0 0 10 0 0 10 0 0 10   3220
217 0 0 10 0 0 10 2 2 0 0 0 4 0 0 5 0 2 0 0 0 0 0 0 0 5 0 10 0 0 5 0 0 0 0 0 10 0 0 0 0 0 10 0 10 10 0 0 0 0 10 0 10 0 10 10 0 10 0 0 0 0 0 0 0 1 0 0 10 0 0 0 10 0 0 0 0 0 0 0 10 0 0 0 5 10 10 0 10 0 2 0 0 0 10 0 0 10 0 0 10   3380
220 0 0 10 0 0 10 2 2 0 0 0 4 0 0 5 0 2 0 0 0 0 0 0 0 6 0 10 0 0 5 0 0 0 0 0 10 0 0 0 0 0 10 0 10 10 0 0 0 0 10 0 10 0 10 10 0 10 0 0 0 0 0 0 0 1 0 0 10 0 0 0 10 0 0 0 0 0 0 0 10 0 0 0 5 10 10 0 10 0 2 0 0 0 10 0 0 10 0 0 10   3460
221 0 0 10 0 0 10 3 3 0 0 0 4 0 0 5 0 2 0 0 0 0 0 0 0 6 0 10 0 0 5 0 0 0 0 0 10 0 0 0 0 0 10 0 10 10 0 0 0 0 10 0 10 0 10 10 0 10 0 0 0 0 0 0 0 1 0 0 10 0 0 0 10 0 0 0 0 0 0 0 10 0 0 0 5 10 10 0 10 0 2 0 0 0 10 0 0 10 0 0 10   3480
225 0 0 10 0 0 10 3 3 0 0 0 4 0 0 6 1 2 0 0 0 0 0 0 0 6 0 10 0 1 6 0 0 0 0 0 10 1 0 0 0 0 10 0 10 10 0 0 0 0 10 1 10 0 10 10 0 10 0 0 0 0 1 0 0 1 0 0 10 1 1 1 10 1 0 0 0 0 0 0 10 0 0 0 5 10 10 0 10 0 2 0 0 0 10 0 0 10 0 0 10   3640
229 0 0 10 0 0 10 3 3 0 0 0 4 0 0 6 1 2 0 0 0 0 0 0 0 6 0 10 0 1 6 0 0 0 0 0 10 1 0 0 0 0 10 0 10 10 0 0 0 0 10 1 10 0 10 10 0 10 0 0 0 0 1 0 0 2 0 0 10 1 1 1 10 1 0 0 0 0 0 0 10 0 0 0 5 10 10 0 10 0 2 0 0 0 10 0 0 10 0 0 10   3740
233 0 0 10 0 0 10 4 4 0 0 0 4 0 0 6 1 2 0 0 0 0 0 0 0 6 0 10 0 1 6 0 0 0 0 0 10 1 0 0 0 0 10 0 10 10 0 0 0 0 10 1 10 0 10 10 0 10 0 0 0 0 1 0 0 2 0 0 10 1 1 1 10 1 0 0 0 0 0 0 10 0 0 0 5 10 10 0 10 0 2 0 0 0 10 0 0 10 0 0 10   3780
234 0 0 10 0 0 10 4 4 0 0 0 4 0 0 6 1 3 0 0 0 0 0 0 0 6 0 10 0 1 6 0 0 0 0 0 10 1 0 0 0 0 10 0 10 10 0 0 0 0 10 1 10 0 10 10 0 10 0 0 0 0 1 0 0 3 0 0 10 1 1 1 10 1 0 0 0 0 0 0 10 0 0 0 5 10 10 0 10 0 3 0 0 0 10 0 0 10 0 0 10   3820
239 0 0 10 0 0 10 5 5 0 0 0 4 0 0 6 2 3 0 0 0 0 0 0 0 6 0 10 0 2 6 0 0 0 0 0 10 1 0 0 0 0 10 0 10 10 0 0 0 0 10 1 10 0 10 10 0 10 0 0 0 0 2 0 0 3 0 0 10 2 2 2 10 2 0 0 0 0 0 0 10 0 0 0 5 10 10 0 10 0 3 0 0 0 10 0 0 10 0 0 10   3920
243 0 0 10 0 0 10 5 5 0 0 0 4 0 1 6 2 3 0 0 0 0 0 0 1 6 1 10 0 2 6 0 0 0 0 0 10 1 0 0 0 0 10 0 10 10 0 0 0 0 10 1 10 0 10 10 0 10 0 0 0 0 2 0 0 3 0 0 10 2 2 2 10 2 0 0 0 0 0 0 10 0 0 0 5 10 10 0 10 0 3 1 0 0 10 0 0 10 0 0 10   4000
244 0 0 10 0 0 10 6 5 0 0 0 4 0 1 6 2 3 0 0 0 0 0 0 1 6 1 10 0 2 6 0 0 0 0 0 10 1 0 0 0 0 10 0 10 10 0 0 0 0 10 1 10 0 10 10 0 10 0 0 0 0 2 0 0 3 0 0 10 2 2 2 10 2 0 0 0 0 0 0 10 0 0 0 5 10 10 0 10 0 3 1 0 0 10 0 0 10 0 0 10   4020
246 0 0 10 1 0 10 6 5 0 0 0 4 0 1 6 2 3 0 0 0 0 0 0 1 6 2 10 0 2 6 0 1 0 0 0 10 2 0 0 0 0 10 0 10 10 0 0 0 0 10 2 10 1 10 10 0 10 0 0 0 0 2 0 0 3 0 0 10 2 2 2 10 2 0 0 0 0 0 0 10 0 0 0 5 10 10 0 10 0 3 1 0 0 10 0 0 10 1 0 10   4060
248 0 0 10 1 0 10 6 5 0 0 0 4 0 1 6 3 3 0 0 0 0 0 0 1 6 3 10 0 3 6 0 1 0 0 0 10 3 0 0 0 0 10 0 10 10 0 0 0 0 10 3 10 1 10 10 0 10 0 0 0 0 3 0 0 3 0 0 10 3 3 3 10 3 0 0 0 0 0 0 10 0 0 0 5 10 10 0 10 0 3 1 0 0 10 0 0 10 1 0 10   4080
252 0 0 10 1 0 10 6 5 0 0 0 4 0 1 6 4 3 0 0 0 0 0 0 1 6 3 10 0 3 6 0 1 0 0 0 10 3 0 0 0 0 10 0 10 10 0 0 0 0 10 3 10 1 10 10 0 10 0 0 0 0 3 0 0 3 0 0 10 4 3 3 10 4 0 0 0 0 0 0 10 0 0 0 5 10 10 0 10 0 3 1 0 0 10 0 0 10 1 0 10   4180
255 0 0 10 1 0 10 6 5 0 0 0 4 0 1 6 4 3 0 0 0 0 0 0 1 6 3 10 0 3 6 0 1 0 0 0 10 4 0 0 0 0 10 0 10 10 0 0 0 0 10 4 10 1 10 10 0 10 0 0 0 0 4 0 0 3 0 0 10 4 4 3 10 4 0 0 0 0 0 0 10 0 0 0 5 10 10 0 10 0 3 1 0 0 10 0 0 10 1 0 10   4220
258 0 0 10 1 0 10 6 5 0 0 0 4 0 2 6 5 3 0 0 0 0 0 0 1 6 3 10 0 3 6 0 1 0 0 0 10 5 0 0 0 0 10 0 10 10 0 0 0 0 10 5 10 2 10 10 0 10 0 0 0 0 5 0 0 3 0 0 10 5 5 3 10 5 0 0 0 0 0 0 10 0 0 0 5 10 10 0 10 0 3 2 0 0 10 0 0 10 2 0 10   4260
259 0 0 10 1 0 10 6 5 0 0 0 4 0 2 6 5 3 0 0 0 0 0 0 2 6 3 10 0 3 6 0 1 0 0 0 10 5 0 0 0 0 10 0 10 10 0 0 0 0 10 5 10 2 10 10 0 10 0 0 0 0 5 0 0 3 0 0 10 5 5 3 10 5 0 0 0 0 0 0 10 0 0 0 5 10 10 0 10 0 3 2 0 0 10 0 0 10 2 0 10   4280
261 1 0 10 1 0 10 6 5 0 1 1 4 0 2 6 5 3 1 1 0 1 0 0 2 6 3 10 0 3 6 0 1 0 0 0 10 5 1 0 1 0 10 0 10 10 0 0 0 0 10 5 10 2 10 10 1 10 0 0 0 1 5 0 0 3 0 0 10 5 5 3 10 5 0 0 0 1 1 1 10 0 1 0 5 10 10 0 10 0 3 2 0 1 10 0 0 10 2 1 10   4300
262 1 0 10 2 0 10 6 5 0 1 1 4 0 2 6 5 3 2 2 0 2 0 0 2 6 4 10 0 4 6 0 2 0 0 0 10 5 1 0 2 0 10 0 10 10 0 0 0 0 10 5 10 2 10 10 2 10 0 0 0 1 5 0 0 3 0 0 10 5 5 3 10 5 0 0 0 1 1 2 10 0 1 0 5 10 10 0 10 0 3 2 0 1 10 0 0 10 2 1 10   4320
262 2 0 10 2 0 10 6 5 0 2 3 4 0 3 6 5 3 3 2 0 2 0 0 2 6 4 10 0 4 6 0 2 0 0 0 10 5 3 0 2 0 10 0 10 10 0 0 0 0 10 5 10 3 10 10 2 10 0 0 0 1 5 0 0 3 0 0 10 5 5 3 10 5 0 0 0 2 1 3 10 0 3 0 5 10 10 0 10 0 3 3 0 3 10 0 0 10 3 3 10   4320
264 2 0 10 2 0 10 6 5 0 2 3 4 0 3 6 5 3 3 2 0 2 0 0 2 6 4 10 0 4 6 0 2 0 0 0 10 6 3 0 2 0 10 0 10 10 0 0 0 0 10 6 10 3 10 10 2 10 0 0 0 1 5 0 0 3 0 0 10 5 6 3 10 6 0 0 0 2 1 3 10 0 3 0 5 10 10 0 10 0 3 3 0 3 10 0 0 10 3 3 10   4400
265 2 0 10 2 0 10 6 5 0 2 3 4 0 3 6 5 3 3 2 0 3 0 0 2 6 4 10 0 4 6 0 2 0 0 0 10 6 3 0 3 0 10 0 10 10 0 0 0 0 10 6 10 3 10 10 3 10 0 0 0 1 5 0 0 3 0 0 10 5 6 3 10 6 0 0 0 2 1 3 10 0 3 0 5 10 10 0 10 0 3 3 0 3 10 0 0 10 3 3 10   4420
266 2 0 10 2 0 10 6 5 0 2 3 4 0 3 6 5 3 3 2 0 3 0 0 2 6 4 10 0 4 6 0 2 0 0 0 10 6 3 0 3 0 10 0 10 10 0 0 0 0 10 6 10 3 10 10 3 10 0 0 0 2 5 0 0 3 0 0 10 5 6 3 10 6 0 0 0 2 2 3 10 0 3 0 5 10 10 0 10 0 3 3 0 3 10 0 0 10 3 3 10   4420
268 2 0 10 2 0 10 6 5 0 2 3 4 0 3 6 5 3 3 2 0 3 0 0 2 6 4 10 0 4 6 0 2 0 0 0 10 6 3 0 3 0 10 0 10 10 0 0 0 0 10 7 10 3 10 10 3 10 0 0 0 2 5 0 0 3 0 0 10 5 7 3 10 6 0 0 0 2 2 3 10 0 3 0 5 10 10 0 10 0 3 3 0 3 10 0 0 10 3 3 10   4440
270 2 0 10 2 0 10 6 5 0 2 4 4 0 4 6 5 3 3 2 0 4 0 0 2 6 4 10 0 4 6 0 2 0 0 0 10 6 3 0 3 0 10 0 10 10 0 0 0 0 10 7 10 3 10 10 3 10 0 0 0 2 5 0 0 3 0 0 10 5 7 3 10 6 0 0 0 2 2 3 10 0 3 0 5 10 10 0 10 0 3 3 0 3 10 0 0 10 3 3 10   4460
271 2 0 10 2 0 10 6 5 0 2 4 4 0 4 6 5 3 4 2 0 4 0 0 2 6 4 10 0 4 6 0 2 0 0 0 10 6 4 0 4 0 10 0 10 10 0 0 0 0 10 7 10 4 10 10 3 10 0 0 0 2 5 0 0 3 0 0 10 5 7 3 10 6 0 0 0 2 2 4 10 0 3 0 5 10 10 0 10 0 3 4 0 4 10 0 0 10 3 4 10   4460
273 3 0 10 2 0 10 6 5 0 3 4 4 0 4 6 5 3 4 3 0 4 0 0 2 6 4 10 0 4 6 0 2 0 0 0 10 6 4 0 4 0 10 0 10 10 0 0 0 0 10 7 10 4 10 10 3 10 0 0 0 3 5 0 0 3 0 0 10 5 7 3 10 6 0 0 0 3 3 4 10 0 3 0 5 10 10 0 10 0 3 4 0 4 10 0 0 10 3 4 10   4500
274 4 0 10 2 0 10 6 5 0 3 4 4 0 4 6 5 3 5 4 0 4 0 0 2 6 4 10 0 4 6 0 2 0 0 0 10 6 5 0 4 0 10 0 10 10 0 0 0 0 10 7 10 5 10 10 4 10 0 0 0 4 5 0 0 3 0 0 10 5 7 3 10 6 0 0 0 4 3 4 10 0 4 0 5 10 10 0 10 0 3 4 0 5 10 0 0 10 3 4 10   4540
276 5 0 10 2 0 10 6 5 0 3 5 4 0 4 6 5 3 5 5 0 4 0 0 2 6 4 10 1 4 6 0 2 0 0 1 10 6 5 1 5 0 10 0 10 10 0 0 0 0 10 7 10 5 10 10 5 10 0 1 0 5 5 0 0 3 1 0 10 5 7 3 10 6 0 0 0 5 3 5 10 0 5 0 5 10 10 1 10 0 3 5 0 5 10 0 0 10 3 4 10   4560
277 5 0 10 3 0 10 6 5 0 3 5 4 0 4 6 5 3 5 5 0 4 0 0 2 6 4 10 1 4 6 0 3 0 0 1 10 6 5 1 5 0 10 0 10 10 0 0 0 0 10 7 10 5 10 10 5 10 0 1 0 5 5 0 0 3 1 0 10 5 7 3 10 6 0 0 0 5 3 5 10 0 5 0 5 10 10 1 10 0 3 5 0 5 10 0 0 10 3 4 10   4580
277 5 0 10 3 0 10 6 5 0 3 5 4 0 4 6 5 3 5 5 0 4 0 0 2 6 4 10 2 4 6 0 3 0 0 2 10 6 5 2 5 0 10 0 10 10 0 0 0 0 10 7 10 5 10 10 5 10 0 2 0 5 5 0 0 3 1 0 10 5 7 3 10 6 0 0 0 5 3 5 10 0 5 0 5 10 10 2 10 0 3 5 0 5 10 0 0 10 3 4 10   4580
280 6 0 10 3 0 10 6 5 0 3 6 4 0 4 6 5 3 6 6 0 4 0 0 2 6 4 10 2 4 6 0 3 0 0 2 10 6 6 2 6 0 10 0 10 10 0 0 0 0 10 7 10 6 10 10 6 10 0 2 0 6 5 0 0 3 1 0 10 5 7 3 10 6 0 0 0 5 3 5 10 0 6 0 5 10 10 2 10 0 3 6 0 6 10 0 0 10 3 4 10   4620
282 6 1 10 3 0 10 6 5 0 3 6 4 0 4 6 5 3 6 6 0 4 0 0 2 6 4 10 2 4 6 1 3 0 0 2 10 6 6 2 6 1 10 0 10 10 0 0 0 1 10 7 10 6 10 10 6 10 0 2 1 6 5 0 0 3 1 1 10 5 7 3 10 6 0 0 0 5 3 5 10 0 6 0 5 10 10 2 10 0 3 6 0 6 10 0 0 10 3 4 10   4640
283 7 1 10 3 0 10 6 5 0 3 7 4 0 4 6 5 3 7 7 0 4 0 0 2 6 4 10 2 4 6 1 3 0 0 2 10 6 7 2 7 1 10 0 10 10 0 0 0 1 10 7 10 7 10 10 7 10 0 2 1 7 5 0 0 3 1 1 10 5 7 3 10 6 0 0 0 5 3 5 10 0 7 0 5 10 10 2 10 0 3 7 0 7 10 0 0 10 3 4 10   4640
283 7 1 10 3 0 10 6 5 0 3 7 4 0 4 6 5 3 7 7 0 4 0 0 2 6 4 10 2 4 6 1 3 0 0 3 10 6 7 3 7 1 10 0 10 10 0 0 0 1 10 7 10 7 10 10 7 10 0 3 1 7 5 0 0 3 1 1 10 5 7 3 10 6 0 0 0 5 3 5 10 0 7 0 5 10 10 3 10 0 3 7 0 7 10 0 0 10 3 4 10   4640
284 7 1 10 3 0 10 6 5 0 3 7 4 0 4 6 5 3 7 7 0 5 0 0 2 6 4 10 2 4 6 1 3 0 0 3 10 6 7 3 7 1 10 0 10 10 0 0 0 1 10 7 10 7 10 10 7 10 0 3 1 7 5 0 0 3 1 1 10 5 7 3 10 6 0 0 0 5 3 5 10 0 7 0 5 10 10 3 10 0 3 7 0 7 10 0 0 10 3 4 10   4640
286 8 1 10 3 0 10 6 5 0 3 8 4 0 4 6 5 3 8 8 0 5 0 0 2 6 4 10 2 4 6 1 3 0 0 3 10 6 7 3 8 1 10 0 10 10 0 0 0 1 10 7 10 8 10 10 8 10 0 3 1 8 5 0 0 3 1 1 10 5 7 3 10 6 0 0 0 5 3 5 10 0 8 0 5 10 10 3 10 0 3 8 0 8 10 0 0 10 3 4 10   4680
287 9 1 10 3 0 10 6 5 0 3 9 4 0 4 6 5 3 9 8 0 5 0 0 2 6 4 10 2 4 6 1 3 0 0 3 10 6 7 3 9 1 10 0 10 10 0 0 0 1 10 7 10 8 10 10 8 10 0 3 1 9 5 0 0 3 1 1 10 5 7 3 10 6 0 0 0 6 3 6 10 0 9 0 5 10 10 3 10 0 3 9 0 9 10 0 0 10 3 4 10   4700
290 9 1 10 3 0 10 6 5 0 3 9 4 0 4 6 5 3 9 9 0 5 0 0 2 6 4 10 2 4 6 1 3 0 0 3 10 6 7 3 9 1 10 0 10 10 0 0 0 1 10 7 10 9 10 10 8 10 0 3 1 9 5 0 0 3 1 1 10 5 7 3 10 6 0 0 0 6 3 6 10 0 9 0 5 10 10 3 10 0 3 9 0 9 10 0 0 10 3 4 10   4720
293 9 1 10 3 0 10 6 5 0 3 9 4 0 4 6 5 3 9 9 0 5 0 0 2 6 4 10 2 4 6 1 3 0 0 3 10 6 7 3 9 1 10 0 10 10 0 0 0 2 10 7 10 9 10 10 8 10 0 3 1 9 5 0 0 3 2 1 10 5 7 3 10 6 0 0 0 6 3 6 10 0 9 0 5 10 10 3 10 0 3 9 0 9 10 0 0 10 3 4 10   4740
295 9 1 10 3 1 10 6 5 1 3 9 4 1 4 6 5 3 9 9 0 5 0 0 2 6 4 10 2 4 6 1 3 0 1 3 10 6 7 3 9 1 10 0 10 10 1 1 1 2 10 7 10 9 10 10 8 10 1 3 1 9 5 0 0 3 2 1 10 5 7 3 10 6 0 1 0 6 3 6 10 1 9 0 5 10 10 3 10 0 3 9 1 9 10 1 0 10 3 4 10   4800
296 9 1 10 3 1 10 6 5 1 3 10 4 1 4 6 5 3 10 9 0 5 0 0 2 6 4 10 2 4 6 1 3 0 1 3 10 6 7 3 9 1 10 0 10 10 1 1 1 2 10 7 10 9 10 10 8 10 1 3 1 10 5 0 0 3 2 1 10 5 7 3 10 6 0 1 0 6 3 6 10 1 9 0 5 10 10 3 10 0 3 9 1 10 10 1 0 10 3 4 10   4820
298 9 1 10 3 1 10 6 5 1 3 10 4 1 4 6 5 3 10 9 0 5 0 0 2 6 4 10 2 4 6 2 3 0 1 3 10 6 7 3 9 2 10 0 10 10 2 1 1 2 10 7 10 9 10 10 8 10 1 3 2 10 5 0 0 3 2 2 10 5 7 3 10 6 0 1 0 6 3 6 10 1 9 0 5 10 10 3 10 0 3 9 1 10 10 1 0 10 3 4 10   4860
298 9 1 10 3 1 10 6 5 1 3 10 4 1 4 6 5 3 10 9 0 5 1 0 2 6 4 10 2 4 6 2 3 0 1 3 10 6 7 3 9 2 10 0 10 10 2 1 1 2 10 7 10 9 10 10 8 10 1 3 2 10 5 1 0 3 2 2 10 5 7 3 10 6 1 1 0 6 3 6 10 1 9 0 5 10 10 3 10 0 3 9 1 10 10 1 0 10 3 4 10   4860
300 10 1 10 3 1 10 6 5 1 3 10 4 1 4 6 5 3 10 10 0 5 1 0 2 6 4 10 2 4 6 2 3 0 1 3 10 6 7 3 9 2 10 0 10 10 2 1 1 2 10 7 10 9 10 10 8 10 1 3 2 10 5 1 0 3 2 2 10 5 7 3 10 6 1 1 0 6 3 6 10 1 9 0 5 10 10 3 10 0 3 9 1 10 10 1 0 10 3 4 10   4940
300 10 1 10 3 1 10 6 5 1 3 10 4 1 4 6 5 3 10 10 0 6 1 0 2 6 4 10 2 4 6 2 3 0 1 3 10 6 7 3 9 2 10 0 10 10 2 1 1 2 10 7 10 9 10 10 8 10 1 3 2 10 5 1 0 3 2 2 10 5 7 3 10 6 1 1 0 6 3 6 10 1 9 0 5 10 10 3 10 0 3 9 1 10 10 1 0 10 3 4 10   4940
303 10 1 10 3 1 10 6 5 1 3 10 4 1 4 6 5 3 10 10 0 6 1 0 2 6 4 10 2 4 6 2 3 0 1 3 10 6 7 3 9 3 10 0 10 10 3 1 1 3 10 7 10 9 10 10 8 10 1 3 3 10 5 1 0 3 3 3 10 5 7 3 10 6 1 1 0 6 3 6 10 1 9 0 5 10 10 3 10 0 3 9 1 10 10 1 0 10 3 4 10   4980
304 10 1 10 3 1 10 6 5 1 3 10 4 1 4 6 5 3 10 10 0 6 1 0 2 6 4 10 3 4 6 3 3 0 1 3 10 6 7 3 9 3 10 0 10 10 3 1 1 3 10 7 10 9 10 10 8 10 1 3 3 10 5 1 0 3 3 3 10 5 7 3 10 6 1 1 0 6 3 6 10 1 9 0 5 10 10 3 10 0 3 9 1 10 10 1 0 10 3 4 10   5000
304 10 1 10 3 2 10 6 5 2 3 10 4 2 4 6 5 3 10 10 0 6 1 0 2 6 4 10 4 4 6 4 3 0 2 4 10 6 7 4 9 3 10 0 10 10 3 1 2 3 10 7 10 9 10 10 8 10 2 3 4 10 5 2 0 3 3 4 10 5 7 3 10 6 2 2 0 6 3 6 10 2 9 0 5 10 10 4 10 0 3 9 2 10 10 2 0 10 3 4 10   5000
306 10 1 10 3 2 10 6 5 2 3 10 4 2 4 6 5 3 10 10 1 6 1 1 2 6 4 10 4 4 6 4 3 1 2 4 10 6 7 4 9 3 10 0 10 10 3 1 2 3 10 7 10 9 10 10 8 10 2 3 4 10 5 2 0 3 3 4 10 5 7 3 10 6 2 2 1 6 3 6 10 2 9 0 5 10 10 4 10 0 3 9 2 10 10 2 1 10 3 4 10   5000
307 10 1 10 3 2 10 6 5 2 3 10 4 2 4 6 5 3 10 10 1 6 1 1 2 6 4 10 4 4 6 4 3 1 2 4 10 6 7 4 10 3 10 0 10 10 3 1 2 3 10 7 10 10 10 10 8 10 2 3 4 10 5 2 0 3 3 4 10 5 7 3 10 6 2 2 1 6 3 6 10 2 10 0 5 10 10 4 10 0 3 10 2 10 10 2 1 10 3 4 10   5000
308 10 1 10 3 2 10 6 5 2 4 10 4 2 4 6 5 3 10 10 1 6 1 1 2 6 4 10 4 4 6 4 3 1 2 4 10 6 8 4 10 4 10 0 10 10 3 1 2 3 10 7 10 10 10 10 8 10 2 4 4 10 5 2 0 3 3 4 10 5 7 3 10 6 2 2 1 6 3 6 10 2 10 0 5 10 10 4 10 0 3 10 2 10 10 2 1 10 3 4 10   5020
308 10 1 10 3 2 10 6 5 2 4 10 4 2 4 6 5 3 10 10 1 7 1 1 2 6 4 10 5 4 6 5 3 1 2 5 10 6 8 5 10 4 10 0 10 10 3 1 2 3 10 7 10 10 10 10 8 10 2 4 5 10 5 2 0 3 3 5 10 5 7 3 10 6 2 2 1 6 3 6 10 2 10 0 5 10 10 5 10 0 3 10 2 10 10 2 1 10 3 4 10   5020
309 10 2 10 3 2 10 6 5 2 4 10 4 2 4 6 5 3 10 10 2 7 1 2 2 6 4 10 6 4 6 6 3 2 2 6 10 6 8 6 10 4 10 0 10 10 3 2 2 3 10 7 10 10 10 10 8 10 2 4 6 10 5 2 0 3 3 6 10 5 7 3 10 6 2 2 2 6 3 6 10 2 10 0 5 10 10 6 10 0 3 10 2 10 10 2 1 10 3 4 10   5100
311 10 2 10 3 2 10 6 5 2 4 10 4 2 4 6 5 3 10 10 2 7 1 2 2 6 4 10 6 4 6 6 3 2 3 6 10 6 8 6 10 4 10 0 10 10 3 3 2 3 10 7 10 10 10 10 8 10 2 4 6 10 5 3 0 3 3 6 10 5 7 3 10 6 3 2 2 6 3 6 10 3 10 0 5 10 10 6 10 0 3 10 3 10 10 3 1 10 3 4 10   5160
311 10 2 10 3 3 10 6 5 3 4 10 4 3 4 6 5 3 10 10 3 7 1 3 2 6 4 10 6 4 6 6 3 3 3 6 10 6 8 6 10 4 10 0 10 10 3 3 3 3 10 7 10 10 10 10 8 10 3 4 6 10 5 3 0 3 3 6 10 5 7 3 10 6 3 3 3 6 3 6 10 3 10 0 5 10 10 6 10 0 3 10 3 10 10 3 1 10 3 4 10   5160
312 10 2 10 3 3 10 6 5 3 4 10 4 3 4 6 5 3 10 10 3 7 1 3 2 6 4 10 7 4 6 7 3 3 3 6 10 6 8 6 10 4 10 0 10 10 3 3 3 3 10 7 10 10 10 10 8 10 3 4 6 10 5 3 0 3 3 7 10 5 7 3 10 6 3 3 3 6 3 6 10 3 10 0 5 10 10 7 10 0 3 10 3 10 10 3 1 10 3 4 10   5220
315 10 2 10 3 3 10 6 5 3 4 10 4 3 4 6 5 3 10 10 3 7 1 3 2 6 4 10 7 4 6 7 3 3 3 6 10 6 8 6 10 4 10 0 10 10 3 3 3 3 10 7 10 10 10 10 8 10 3 4 6 10 5 3 0 3 3 7 10 5 7 3 10 6 3 3 3 7 3 7 10 3 10 0 5 10 10 7 10 0 3 10 3 10 10 3 1 10 3 4 10   5240
317 10 2 10 3 3 10 6 5 3 4 10 4 3 4 6 5 3 10 10 3 7 1 3 2 6 4 10 8 4 6 8 3 3 3 6 10 6 8 6 10 4 10 0 10 10 3 3 3 3 10 7 10 10 10 10 8 10 3 4 6 10 5 3 0 3 3 7 10 5 7 3 10 6 3 3 3 7 3 7 10 3 10 0 5 10 10 7 10 0 3 10 3 10 10 3 1 10 3 4 10   5300
318 10 2 10 3 4 10 6 5 4 4 10 4 4 4 6 5 3 10 10 4 7 1 3 2 6 4 10 8 4 6 8 3 3 3 6 10 6 8 6 10 4 10 0 10 10 3 4 4 3 10 7 10 10 10 10 8 10 4 4 6 10 5 4 0 3 3 7 10 5 7 3 10 6 4 4 4 7 3 7 10 3 10 0 5 10 10 7 10 0 3 10 4 10 10 4 1 10 3 4 10   5300
319 10 2 10 3 4 10 6 5 4 4 10 4 4 4 6 5 3 10 10 4 7 1 3 2 6 4 10 8 4 6 8 3 3 4 6 10 6 8 6 10 4 10 0 10 10 4 4 4 3 10 7 10 10 10 10 8 10 4 4 6 10 5 4 0 3 3 7 10 5 7 3 10 6 4 4 4 7 3 7 10 4 10 0 5 10 10 7 10 0 3 10 4 10 10 4 1 10 3 4 10   5300
321 10 2 10 3 4 10 6 5 4 4 10 4 4 4 6 5 3 10 10 4 7 1 3 2 6 4 10 8 4 6 8 3 3 4 6 10 6 8 6 10 4 10 1 10 10 4 4 4 3 10 7 10 10 10 10 8 10 4 4 6 10 5 4 1 3 3 7 10 5 7 3 10 6 4 4 4 7 3 7 10 4 10 0 5 10 10 7 10 1 3 10 4 10 10 4 1 10 3 4 10   5380
323 10 2 10 3 4 10 6 5 4 4 10 4 5 4 6 5 3 10 10 5 7 1 3 2 6 4 10 8 4 6 8 3 3 4 6 10 6 8 6 10 4 10 1 10 10 4 5 5 3 10 7 10 10 10 10 8 10 5 4 6 10 5 4 1 3 3 7 10 5 7 3 10 6 4 5 4 7 3 7 10 5 10 0 5 10 10 7 10 1 3 10 5 10 10 5 1 10 3 4 10   5380
326 10 2 10 3 4 10 6 5 4 5 10 4 5 5 6 5 3 10 10 5 7 1 3 2 6 4 10 8 4 6 8 3 3 4 6 10 6 8 6 10 5 10 1 10 10 4 5 5 3 10 7 10 10 10 10 8 10 5 5 6 10 5 5 1 3 3 7 10 5 7 3 10 6 4 5 4 7 3 7 10 5 10 0 5 10 10 7 10 1 3 10 5 10 10 5 1 10 3 5 10   5440
327 10 2 10 3 4 10 6 5 4 5 10 4 6 5 6 5 3 10 10 5 7 1 3 2 6 4 10 8 4 6 8 3 3 4 6 10 6 8 6 10 5 10 1 10 10 4 5 6 3 10 7 10 10 10 10 8 10 6 5 6 10 5 5 1 3 3 7 10 5 7 3 10 6 4 6 4 7 3 7 10 5 10 0 5 10 10 7 10 1 3 10 5 10 10 6 1 10 3 5 10   5500
331 10 2 10 3 4 10 6 5 4 5 10 4 7 5 6 5 3 10 10 5 7 1 3 2 6 4 10 8 4 6 8 3 3 4 6 10 6 8 6 10 5 10 1 10 10 4 5 7 3 10 7 10 10 10 10 8 10 7 5 6 10 5 5 1 3 3 7 10 5 7 3 10 6 4 7 4 7 3 7 10 5 10 0 5 10 10 7 10 1 3 10 5 10 10 7 1 10 3 5 10   5620
332 10 2 10 3 4 10 6 5 4 5 10 4 7 5 6 5 3 10 10 5 7 1 3 2 6 4 10 8 4 6 8 3 3 4 6 10 6 8 6 10 5 10 1 10 10 4 5 7 3 10 7 10 10 10 10 8 10 7 5 6 10 5 5 1 3 3 7 10 5 7 3 10 6 4 7 4 7 3 7 10 5 10 0 5 10 10 7 10 2 3 10 5 10 10 7 1 10 3 5 10   5640
332 10 2 10 3 4 10 6 5 4 5 10 4 7 5 6 5 3 10 10 5 8 1 3 2 6 4 10 8 4 6 8 3 3 4 6 10 6 8 6 10 5 10 1 10 10 4 5 7 3 10 7 10 10 10 10 8 10 7 5 6 10 5 5 1 3 3 7 10 5 7 3 10 6 4 7 4 7 3 8 10 5 10 0 5 10 10 7 10 2 3 10 5 10 10 7 1 10 3 5 10   5640
333 10 2 10 3 4 10 6 5 4 5 10 4 7 5 6 5 3 10 10 5 8 1 3 2 6 4 10 8 4 6 8 3 3 4 6 10 6 8 6 10 5 10 2 10 10 4 5 7 3 10 7 10 10 10 10 8 10 7 5 6 10 5 5 2 3 3 7 10 5 7 3 10 6 4 7 4 7 3 8 10 5 10 0 5 10 10 7 10 2 3 10 5 10 10 7 1 10 3 5 10   5660
336 10 2 10 3 4 10 6 5 4 5 10 4 7 5 6 5 3 10 10 5 8 1 3 2 6 4 10 8 4 6 8 3 3 4 6 10 6 8 6 10 5 10 3 10 10 4 5 7 3 10 7 10 10 10 10 8 10 7 5 6 10 5 5 3 3 3 7 10 5 7 3 10 6 4 7 4 7 3 8 10 5 10 0 5 10 10 7 10 3 3 10 5 10 10 7 1 10 3 5 10   5740
341 10 2 10 3 4 10 6 5 4 5 10 4 7 5 6 5 3 10 10 5 8 1 3 2 6 4 10 8 4 6 8 3 3 4 6 10 6 8 6 10 5 10 4 10 10 4 5 7 3 10 7 10 10 10 10 8 10 7 5 6 10 5 5 4 3 3 7 10 5 7 3 10 6 4 7 4 7 3 8 10 5 10 0 5 10 10 7 10 4 3 10 5 10 10 7 1 10 3 5 10   5780
342 10 2 10 3 4 10 6 5 4 5 10 4 7 5 6 5 3 10 10 5 9 1 3 2 6 4 10 8 4 6 8 3 3 4 6 10 6 8 6 10 5 10 4 10 10 4 5 7 3 10 7 10 10 10 10 9 10 7 5 6 10 5 5 4 3 3 7 10 5 7 3 10 6 4 7 4 7 3 9 10 5 10 0 5 10 10 7 10 4 3 10 5 10 10 7 1 10 3 5 10   5780
344 10 2 10 3 4 10 6 5 4 5 10 4 7 5 6 5 3 10 10 5 10 1 3 2 6 4 10 8 4 6 8 3 3 4 6 10 6 8 6 10 5 10 4 10 10 4 5 7 3 10 7 10 10 10 10 10 10 7 5 6 10 5 5 4 3 3 7 10 5 7 3 10 6 4 7 4 7 3 10 10 5 10 0 5 10 10 7 10 4 3 10 5 10 10 7 1 10 3 5 10   5780
