[1, 0, 0, 0, 0, 0, 0, 0, 0, 0, 0, 0, 0, 0, 0, 1, 1, 0, 0, 0, 0, 0, 0, 0, 0, 0, 0, 0, 0, 0, 0, 0, 0, 0, 0, 0, 0, 0, 1, 1, 0, 0, 0, 0, 0, 0, 0, 0, 0, 0, 0, 0, 0, 0, 0, 0, 0, 0, 0, 0, 0, 0, 0, 0, 0, 0, 0, 0, 0, 0, 0, 0, 0, 0, 0, 0, 0, 0, 0, 0, 0, 0, 0, 0, 0, 0, 0, 0, 0, 0, 1, 0, 0, 0, 0, 0, 0, 0, 1, 0, 1]
[2, 0, 0, 0, 0, 0, 0, 0, 0, 0, 0, 0, 0, 0, 0, 2, 1, 0, 0, 0, 0, 0, 0, 0, 0, 0, 0, 0, 0, 0, 0, 0, 0, 0, 0, 0, 0, 0, 2, 1, 0, 0, 0, 0, 0, 0, 0, 0, 0, 0, 0, 0, 0, 0, 0, 0, 0, 0, 0, 0, 0, 0, 0, 0, 0, 0, 0, 0, 0, 0, 0, 0, 0, 0, 0, 0, 0, 0, 0, 0, 0, 0, 0, 0, 0, 0, 0, 0, 0, 0, 1, 0, 0, 0, 0, 0, 0, 0, 1, 0, 2]
[3, 0, 0, 0, 0, 0, 0, 0, 0, 0, 0, 0, 0, 0, 0, 3, 1, 0, 0, 0, 0, 0, 0, 0, 0, 0, 0, 0, 0, 0, 0, 0, 0, 0, 0, 0, 0, 0, 3, 1, 0, 0, 0, 0, 0, 0, 0, 0, 0, 0, 0, 0, 0, 0, 0, 0, 0, 0, 0, 0, 0, 0, 0, 0, 0, 0, 0, 0, 0, 0, 0, 0, 0, 0, 0, 0, 0, 0, 0, 0, 0, 0, 0, 0, 0, 0, 0, 0, 0, 0, 1, 0, 0, 0, 0, 0, 0, 0, 1, 0, 3]
[4, 0, 0, 0, 0, 0, 0, 0, 0, 0, 0, 0, 0, 0, 0, 4, 1, 0, 0, 0, 0, 0, 0, 0, 0, 0, 0, 0, 0, 0, 0, 0, 0, 0, 0, 0, 0, 0, 4, 1, 0, 0, 0, 0, 0, 0, 0, 0, 0, 0, 0, 0, 0, 0, 0, 0, 0, 0, 0, 0, 0, 0, 0, 0, 0, 0, 0, 0, 0, 0, 0, 0, 0, 0, 0, 0, 0, 0, 0, 0, 0, 0, 0, 0, 0, 0, 0, 0, 0, 0, 1, 0, 0, 0, 0, 0, 0, 0, 1, 0, 4]
[5, 0, 0, 0, 0, 0, 0, 0, 0, 0, 0, 0, 0, 0, 0, 5, 1, 0, 0, 0, 0, 0, 0, 0, 0, 0, 0, 0, 0, 0, 0, 0, 0, 0, 0, 0, 0, 0, 5, 1, 0, 0, 0, 0, 0, 0, 0, 0, 0, 0, 0, 0, 0, 0, 0, 0, 0, 0, 0, 0, 0, 0, 0, 0, 0, 0, 0, 0, 0, 0, 0, 0, 0, 0, 0, 0, 0, 0, 0, 0, 0, 0, 0, 0, 0, 0, 0, 0, 0, 0, 1, 0, 0, 0, 0, 0, 0, 0, 1, 0, 4]
[6, 0, 0, 0, 0, 0, 0, 0, 0, 0, 0, 0, 0, 0, 0, 6, 1, 0, 0, 0, 0, 0, 0, 0, 0, 0, 0, 0, 0, 0, 0, 0, 0, 0, 0, 0, 0, 0, 6, 1, 0, 0, 0, 0, 0, 0, 0, 0, 0, 0, 0, 0, 0, 0, 0, 0, 0, 0, 0, 0, 0, 0, 0, 0, 0, 0, 0, 0, 0, 0, 0, 0, 0, 0, 0, 0, 0, 0, 0, 0, 0, 0, 0, 0, 0, 0, 0, 0, 0, 0, 1, 0, 0, 0, 0, 0, 0, 0, 1, 0, 4]
[7, 0, 0, 0, 0, 0, 0, 0, 0, 0, 0, 0, 0, 0, 0, 6, 1, 0, 0, 0, 0, 0, 0, 0, 0, 0, 0, 0, 0, 0, 0, 0, 0, 0, 0, 0, 0, 0, 7, 1, 0, 0, 0, 0, 0, 0, 0, 0, 0, 0, 0, 0, 0, 0, 0, 0, 0, 0, 0, 0, 0, 0, 0, 0, 0, 0, 0, 0, 0, 0, 0, 0, 0, 0, 0, 0, 0, 0, 0, 0, 0, 0, 0, 0, 0, 0, 0, 0, 0, 0, 1, 0, 0, 0, 0, 0, 0, 0, 1, 0, 4]
[8, 0, 0, 0, 0, 0, 0, 0, 0, 0, 0, 0, 0, 0, 0, 6, 1, 0, 0, 0, 0, 0, 0, 0, 0, 0, 0, 0, 0, 0, 0, 0, 0, 0, 0, 0, 0, 0, 8, 1, 0, 0, 0, 0, 0, 0, 0, 0, 0, 0, 0, 0, 0, 0, 0, 0, 0, 0, 0, 0, 0, 0, 0, 0, 0, 0, 0, 0, 0, 0, 0, 0, 0, 0, 0, 0, 0, 0, 0, 0, 0, 0, 0, 0, 0, 0, 0, 0, 0, 0, 1, 0, 0, 0, 0, 0, 0, 0, 1, 0, 4]
[11, 0, 0, 0, 0, 0, 0, 0, 0, 0, 0, 0, 0, 1, 0, 6, 1, 0, 0, 0, 0, 0, 0, 0, 0, 0, 0, 0, 0, 0, 0, 0, 0, 0, 0, 0, 0, 0, 8, 1, 0, 0, 0, 1, 0, 0, 0, 0, 0, 0, 0, 0, 0, 0, 0, 0, 0, 1, 1, 0, 0, 0, 0, 0, 0, 0, 0, 0, 0, 0, 0, 1, 0, 0, 0, 0, 0, 0, 0, 0, 0, 0, 0, 0, 0, 0, 0, 0, 0, 1, 1, 1, 0, 1, 1, 0, 0, 0, 1, 0, 4]
[12, 0, 0, 0, 0, 0, 0, 0, 0, 0, 0, 0, 0, 2, 0, 6, 2, 0, 0, 0, 0, 0, 0, 0, 0, 0, 0, 0, 0, 0, 0, 0, 0, 0, 0, 0, 0, 0, 8, 2, 0, 0, 0, 1, 0, 0, 0, 0, 0, 0, 0, 0, 0, 0, 0, 0, 0, 2, 2, 0, 0, 0, 0, 0, 0, 0, 0, 0, 0, 0, 0, 1, 0, 0, 0, 0, 0, 0, 0, 0, 0, 0, 0, 0, 0, 0, 0, 0, 0, 2, 2, 2, 0, 1, 2, 0, 0, 0, 1, 0, 4]
[13, 0, 0, 0, 0, 0, 0, 0, 0, 0, 0, 0, 0, 3, 0, 6, 3, 0, 0, 0, 0, 0, 0, 0, 0, 0, 0, 0, 0, 0, 0, 0, 0, 0, 0, 0, 0, 0, 8, 3, 0, 0, 0, 1, 0, 0, 0, 0, 0, 0, 0, 0, 0, 0, 0, 0, 0, 3, 3, 0, 0, 0, 0, 0, 0, 0, 0, 0, 0, 0, 0, 1, 0, 0, 0, 0, 0, 0, 0, 0, 0, 0, 0, 0, 0, 0, 0, 0, 0, 3, 3, 2, 0, 1, 2, 0, 0, 0, 1, 0, 4]
[14, 0, 0, 0, 0, 0, 0, 0, 0, 0, 0, 0, 0, 4, 0, 6, 4, 0, 0, 0, 0, 0, 0, 0, 0, 0, 0, 0, 0, 0, 0, 0, 0, 0, 0, 0, 0, 0, 8, 4, 0, 0, 0, 1, 0, 0, 0, 0, 0, 0, 0, 0, 0, 0, 0, 0, 0, 4, 4, 0, 0, 0, 0, 0, 0, 0, 0, 0, 0, 0, 0, 1, 0, 0, 0, 0, 0, 0, 0, 0, 0, 0, 0, 0, 0, 0, 0, 0, 0, 3, 3, 2, 0, 1, 2, 0, 0, 0, 1, 0, 4]
[15, 0, 0, 0, 0, 0, 0, 0, 0, 0, 0, 0, 0, 5, 0, 6, 5, 0, 0, 0, 0, 0, 0, 0, 0, 0, 0, 0, 0, 0, 0, 0, 0, 0, 0, 0, 0, 0, 8, 5, 0, 0, 0, 1, 0, 0, 0, 0, 0, 0, 0, 0, 0, 0, 0, 0, 0, 4, 5, 0, 0, 0, 0, 0, 0, 0, 0, 0, 0, 0, 0, 1, 0, 0, 0, 0, 0, 0, 0, 0, 0, 0, 0, 0, 0, 0, 0, 0, 0, 3, 3, 2, 0, 1, 2, 0, 0, 0, 1, 0, 5]
[16, 0, 0, 0, 0, 0, 0, 0, 0, 0, 0, 0, 0, 6, 0, 6, 6, 0, 0, 0, 0, 0, 0, 0, 0, 0, 0, 0, 0, 0, 0, 0, 0, 0, 0, 0, 0, 0, 8, 6, 0, 0, 0, 1, 0, 0, 0, 0, 0, 0, 0, 0, 0, 0, 0, 0, 0, 4, 6, 0, 0, 0, 0, 0, 0, 0, 0, 0, 0, 0, 0, 1, 0, 0, 0, 0, 0, 0, 0, 0, 0, 0, 0, 0, 0, 0, 0, 0, 0, 3, 3, 2, 0, 1, 2, 0, 0, 0, 1, 0, 6]
[17, 0, 0, 0, 0, 0, 0, 0, 0, 0, 0, 0, 0, 7, 0, 6, 7, 0, 0, 0, 0, 0, 0, 0, 0, 0, 0, 0, 0, 0, 0, 0, 0, 0, 0, 0, 0, 0, 8, 7, 0, 0, 0, 1, 0, 0, 0, 0, 0, 0, 0, 0, 0, 0, 0, 0, 0, 4, 7, 0, 0, 0, 0, 0, 0, 0, 0, 0, 0, 0, 0, 1, 0, 0, 0, 0, 0, 0, 0, 0, 0, 0, 0, 0, 0, 0, 0, 0, 0, 3, 3, 2, 0, 1, 2, 0, 0, 0, 1, 0, 7]
[18, 0, 0, 0, 0, 0, 0, 0, 0, 0, 0, 0, 0, 8, 0, 6, 8, 0, 0, 0, 0, 0, 0, 0, 0, 0, 0, 0, 0, 0, 0, 0, 0, 0, 0, 0, 0, 0, 8, 8, 0, 0, 0, 1, 0, 0, 0, 0, 0, 0, 0, 0, 0, 0, 0, 0, 0, 4, 8, 0, 0, 0, 0, 0, 0, 0, 0, 0, 0, 0, 0, 1, 0, 0, 0, 0, 0, 0, 0, 0, 0, 0, 0, 0, 0, 0, 0, 0, 0, 3, 3, 2, 0, 1, 2, 0, 0, 0, 1, 0, 8]
[19, 0, 0, 0, 0, 0, 0, 0, 0, 0, 0, 0, 0, 9, 0, 6, 9, 0, 0, 0, 0, 0, 0, 0, 0, 0, 0, 0, 0, 0, 0, 0, 0, 0, 0, 0, 0, 0, 9, 9, 0, 0, 0, 1, 0, 0, 0, 0, 0, 0, 0, 0, 0, 0, 0, 0, 0, 4, 9, 0, 0, 0, 0, 0, 0, 0, 0, 0, 0, 0, 0, 1, 0, 0, 0, 0, 0, 0, 0, 0, 0, 0, 0, 0, 0, 0, 0, 0, 0, 3, 3, 2, 0, 1, 2, 0, 0, 0, 1, 0, 9]
[20, 0, 0, 0, 0, 0, 0, 0, 0, 0, 0, 0, 0, 9, 0, 6, 10, 0, 0, 0, 0, 0, 0, 0, 0, 0, 0, 0, 0, 0, 0, 0, 0, 0, 0, 0, 0, 0, 9, 10, 0, 0, 0, 1, 0, 0, 0, 0, 0, 0, 0, 0, 0, 0, 0, 0, 0, 4, 10, 0, 0, 0, 0, 0, 0, 0, 0, 0, 0, 0, 0, 1, 0, 0, 0, 0, 0, 0, 0, 0, 0, 0, 0, 0, 0, 0, 0, 0, 0, 3, 3, 2, 0, 1, 2, 0, 0, 0, 1, 0, 10]
[21, 0, 0, 0, 0, 0, 0, 0, 0, 0, 0, 0, 0, 9, 0, 6, 10, 0, 0, 0, 0, 0, 0, 0, 0, 0, 0, 1, 0, 0, 0, 0, 0, 0, 0, 0, 0, 0, 9, 10, 0, 0, 0, 1, 0, 0, 0, 0, 0, 0, 0, 0, 0, 0, 0, 0, 0, 4, 10, 0, 0, 0, 0, 0, 0, 0, 0, 0, 0, 0, 0, 1, 1, 0, 0, 0, 1, 0, 0, 0, 0, 0, 0, 0, 0, 0, 0, 0, 0, 3, 3, 2, 0, 1, 2, 0, 0, 0, 1, 0, 10]
[22, 0, 0, 0, 0, 0, 0, 0, 0, 0, 0, 0, 0, 9, 0, 6, 10, 0, 0, 0, 0, 0, 0, 0, 0, 0, 0, 2, 0, 0, 0, 0, 0, 0, 0, 0, 0, 0, 9, 10, 0, 0, 0, 2, 0, 0, 0, 0, 0, 0, 0, 0, 0, 0, 0, 0, 0, 4, 10, 0, 0, 0, 0, 0, 0, 0, 0, 0, 0, 0, 0, 2, 2, 0, 0, 0, 2, 0, 0, 0, 0, 0, 0, 0, 0, 0, 0, 0, 0, 3, 3, 2, 0, 2, 2, 0, 0, 0, 2, 0, 10]
[23, 0, 0, 0, 0, 0, 0, 0, 0, 0, 0, 0, 0, 9, 0, 6, 10, 0, 0, 0, 0, 0, 0, 0, 0, 0, 0, 3, 0, 0, 0, 0, 0, 0, 0, 0, 0, 0, 9, 10, 0, 0, 0, 3, 0, 0, 0, 0, 0, 0, 0, 0, 0, 0, 0, 0, 0, 4, 10, 0, 0, 0, 0, 0, 0, 0, 0, 0, 0, 0, 0, 3, 3, 0, 0, 0, 3, 0, 0, 0, 0, 0, 0, 0, 0, 0, 0, 0, 0, 3, 3, 3, 0, 3, 2, 0, 0, 0, 3, 0, 10]
[24, 0, 0, 0, 0, 0, 0, 0, 0, 0, 0, 0, 0, 9, 0, 6, 10, 0, 0, 0, 0, 0, 0, 0, 0, 0, 0, 4, 0, 0, 0, 0, 0, 0, 0, 0, 0, 0, 9, 10, 0, 0, 0, 4, 0, 0, 0, 0, 0, 0, 0, 0, 0, 0, 0, 0, 0, 4, 10, 0, 0, 0, 0, 0, 0, 0, 0, 0, 0, 0, 0, 4, 4, 0, 0, 0, 3, 0, 0, 0, 0, 0, 0, 0, 0, 0, 0, 0, 0, 3, 4, 4, 0, 4, 2, 0, 0, 0, 4, 0, 10]
[25, 0, 0, 0, 0, 0, 0, 0, 0, 0, 0, 0, 0, 9, 0, 6, 10, 0, 0, 0, 0, 0, 0, 0, 0, 0, 0, 5, 0, 0, 0, 0, 0, 0, 0, 0, 0, 0, 9, 10, 0, 0, 0, 5, 0, 0, 0, 0, 0, 0, 0, 0, 0, 0, 0, 0, 0, 5, 10, 0, 0, 0, 0, 0, 0, 0, 0, 0, 0, 0, 0, 5, 5, 0, 0, 0, 3, 0, 0, 0, 0, 0, 0, 0, 0, 0, 0, 0, 0, 3, 5, 5, 0, 5, 2, 0, 0, 0, 5, 0, 10]
[26, 0, 0, 0, 0, 0, 0, 0, 0, 0, 0, 0, 0, 9, 0, 6, 10, 0, 0, 0, 0, 0, 0, 0, 0, 0, 0, 6, 0, 0, 0, 0, 0, 0, 0, 0, 0, 0, 9, 10, 0, 0, 0, 6, 0, 0, 0, 0, 0, 0, 0, 0, 0, 0, 0, 0, 0, 6, 10, 0, 0, 0, 0, 0, 0, 0, 0, 0, 0, 0, 0, 6, 6, 0, 0, 0, 3, 0, 0, 0, 0, 0, 0, 0, 0, 0, 0, 0, 0, 3, 6, 6, 0, 5, 2, 0, 0, 0, 6, 0, 10]
[27, 0, 0, 0, 0, 0, 0, 0, 0, 0, 0, 0, 0, 9, 0, 6, 10, 0, 0, 0, 0, 0, 0, 0, 0, 0, 0, 7, 0, 0, 0, 0, 0, 0, 0, 0, 0, 0, 9, 10, 0, 0, 0, 7, 0, 0, 0, 0, 0, 0, 0, 0, 0, 0, 0, 0, 0, 7, 10, 0, 0, 0, 0, 0, 0, 0, 0, 0, 0, 0, 0, 7, 7, 0, 0, 0, 3, 0, 0, 0, 0, 0, 0, 0, 0, 0, 0, 0, 0, 3, 7, 7, 0, 5, 2, 0, 0, 0, 7, 0, 10]
[28, 0, 0, 0, 0, 0, 0, 0, 0, 0, 0, 0, 0, 9, 0, 6, 10, 0, 0, 0, 0, 0, 0, 0, 0, 0, 0, 8, 0, 0, 0, 0, 0, 0, 0, 0, 0, 0, 9, 10, 0, 0, 0, 8, 0, 0, 0, 0, 0, 0, 0, 0, 0, 0, 0, 0, 0, 8, 10, 0, 0, 0, 0, 0, 0, 0, 0, 0, 0, 0, 0, 8, 8, 0, 0, 0, 3, 0, 0, 0, 0, 0, 0, 0, 0, 0, 0, 0, 0, 3, 8, 8, 0, 5, 2, 0, 0, 0, 8, 0, 10]
[29, 0, 0, 0, 0, 0, 0, 0, 0, 0, 0, 0, 0, 9, 0, 6, 10, 0, 0, 0, 0, 0, 0, 0, 0, 0, 0, 9, 0, 0, 0, 0, 0, 0, 0, 0, 0, 0, 9, 10, 0, 0, 0, 9, 0, 0, 0, 0, 0, 0, 0, 0, 0, 0, 0, 0, 0, 9, 10, 0, 0, 0, 0, 0, 0, 0, 0, 0, 0, 0, 0, 9, 9, 0, 0, 0, 3, 0, 0, 0, 0, 0, 0, 0, 0, 0, 0, 0, 0, 3, 9, 9, 0, 5, 2, 0, 0, 0, 8, 0, 10]
[30, 0, 0, 0, 0, 0, 0, 0, 0, 0, 0, 0, 0, 10, 0, 6, 10, 0, 0, 0, 0, 0, 0, 0, 0, 0, 0, 9, 0, 0, 0, 0, 0, 0, 0, 0, 0, 0, 9, 10, 0, 0, 0, 9, 0, 0, 0, 0, 0, 0, 0, 0, 0, 0, 0, 0, 0, 10, 10, 0, 0, 0, 0, 0, 0, 0, 0, 0, 0, 0, 0, 9, 10, 0, 0, 0, 3, 0, 0, 0, 0, 0, 0, 0, 0, 0, 0, 0, 0, 3, 10, 10, 0, 5, 2, 0, 0, 0, 8, 0, 10]
[31, 1, 0, 0, 0, 0, 0, 0, 1, 0, 0, 0, 0, 10, 0, 6, 10, 0, 0, 0, 0, 0, 0, 0, 0, 0, 0, 9, 0, 0, 0, 1, 0, 0, 0, 0, 0, 0, 9, 10, 0, 0, 0, 9, 1, 0, 1, 0, 0, 0, 0, 0, 0, 0, 0, 0, 0, 10, 10, 0, 0, 0, 0, 1, 0, 0, 0, 0, 0, 0, 0, 9, 10, 0, 0, 0, 3, 1, 0, 0, 0, 0, 0, 1, 0, 0, 0, 0, 0, 3, 10, 10, 0, 5, 2, 1, 0, 0, 8, 0, 10]
[32, 1, 0, 0, 0, 0, 0, 0, 2, 0, 0, 0, 0, 10, 0, 6, 10, 0, 0, 0, 0, 0, 0, 0, 0, 0, 0, 9, 0, 0, 0, 1, 0, 0, 0, 0, 0, 0, 9, 10, 0, 0, 0, 9, 2, 0, 2, 0, 0, 0, 0, 0, 0, 0, 0, 0, 0, 10, 10, 0, 0, 0, 0, 2, 0, 0, 0, 0, 0, 0, 0, 9, 10, 0, 0, 0, 3, 2, 0, 0, 0, 0, 0, 1, 0, 0, 0, 0, 0, 3, 10, 10, 0, 5, 2, 1, 0, 0, 8, 0, 10]
[33, 1, 0, 0, 0, 0, 0, 0, 2, 0, 0, 0, 0, 10, 0, 6, 10, 0, 0, 0, 0, 0, 0, 0, 0, 0, 0, 9, 0, 0, 0, 1, 0, 0, 0, 0, 0, 0, 9, 10, 0, 0, 0, 9, 2, 0, 2, 0, 0, 0, 0, 0, 0, 0, 0, 0, 0, 10, 10, 0, 0, 0, 0, 3, 0, 0, 0, 0, 0, 0, 0, 9, 10, 0, 0, 0, 3, 2, 0, 0, 0, 0, 0, 1, 0, 0, 0, 0, 0, 3, 10, 10, 0, 5, 2, 1, 0, 0, 8, 0, 10]
[34, 1, 0, 0, 0, 0, 0, 0, 2, 0, 0, 0, 0, 10, 0, 6, 10, 0, 0, 0, 0, 0, 0, 0, 0, 0, 0, 9, 0, 0, 0, 1, 0, 0, 0, 0, 0, 0, 9, 10, 0, 0, 0, 9, 2, 0, 2, 0, 0, 0, 0, 0, 0, 0, 0, 0, 0, 10, 10, 0, 0, 0, 0, 4, 0, 0, 0, 0, 0, 0, 0, 9, 10, 0, 0, 0, 4, 2, 0, 0, 0, 0, 0, 1, 0, 0, 0, 0, 0, 3, 10, 10, 0, 5, 2, 1, 0, 0, 8, 0, 10]
[35, 1, 0, 0, 0, 0, 0, 0, 2, 0, 0, 0, 0, 10, 0, 6, 10, 0, 0, 0, 0, 0, 0, 0, 0, 0, 0, 9, 0, 0, 0, 1, 0, 0, 0, 0, 0, 0, 9, 10, 0, 0, 0, 9, 2, 0, 2, 0, 0, 0, 0, 0, 0, 0, 0, 0, 0, 10, 10, 0, 0, 0, 0, 4, 0, 0, 0, 0, 0, 0, 0, 9, 10, 0, 0, 0, 5, 2, 0, 0, 0, 0, 0, 1, 0, 0, 0, 0, 0, 3, 10, 10, 0, 5, 2, 1, 0, 0, 8, 0, 10]
[36, 1, 0, 0, 0, 0, 0, 0, 2, 0, 0, 0, 0, 10, 0, 6, 10, 0, 0, 0, 0, 0, 0, 0, 0, 0, 0, 9, 0, 0, 0, 1, 0, 0, 0, 0, 0, 0, 9, 10, 0, 0, 0, 9, 2, 0, 2, 0, 0, 0, 0, 0, 0, 0, 0, 0, 0, 10, 10, 0, 0, 0, 0, 4, 0, 0, 0, 0, 0, 0, 0, 9, 10, 0, 0, 0, 6, 2, 0, 0, 0, 0, 0, 1, 0, 0, 0, 0, 0, 3, 10, 10, 0, 5, 2, 1, 0, 0, 8, 0, 10]
[37, 1, 0, 0, 0, 0, 0, 0, 2, 0, 0, 0, 0, 10, 0, 6, 10, 0, 0, 0, 0, 0, 0, 0, 0, 0, 0, 9, 0, 0, 0, 1, 0, 0, 0, 0, 0, 0, 9, 10, 0, 0, 0, 9, 2, 0, 2, 0, 0, 0, 0, 0, 0, 0, 0, 0, 0, 10, 10, 0, 0, 0, 0, 4, 0, 0, 0, 0, 0, 0, 0, 9, 10, 0, 0, 0, 7, 2, 0, 0, 0, 0, 0, 1, 0, 0, 0, 0, 0, 3, 10, 10, 0, 5, 2, 1, 0, 0, 8, 0, 10]
[38, 1, 0, 0, 0, 0, 0, 0, 2, 0, 0, 0, 0, 10, 0, 6, 10, 0, 0, 0, 0, 0, 0, 0, 0, 0, 0, 9, 0, 0, 0, 1, 0, 0, 0, 0, 0, 0, 9, 10, 0, 0, 0, 9, 2, 0, 2, 0, 0, 0, 0, 0, 0, 0, 0, 0, 0, 10, 10, 0, 0, 0, 0, 4, 0, 0, 0, 0, 0, 0, 0, 9, 10, 0, 0, 0, 8, 2, 0, 0, 0, 0, 0, 1, 0, 0, 0, 0, 0, 3, 10, 10, 0, 5, 2, 1, 0, 0, 8, 0, 10]
[39, 1, 0, 0, 0, 0, 0, 0, 2, 0, 0, 0, 0, 10, 0, 6, 10, 0, 0, 0, 0, 0, 0, 0, 0, 0, 0, 9, 0, 0, 0, 1, 0, 0, 0, 0, 0, 0, 9, 10, 0, 0, 0, 9, 2, 0, 2, 0, 0, 0, 0, 0, 0, 0, 0, 0, 0, 10, 10, 0, 0, 0, 0, 4, 0, 0, 0, 0, 0, 0, 0, 9, 10, 0, 0, 0, 9, 2, 0, 0, 0, 0, 0, 1, 0, 0, 0, 0, 0, 3, 10, 10, 0, 5, 2, 1, 0, 0, 9, 0, 10]
[40, 1, 0, 0, 0, 0, 0, 0, 2, 0, 0, 0, 0, 10, 0, 6, 10, 0, 0, 0, 0, 0, 0, 0, 0, 0, 0, 10, 0, 0, 0, 1, 0, 0, 0, 0, 0, 0, 9, 10, 0, 0, 0, 9, 2, 0, 2, 0, 0, 0, 0, 0, 0, 0, 0, 0, 0, 10, 10, 0, 0, 0, 0, 4, 0, 0, 0, 0, 0, 0, 0, 10, 10, 0, 0, 0, 10, 2, 0, 0, 0, 0, 0, 1, 0, 0, 0, 0, 0, 3, 10, 10, 0, 5, 2, 1, 0, 0, 10, 0, 10]
[41, 1, 0, 0, 0, 0, 0, 0, 2, 0, 1, 0, 0, 10, 0, 6, 10, 0, 0, 0, 0, 0, 0, 0, 1, 0, 0, 10, 0, 0, 0, 1, 0, 0, 0, 0, 0, 0, 9, 10, 0, 0, 0, 9, 2, 0, 2, 0, 0, 0, 0, 0, 0, 0, 0, 0, 0, 10, 10, 0, 0, 0, 0, 4, 0, 0, 0, 0, 0, 0, 0, 10, 10, 0, 0, 0, 10, 2, 0, 0, 0, 0, 0, 1, 0, 0, 0, 1, 1, 3, 10, 10, 0, 5, 2, 1, 0, 0, 10, 0, 10]
[42, 2, 0, 0, 0, 0, 0, 0, 2, 0, 2, 0, 0, 10, 0, 6, 10, 0, 0, 0, 0, 0, 0, 0, 2, 0, 0, 10, 0, 0, 0, 2, 0, 0, 0, 0, 0, 0, 9, 10, 0, 0, 0, 9, 2, 0, 2, 0, 0, 0, 0, 0, 0, 0, 0, 0, 0, 10, 10, 0, 0, 0, 0, 4, 0, 0, 0, 0, 0, 0, 0, 10, 10, 0, 0, 0, 10, 2, 0, 0, 0, 0, 0, 1, 0, 0, 0, 2, 1, 3, 10, 10, 0, 5, 2, 2, 0, 0, 10, 0, 10]
[43, 3, 0, 0, 0, 0, 0, 0, 3, 0, 3, 0, 0, 10, 0, 6, 10, 0, 0, 0, 0, 0, 0, 0, 3, 0, 0, 10, 0, 0, 0, 2, 0, 0, 0, 0, 0, 0, 9, 10, 0, 0, 0, 9, 3, 0, 2, 0, 0, 0, 0, 0, 0, 0, 0, 0, 0, 10, 10, 0, 0, 0, 0, 4, 0, 0, 0, 0, 0, 0, 0, 10, 10, 0, 0, 0, 10, 3, 0, 0, 0, 0, 0, 1, 0, 0, 0, 3, 1, 3, 10, 10, 0, 5, 2, 3, 0, 0, 10, 0, 10]
[44, 4, 0, 0, 0, 0, 0, 0, 4, 0, 4, 0, 0, 10, 0, 6, 10, 0, 0, 0, 0, 0, 0, 0, 4, 0, 0, 10, 0, 0, 0, 2, 0, 0, 0, 0, 0, 0, 9, 10, 0, 0, 0, 9, 4, 0, 2, 0, 0, 0, 0, 0, 0, 0, 0, 0, 0, 10, 10, 0, 0, 0, 0, 4, 0, 0, 0, 0, 0, 0, 0, 10, 10, 0, 0, 0, 10, 4, 0, 0, 0, 0, 0, 1, 0, 0, 0, 4, 1, 4, 10, 10, 0, 5, 2, 4, 0, 0, 10, 0, 10]
[45, 5, 0, 0, 0, 0, 0, 0, 5, 0, 5, 0, 0, 10, 0, 6, 10, 0, 0, 0, 0, 0, 0, 0, 5, 0, 0, 10, 0, 0, 0, 2, 0, 0, 0, 0, 0, 0, 9, 10, 0, 0, 0, 9, 5, 0, 2, 0, 0, 0, 0, 0, 0, 0, 0, 0, 0, 10, 10, 0, 0, 0, 0, 5, 0, 0, 0, 0, 0, 0, 0, 10, 10, 0, 0, 0, 10, 5, 0, 0, 0, 0, 0, 1, 0, 0, 0, 5, 1, 4, 10, 10, 0, 5, 2, 5, 0, 0, 10, 0, 10]
[46, 6, 0, 0, 0, 0, 0, 0, 6, 0, 6, 0, 0, 10, 0, 6, 10, 0, 0, 0, 0, 0, 0, 0, 6, 0, 0, 10, 0, 0, 0, 2, 0, 0, 0, 0, 0, 0, 9, 10, 0, 0, 0, 9, 6, 0, 2, 0, 0, 0, 0, 0, 0, 0, 0, 0, 0, 10, 10, 0, 0, 0, 0, 6, 0, 0, 0, 0, 0, 0, 0, 10, 10, 0, 0, 0, 10, 6, 0, 0, 0, 0, 0, 1, 0, 0, 0, 6, 1, 4, 10, 10, 0, 5, 2, 6, 0, 0, 10, 0, 10]
[47, 7, 0, 0, 0, 0, 0, 0, 7, 0, 7, 0, 0, 10, 0, 6, 10, 0, 0, 0, 0, 0, 0, 0, 7, 0, 0, 10, 0, 0, 0, 2, 0, 0, 0, 0, 0, 0, 9, 10, 0, 0, 0, 9, 7, 0, 2, 0, 0, 0, 0, 0, 0, 0, 0, 0, 0, 10, 10, 0, 0, 0, 0, 6, 0, 0, 0, 0, 0, 0, 0, 10, 10, 0, 0, 0, 10, 7, 0, 0, 0, 0, 0, 1, 0, 0, 0, 7, 1, 4, 10, 10, 0, 5, 2, 7, 0, 0, 10, 0, 10]
[48, 8, 0, 0, 0, 0, 0, 0, 7, 0, 8, 0, 0, 10, 0, 6, 10, 0, 0, 0, 0, 0, 0, 0, 8, 0, 0, 10, 0, 0, 0, 2, 0, 0, 0, 0, 0, 0, 9, 10, 0, 0, 0, 9, 8, 0, 2, 0, 0, 0, 0, 0, 0, 0, 0, 0, 0, 10, 10, 0, 0, 0, 0, 6, 0, 0, 0, 0, 0, 0, 0, 10, 10, 0, 0, 0, 10, 8, 0, 0, 0, 0, 0, 1, 0, 0, 0, 7, 1, 4, 10, 10, 0, 5, 2, 8, 0, 0, 10, 0, 10]
[49, 8, 0, 0, 0, 0, 0, 0, 7, 0, 9, 0, 0, 10, 0, 6, 10, 0, 0, 0, 0, 0, 0, 0, 9, 0, 0, 10, 0, 0, 0, 2, 0, 0, 0, 0, 0, 0, 9, 10, 0, 0, 0, 9, 9, 0, 2, 0, 0, 0, 0, 0, 0, 0, 0, 0, 0, 10, 10, 0, 0, 0, 0, 6, 0, 0, 0, 0, 0, 0, 0, 10, 10, 0, 0, 0, 10, 9, 0, 0, 0, 0, 0, 1, 0, 0, 0, 7, 1, 4, 10, 10, 0, 5, 2, 9, 0, 0, 10, 0, 10]
[50, 8, 0, 0, 0, 0, 0, 0, 7, 0, 10, 0, 0, 10, 0, 6, 10, 0, 0, 0, 0, 0, 0, 0, 10, 0, 0, 10, 0, 0, 0, 2, 0, 0, 0, 0, 0, 0, 9, 10, 0, 0, 0, 9, 10, 0, 2, 0, 0, 0, 0, 0, 0, 0, 0, 0, 0, 10, 10, 0, 0, 0, 0, 6, 0, 0, 0, 0, 0, 0, 0, 10, 10, 0, 0, 0, 10, 10, 0, 0, 0, 0, 0, 1, 0, 0, 0, 7, 1, 4, 10, 10, 0, 5, 2, 9, 0, 0, 10, 0, 10]
[51, 8, 0, 0, 0, 0, 0, 0, 7, 0, 10, 0, 0, 10, 0, 6, 10, 0, 0, 0, 0, 0, 0, 0, 10, 0, 0, 10, 0, 0, 0, 2, 0, 0, 0, 0, 0, 0, 9, 10, 0, 0, 0, 9, 10, 0, 2, 0, 0, 1, 0, 0, 0, 0, 1, 0, 0, 10, 10, 0, 0, 0, 0, 6, 0, 0, 1, 0, 0, 0, 0, 10, 10, 0, 0, 0, 10, 10, 0, 0, 1, 0, 0, 1, 0, 1, 0, 7, 1, 4, 10, 10, 0, 5, 2, 9, 0, 0, 10, 0, 10]
[52, 8, 0, 0, 0, 0, 0, 0, 7, 0, 10, 0, 0, 10, 0, 6, 10, 0, 0, 0, 0, 0, 0, 0, 10, 0, 0, 10, 0, 0, 0, 2, 0, 0, 0, 0, 0, 0, 9, 10, 0, 0, 0, 9, 10, 0, 2, 0, 0, 1, 0, 0, 0, 0, 2, 0, 0, 10, 10, 0, 0, 0, 0, 6, 0, 0, 2, 0, 0, 0, 0, 10, 10, 0, 0, 0, 10, 10, 0, 0, 2, 0, 0, 2, 0, 2, 0, 7, 2, 4, 10, 10, 0, 5, 2, 9, 0, 0, 10, 0, 10]
[53, 8, 0, 0, 0, 0, 0, 0, 7, 0, 10, 0, 0, 10, 0, 6, 10, 0, 0, 0, 0, 0, 0, 0, 10, 0, 0, 10, 0, 0, 0, 3, 0, 0, 0, 0, 0, 0, 9, 10, 0, 0, 0, 9, 10, 0, 3, 0, 0, 1, 0, 0, 0, 0, 3, 0, 0, 10, 10, 0, 0, 0, 0, 6, 0, 0, 3, 0, 0, 0, 0, 10, 10, 0, 0, 0, 10, 10, 0, 0, 2, 0, 0, 3, 0, 3, 0, 7, 3, 4, 10, 10, 0, 5, 2, 9, 0, 0, 10, 0, 10]
[54, 8, 0, 0, 0, 0, 0, 0, 7, 0, 10, 0, 0, 10, 0, 6, 10, 0, 0, 0, 0, 0, 0, 0, 10, 0, 0, 10, 0, 0, 0, 4, 0, 0, 0, 0, 0, 0, 9, 10, 0, 0, 0, 9, 10, 0, 4, 0, 0, 1, 0, 0, 0, 0, 3, 0, 0, 10, 10, 0, 0, 0, 0, 6, 0, 0, 4, 0, 0, 0, 0, 10, 10, 0, 0, 0, 10, 10, 0, 0, 2, 0, 0, 4, 0, 3, 0, 7, 4, 4, 10, 10, 0, 5, 2, 9, 0, 0, 10, 0, 10]
[55, 8, 0, 0, 0, 0, 0, 0, 7, 0, 10, 0, 0, 10, 0, 6, 10, 0, 0, 0, 0, 0, 0, 0, 10, 0, 0, 10, 0, 0, 0, 4, 0, 0, 0, 0, 0, 0, 9, 10, 0, 0, 0, 9, 10, 0, 4, 0, 0, 1, 0, 0, 0, 0, 3, 0, 0, 10, 10, 0, 0, 0, 0, 6, 0, 0, 4, 0, 0, 0, 0, 10, 10, 0, 0, 0, 10, 10, 0, 0, 2, 0, 0, 4, 0, 3, 0, 7, 4, 4, 10, 10, 0, 5, 3, 9, 0, 0, 10, 0, 10]
[55, 8, 0, 0, 0, 0, 0, 0, 7, 0, 10, 0, 0, 10, 0, 6, 10, 0, 0, 0, 0, 0, 0, 0, 10, 0, 0, 10, 0, 0, 0, 4, 0, 0, 0, 0, 0, 0, 9, 10, 0, 0, 0, 9, 10, 0, 5, 0, 0, 1, 0, 0, 0, 0, 3, 0, 0, 10, 10, 0, 0, 0, 0, 6, 0, 0, 5, 0, 0, 0, 0, 10, 10, 0, 0, 0, 10, 10, 0, 0, 2, 0, 0, 5, 0, 3, 0, 7, 5, 4, 10, 10, 0, 5, 3, 9, 0, 0, 10, 0, 10]
[56, 8, 0, 0, 0, 0, 0, 0, 7, 0, 10, 0, 0, 10, 0, 6, 10, 0, 0, 0, 0, 0, 0, 0, 10, 0, 0, 10, 0, 0, 0, 4, 0, 0, 0, 0, 0, 0, 9, 10, 0, 0, 0, 9, 10, 0, 6, 0, 0, 1, 0, 0, 0, 0, 3, 0, 0, 10, 10, 0, 0, 0, 0, 6, 0, 0, 6, 0, 0, 0, 0, 10, 10, 0, 0, 0, 10, 10, 0, 0, 2, 0, 0, 6, 0, 3, 0, 7, 6, 4, 10, 10, 0, 5, 3, 9, 0, 0, 10, 0, 10]
[57, 8, 0, 0, 0, 0, 0, 0, 7, 0, 10, 0, 0, 10, 0, 6, 10, 0, 0, 0, 0, 0, 0, 0, 10, 0, 0, 10, 0, 0, 0, 4, 0, 0, 0, 0, 0, 0, 9, 10, 0, 0, 0, 9, 10, 0, 7, 0, 0, 1, 0, 0, 0, 0, 3, 0, 0, 10, 10, 0, 0, 0, 0, 6, 0, 0, 7, 0, 0, 0, 0, 10, 10, 0, 0, 0, 10, 10, 0, 0, 2, 0, 0, 7, 0, 3, 0, 7, 7, 4, 10, 10, 0, 5, 3, 9, 0, 0, 10, 0, 10]
[58, 8, 0, 0, 0, 0, 0, 0, 8, 0, 10, 0, 0, 10, 0, 6, 10, 0, 0, 0, 0, 0, 0, 0, 10, 0, 0, 10, 0, 0, 0, 4, 0, 0, 0, 0, 0, 0, 9, 10, 0, 0, 0, 9, 10, 0, 8, 0, 0, 1, 0, 0, 0, 0, 3, 0, 0, 10, 10, 0, 0, 0, 0, 6, 0, 0, 8, 0, 0, 0, 0, 10, 10, 0, 0, 0, 10, 10, 0, 0, 2, 0, 0, 8, 0, 3, 0, 8, 8, 4, 10, 10, 0, 5, 3, 9, 0, 0, 10, 0, 10]
[59, 8, 0, 0, 0, 0, 0, 0, 9, 0, 10, 0, 0, 10, 0, 6, 10, 0, 0, 0, 0, 0, 0, 0, 10, 0, 0, 10, 0, 0, 0, 4, 0, 0, 0, 0, 0, 0, 9, 10, 0, 0, 0, 9, 10, 0, 9, 0, 0, 1, 0, 0, 0, 0, 3, 0, 0, 10, 10, 0, 0, 0, 0, 6, 0, 0, 9, 0, 0, 0, 0, 10, 10, 0, 0, 0, 10, 10, 0, 0, 2, 0, 0, 9, 0, 3, 0, 9, 9, 4, 10, 10, 0, 5, 3, 9, 0, 0, 10, 0, 10]
[60, 8, 0, 0, 0, 0, 0, 0, 9, 0, 10, 0, 0, 10, 0, 6, 10, 0, 0, 0, 0, 0, 0, 0, 10, 0, 0, 10, 0, 0, 0, 4, 0, 0, 0, 0, 0, 0, 9, 10, 0, 0, 0, 9, 10, 0, 10, 0, 0, 1, 0, 0, 0, 0, 3, 0, 0, 10, 10, 0, 0, 0, 0, 6, 0, 0, 10, 0, 0, 0, 0, 10, 10, 0, 0, 0, 10, 10, 0, 0, 2, 0, 0, 10, 0, 3, 0, 10, 10, 4, 10, 10, 0, 5, 3, 10, 0, 0, 10, 0, 10]
[61, 8, 0, 0, 0, 0, 0, 0, 9, 0, 10, 0, 0, 10, 0, 6, 10, 0, 0, 0, 0, 0, 0, 0, 10, 0, 0, 10, 0, 0, 0, 4, 0, 0, 0, 0, 0, 0, 9, 10, 0, 0, 0, 9, 10, 1, 10, 0, 0, 1, 0, 0, 0, 0, 3, 0, 0, 10, 10, 0, 0, 0, 0, 6, 0, 0, 10, 0, 0, 0, 0, 10, 10, 0, 0, 0, 10, 10, 0, 0, 2, 0, 0, 10, 0, 3, 0, 10, 10, 4, 10, 10, 0, 5, 3, 10, 0, 0, 10, 1, 10]
[62, 8, 0, 0, 0, 0, 0, 0, 9, 0, 10, 0, 0, 10, 0, 6, 10, 0, 0, 0, 0, 0, 0, 0, 10, 0, 0, 10, 0, 0, 0, 4, 0, 0, 0, 0, 0, 0, 9, 10, 0, 0, 0, 9, 10, 2, 10, 0, 0, 2, 0, 0, 0, 0, 3, 0, 0, 10, 10, 0, 0, 0, 0, 6, 0, 0, 10, 0, 0, 0, 0, 10, 10, 0, 0, 0, 10, 10, 0, 0, 2, 0, 0, 10, 0, 3, 0, 10, 10, 4, 10, 10, 0, 5, 3, 10, 0, 0, 10, 2, 10]
[63, 8, 0, 0, 0, 0, 0, 0, 9, 0, 10, 0, 0, 10, 0, 6, 10, 0, 0, 0, 0, 0, 0, 0, 10, 0, 0, 10, 0, 0, 0, 4, 0, 0, 0, 0, 0, 0, 9, 10, 0, 0, 0, 9, 10, 3, 10, 0, 0, 3, 0, 0, 0, 0, 3, 0, 0, 10, 10, 0, 0, 0, 0, 6, 0, 0, 10, 0, 0, 0, 0, 10, 10, 0, 0, 0, 10, 10, 0, 0, 3, 0, 0, 10, 0, 3, 0, 10, 10, 4, 10, 10, 0, 5, 3, 10, 0, 0, 10, 3, 10]
[64, 8, 0, 0, 0, 0, 0, 0, 9, 0, 10, 0, 0, 10, 0, 6, 10, 0, 0, 0, 0, 0, 0, 0, 10, 0, 0, 10, 0, 0, 0, 4, 0, 0, 0, 0, 0, 0, 9, 10, 0, 0, 0, 9, 10, 4, 10, 0, 0, 4, 0, 0, 0, 0, 4, 0, 0, 10, 10, 0, 0, 0, 0, 6, 0, 0, 10, 0, 0, 0, 0, 10, 10, 0, 0, 0, 10, 10, 0, 0, 4, 0, 0, 10, 0, 4, 0, 10, 10, 4, 10, 10, 0, 5, 3, 10, 0, 0, 10, 4, 10]
[65, 8, 0, 0, 0, 0, 0, 0, 9, 0, 10, 0, 0, 10, 0, 6, 10, 0, 0, 0, 0, 0, 0, 0, 10, 0, 0, 10, 0, 0, 0, 4, 0, 0, 0, 0, 0, 0, 9, 10, 0, 0, 0, 9, 10, 5, 10, 0, 0, 5, 0, 0, 0, 0, 5, 0, 0, 10, 10, 0, 0, 0, 0, 6, 0, 0, 10, 0, 0, 0, 0, 10, 10, 0, 0, 0, 10, 10, 0, 0, 5, 0, 0, 10, 0, 4, 0, 10, 10, 4, 10, 10, 0, 5, 3, 10, 0, 0, 10, 5, 10]
[66, 8, 0, 0, 0, 0, 0, 0, 9, 0, 10, 0, 0, 10, 0, 6, 10, 0, 0, 0, 0, 0, 0, 0, 10, 0, 0, 10, 0, 0, 0, 4, 0, 0, 0, 0, 0, 0, 9, 10, 0, 0, 0, 9, 10, 5, 10, 0, 0, 6, 0, 0, 0, 0, 5, 0, 0, 10, 10, 0, 0, 0, 0, 6, 0, 0, 10, 0, 0, 0, 0, 10, 10, 0, 0, 0, 10, 10, 0, 0, 6, 0, 0, 10, 0, 4, 0, 10, 10, 4, 10, 10, 0, 5, 3, 10, 0, 0, 10, 6, 10]
[67, 8, 0, 0, 0, 0, 0, 0, 9, 0, 10, 0, 0, 10, 0, 6, 10, 0, 0, 0, 0, 0, 0, 0, 10, 0, 0, 10, 0, 0, 0, 4, 0, 0, 0, 0, 0, 0, 9, 10, 0, 0, 0, 9, 10, 5, 10, 0, 0, 7, 0, 0, 0, 0, 5, 0, 0, 10, 10, 0, 0, 0, 0, 6, 0, 0, 10, 0, 0, 0, 0, 10, 10, 0, 0, 0, 10, 10, 0, 0, 7, 0, 0, 10, 0, 4, 0, 10, 10, 4, 10, 10, 0, 5, 3, 10, 0, 0, 10, 6, 10]
[73, 8, 0, 0, 0, 0, 0, 0, 9, 0, 10, 0, 0, 10, 0, 7, 10, 0, 0, 0, 0, 0, 0, 0, 10, 0, 0, 10, 0, 0, 0, 4, 0, 0, 0, 0, 0, 0, 9, 10, 0, 0, 0, 9, 10, 5, 10, 0, 0, 7, 0, 0, 0, 0, 5, 0, 0, 10, 10, 0, 0, 0, 0, 7, 0, 0, 10, 0, 0, 0, 0, 10, 10, 0, 0, 0, 10, 10, 0, 0, 7, 0, 0, 10, 0, 4, 0, 10, 10, 4, 10, 10, 0, 5, 3, 10, 0, 0, 10, 6, 10]
[75, 8, 0, 0, 0, 0, 0, 0, 9, 0, 10, 0, 0, 10, 0, 7, 10, 0, 0, 0, 0, 0, 0, 0, 10, 0, 0, 10, 0, 0, 0, 5, 0, 0, 0, 0, 0, 0, 9, 10, 0, 0, 0, 9, 10, 5, 10, 0, 0, 7, 0, 0, 0, 0, 5, 0, 0, 10, 10, 0, 0, 0, 0, 7, 0, 0, 10, 0, 0, 0, 0, 10, 10, 0, 0, 0, 10, 10, 0, 0, 7, 0, 0, 10, 0, 4, 0, 10, 10, 4, 10, 10, 0, 5, 3, 10, 0, 0, 10, 6, 10]
[77, 8, 0, 0, 0, 0, 0, 0, 9, 0, 10, 0, 0, 10, 0, 7, 10, 0, 0, 0, 0, 0, 0, 0, 10, 0, 0, 10, 0, 0, 0, 5, 0, 0, 0, 0, 0, 0, 9, 10, 0, 0, 0, 9, 10, 6, 10, 0, 0, 7, 0, 0, 0, 0, 6, 0, 0, 10, 10, 0, 0, 0, 0, 7, 0, 0, 10, 0, 0, 0, 0, 10, 10, 0, 0, 0, 10, 10, 0, 0, 7, 0, 0, 10, 0, 4, 0, 10, 10, 4, 10, 10, 0, 5, 3, 10, 0, 0, 10, 6, 10]
[77, 8, 0, 0, 0, 0, 0, 0, 9, 0, 10, 0, 0, 10, 0, 7, 10, 0, 0, 0, 0, 0, 0, 0, 10, 0, 0, 10, 0, 0, 0, 5, 0, 0, 0, 0, 0, 0, 9, 10, 0, 0, 0, 9, 10, 7, 10, 0, 0, 7, 0, 0, 0, 0, 7, 0, 0, 10, 10, 0, 0, 0, 0, 7, 0, 0, 10, 0, 0, 0, 0, 10, 10, 0, 0, 0, 10, 10, 0, 0, 7, 0, 0, 10, 0, 4, 0, 10, 10, 4, 10, 10, 0, 5, 3, 10, 0, 0, 10, 7, 10]
[78, 8, 0, 0, 0, 0, 0, 0, 9, 0, 10, 0, 0, 10, 0, 7, 10, 0, 0, 0, 0, 0, 0, 0, 10, 0, 0, 10, 0, 0, 0, 5, 0, 0, 0, 0, 0, 0, 10, 10, 0, 0, 0, 9, 10, 7, 10, 0, 0, 7, 0, 0, 0, 0, 7, 0, 0, 10, 10, 0, 0, 0, 0, 7, 0, 0, 10, 0, 0, 0, 0, 10, 10, 0, 0, 0, 10, 10, 0, 0, 8, 0, 0, 10, 0, 4, 0, 10, 10, 4, 10, 10, 0, 5, 3, 10, 0, 0, 10, 7, 10]
[80, 8, 0, 0, 0, 0, 0, 0, 9, 0, 10, 0, 0, 10, 0, 7, 10, 0, 0, 0, 0, 0, 0, 0, 10, 0, 0, 10, 0, 0, 0, 5, 0, 0, 0, 0, 0, 0, 10, 10, 0, 0, 0, 9, 10, 7, 10, 0, 0, 7, 0, 0, 0, 0, 7, 0, 0, 10, 10, 0, 0, 0, 0, 7, 0, 0, 10, 0, 0, 0, 0, 10, 10, 0, 0, 0, 10, 10, 0, 0, 9, 0, 0, 10, 0, 4, 0, 10, 10, 4, 10, 10, 0, 5, 3, 10, 0, 0, 10, 7, 10]
[80, 8, 0, 0, 0, 0, 0, 0, 9, 0, 10, 0, 0, 10, 0, 7, 10, 0, 0, 0, 0, 0, 0, 0, 10, 0, 0, 10, 0, 0, 0, 5, 0, 0, 0, 0, 0, 0, 10, 10, 0, 0, 0, 9, 10, 7, 10, 0, 0, 7, 0, 0, 0, 0, 7, 0, 0, 10, 10, 0, 0, 0, 0, 7, 0, 0, 10, 0, 0, 0, 0, 10, 10, 0, 0, 0, 10, 10, 0, 0, 10, 0, 0, 10, 0, 4, 0, 10, 10, 4, 10, 10, 0, 5, 3, 10, 0, 0, 10, 7, 10]
[83, 8, 0, 0, 0, 0, 0, 0, 9, 0, 10, 0, 0, 10, 0, 7, 10, 0, 0, 0, 0, 0, 0, 0, 10, 0, 0, 10, 0, 0, 0, 5, 0, 0, 0, 0, 0, 0, 10, 10, 0, 0, 0, 9, 10, 7, 10, 0, 0, 7, 0, 0, 0, 0, 7, 0, 0, 10, 10, 0, 0, 0, 0, 7, 0, 0, 10, 0, 0, 0, 0, 10, 10, 0, 0, 0, 10, 10, 0, 0, 10, 0, 0, 10, 0, 4, 0, 10, 10, 4, 10, 10, 0, 5, 4, 10, 0, 0, 10, 7, 10]
[84, 8, 0, 0, 0, 0, 0, 0, 9, 0, 10, 0, 0, 10, 0, 8, 10, 0, 0, 0, 0, 0, 0, 0, 10, 0, 0, 10, 0, 0, 0, 5, 0, 0, 0, 0, 0, 0, 10, 10, 0, 0, 0, 9, 10, 7, 10, 0, 0, 7, 0, 0, 0, 0, 7, 0, 0, 10, 10, 0, 0, 0, 0, 8, 0, 0, 10, 0, 0, 0, 0, 10, 10, 0, 0, 0, 10, 10, 0, 0, 10, 0, 0, 10, 0, 4, 0, 10, 10, 4, 10, 10, 0, 6, 4, 10, 0, 0, 10, 7, 10]
[90, 8, 0, 0, 0, 0, 0, 0, 9, 0, 10, 0, 0, 10, 0, 8, 10, 0, 0, 0, 0, 0, 0, 0, 10, 0, 0, 10, 0, 0, 0, 5, 0, 0, 0, 0, 0, 0, 10, 10, 0, 0, 0, 9, 10, 7, 10, 0, 0, 7, 0, 0, 0, 0, 7, 0, 0, 10, 10, 0, 0, 0, 0, 8, 0, 0, 10, 0, 0, 0, 0, 10, 10, 0, 0, 0, 10, 10, 0, 0, 10, 0, 0, 10, 0, 4, 0, 10, 10, 5, 10, 10, 0, 6, 5, 10, 0, 0, 10, 7, 10]
[93, 8, 0, 0, 0, 0, 0, 0, 9, 0, 10, 0, 0, 10, 0, 8, 10, 0, 0, 0, 0, 0, 0, 0, 10, 0, 0, 10, 0, 0, 0, 5, 0, 0, 0, 0, 0, 0, 10, 10, 0, 0, 0, 9, 10, 7, 10, 0, 0, 7, 0, 0, 0, 0, 7, 0, 0, 10, 10, 0, 0, 0, 0, 8, 0, 0, 10, 0, 0, 0, 0, 10, 10, 0, 0, 0, 10, 10, 0, 0, 10, 0, 0, 10, 0, 4, 0, 10, 10, 6, 10, 10, 0, 6, 5, 10, 0, 0, 10, 7, 10]
[94, 8, 0, 0, 0, 0, 0, 0, 9, 0, 10, 0, 0, 10, 0, 8, 10, 0, 0, 0, 0, 0, 0, 0, 10, 0, 0, 10, 0, 0, 0, 5, 0, 0, 0, 0, 0, 0, 10, 10, 0, 0, 0, 9, 10, 7, 10, 0, 0, 7, 0, 0, 0, 0, 7, 0, 0, 10, 10, 0, 0, 0, 0, 8, 0, 0, 10, 0, 0, 0, 0, 10, 10, 0, 0, 0, 10, 10, 0, 0, 10, 0, 0, 10, 0, 4, 0, 10, 10, 7, 10, 10, 0, 7, 5, 10, 0, 0, 10, 7, 10]
[96, 8, 0, 0, 0, 0, 0, 0, 9, 0, 10, 0, 0, 10, 0, 8, 10, 0, 0, 0, 0, 0, 0, 0, 10, 0, 0, 10, 0, 0, 0, 6, 0, 0, 0, 0, 0, 0, 10, 10, 0, 0, 0, 9, 10, 7, 10, 0, 0, 7, 0, 0, 0, 0, 7, 0, 0, 10, 10, 0, 0, 0, 0, 8, 0, 0, 10, 0, 0, 0, 0, 10, 10, 0, 0, 0, 10, 10, 0, 0, 10, 0, 0, 10, 0, 4, 0, 10, 10, 7, 10, 10, 0, 7, 5, 10, 0, 0, 10, 7, 10]
[99, 9, 0, 0, 0, 0, 0, 0, 9, 0, 10, 0, 0, 10, 0, 8, 10, 0, 0, 0, 0, 0, 0, 0, 10, 0, 0, 10, 0, 0, 0, 6, 0, 0, 0, 0, 0, 0, 10, 10, 0, 0, 0, 9, 10, 7, 10, 0, 0, 7, 0, 0, 0, 0, 7, 0, 0, 10, 10, 0, 0, 0, 0, 9, 0, 0, 10, 0, 0, 0, 0, 10, 10, 0, 0, 0, 10, 10, 0, 0, 10, 0, 0, 10, 0, 4, 0, 10, 10, 7, 10, 10, 0, 7, 5, 10, 0, 0, 10, 7, 10]
[101, 9, 0, 0, 0, 0, 0, 0, 9, 0, 10, 0, 0, 10, 0, 8, 10, 0, 0, 0, 0, 0, 0, 0, 10, 0, 0, 10, 0, 0, 0, 6, 0, 0, 0, 0, 0, 0, 10, 10, 0, 0, 0, 9, 10, 7, 10, 0, 0, 7, 0, 0, 0, 0, 7, 0, 0, 10, 10, 0, 0, 0, 0, 9, 0, 0, 10, 0, 0, 0, 0, 10, 10, 0, 0, 0, 10, 10, 0, 0, 10, 0, 0, 10, 0, 4, 0, 10, 10, 7, 10, 10, 0, 7, 6, 10, 0, 0, 10, 7, 10]
[103, 9, 0, 0, 0, 0, 0, 0, 9, 0, 10, 0, 0, 10, 0, 8, 10, 0, 0, 0, 0, 0, 0, 0, 10, 0, 0, 10, 0, 0, 0, 6, 0, 0, 0, 0, 0, 0, 10, 10, 0, 0, 0, 10, 10, 7, 10, 0, 0, 7, 0, 0, 0, 0, 7, 0, 0, 10, 10, 0, 0, 0, 0, 10, 0, 0, 10, 0, 0, 0, 0, 10, 10, 0, 0, 0, 10, 10, 0, 0, 10, 0, 0, 10, 0, 4, 0, 10, 10, 7, 10, 10, 0, 8, 6, 10, 0, 0, 10, 7, 10]
[104, 9, 0, 0, 0, 0, 0, 0, 9, 0, 10, 0, 0, 10, 0, 8, 10, 0, 0, 0, 0, 0, 0, 0, 10, 0, 0, 10, 0, 0, 0, 6, 0, 0, 0, 0, 0, 0, 10, 10, 0, 0, 0, 10, 10, 8, 10, 0, 0, 8, 0, 0, 0, 0, 7, 0, 0, 10, 10, 0, 0, 0, 0, 10, 0, 0, 10, 0, 0, 0, 0, 10, 10, 0, 0, 0, 10, 10, 0, 0, 10, 0, 0, 10, 0, 4, 0, 10, 10, 7, 10, 10, 0, 8, 6, 10, 0, 0, 10, 7, 10]
[107, 9, 0, 0, 0, 0, 0, 0, 9, 0, 10, 0, 0, 10, 0, 8, 10, 0, 0, 0, 0, 0, 0, 0, 10, 0, 0, 10, 0, 0, 0, 6, 0, 0, 0, 0, 0, 0, 10, 10, 0, 0, 0, 10, 10, 8, 10, 0, 0, 8, 0, 0, 0, 0, 7, 0, 0, 10, 10, 0, 0, 0, 0, 10, 0, 0, 10, 0, 0, 0, 0, 10, 10, 0, 0, 0, 10, 10, 0, 0, 10, 0, 0, 10, 0, 4, 0, 10, 10, 7, 10, 10, 0, 8, 7, 10, 0, 0, 10, 7, 10]
[108, 9, 0, 0, 0, 0, 0, 0, 9, 0, 10, 0, 0, 10, 0, 9, 10, 0, 0, 0, 0, 0, 0, 0, 10, 0, 0, 10, 0, 0, 0, 6, 0, 0, 0, 0, 0, 0, 10, 10, 0, 0, 0, 10, 10, 8, 10, 0, 0, 8, 0, 0, 0, 0, 7, 0, 0, 10, 10, 0, 0, 0, 0, 10, 0, 0, 10, 0, 0, 0, 0, 10, 10, 0, 0, 0, 10, 10, 0, 0, 10, 0, 0, 10, 0, 4, 0, 10, 10, 7, 10, 10, 0, 9, 7, 10, 0, 0, 10, 7, 10]
[108, 9, 0, 0, 0, 0, 0, 0, 9, 0, 10, 0, 0, 10, 0, 9, 10, 0, 0, 0, 0, 0, 0, 0, 10, 0, 0, 10, 0, 0, 0, 7, 0, 0, 0, 0, 0, 0, 10, 10, 0, 0, 0, 10, 10, 8, 10, 0, 0, 8, 0, 0, 0, 0, 7, 0, 0, 10, 10, 0, 0, 0, 0, 10, 0, 0, 10, 0, 0, 0, 0, 10, 10, 0, 0, 0, 10, 10, 0, 0, 10, 0, 0, 10, 0, 4, 0, 10, 10, 7, 10, 10, 0, 9, 7, 10, 0, 0, 10, 7, 10]
[110, 9, 0, 0, 0, 0, 0, 0, 9, 0, 10, 0, 0, 10, 0, 9, 10, 0, 0, 0, 0, 0, 0, 0, 10, 0, 0, 10, 0, 0, 0, 7, 0, 0, 0, 0, 0, 0, 10, 10, 0, 0, 0, 10, 10, 9, 10, 0, 0, 9, 0, 0, 0, 0, 7, 0, 0, 10, 10, 0, 0, 0, 0, 10, 0, 0, 10, 0, 0, 0, 0, 10, 10, 0, 0, 0, 10, 10, 0, 0, 10, 0, 0, 10, 0, 4, 0, 10, 10, 7, 10, 10, 0, 9, 7, 10, 0, 0, 10, 7, 10]
[118, 9, 0, 0, 0, 0, 0, 0, 9, 0, 10, 0, 0, 10, 0, 9, 10, 0, 0, 0, 0, 0, 0, 0, 10, 0, 0, 10, 0, 0, 0, 8, 0, 0, 0, 0, 0, 0, 10, 10, 0, 0, 0, 10, 10, 9, 10, 0, 0, 9, 0, 0, 0, 0, 7, 0, 0, 10, 10, 0, 0, 0, 0, 10, 0, 0, 10, 0, 0, 0, 0, 10, 10, 0, 0, 0, 10, 10, 0, 0, 10, 0, 0, 10, 0, 4, 0, 10, 10, 8, 10, 10, 0, 9, 7, 10, 0, 0, 10, 7, 10]
[120, 9, 1, 0, 1, 1, 1, 0, 9, 0, 10, 0, 1, 10, 0, 9, 10, 0, 1, 0, 1, 1, 1, 1, 10, 0, 1, 10, 0, 0, 0, 8, 0, 0, 1, 0, 1, 0, 10, 10, 0, 0, 0, 10, 10, 9, 10, 0, 0, 9, 0, 0, 1, 0, 7, 0, 0, 10, 10, 0, 0, 0, 1, 10, 0, 1, 10, 1, 0, 0, 1, 10, 10, 0, 1, 0, 10, 10, 0, 0, 10, 0, 1, 10, 0, 4, 0, 10, 10, 8, 10, 10, 1, 9, 7, 10, 1, 1, 10, 7, 10]
[121, 9, 1, 0, 1, 1, 1, 0, 9, 0, 10, 0, 1, 10, 0, 9, 10, 0, 1, 0, 1, 1, 1, 1, 10, 0, 1, 10, 0, 1, 0, 8, 0, 0, 1, 0, 1, 0, 10, 10, 0, 0, 0, 10, 10, 9, 10, 0, 0, 9, 0, 0, 1, 0, 7, 0, 0, 10, 10, 0, 0, 0, 1, 10, 0, 1, 10, 1, 0, 0, 1, 10, 10, 0, 1, 0, 10, 10, 0, 0, 10, 0, 1, 10, 0, 4, 0, 10, 10, 8, 10, 10, 1, 9, 7, 10, 1, 1, 10, 8, 10]
[123, 9, 1, 0, 3, 1, 3, 0, 9, 0, 10, 0, 3, 10, 0, 9, 10, 0, 2, 0, 3, 3, 1, 1, 10, 0, 1, 10, 0, 3, 0, 8, 0, 0, 3, 0, 3, 0, 10, 10, 0, 0, 0, 10, 10, 9, 10, 0, 0, 9, 0, 0, 1, 0, 7, 0, 0, 10, 10, 0, 0, 0, 1, 10, 0, 2, 10, 1, 0, 0, 1, 10, 10, 0, 1, 0, 10, 10, 0, 0, 10, 0, 1, 10, 0, 4, 0, 10, 10, 8, 10, 10, 1, 9, 7, 10, 1, 1, 10, 8, 10]
[124, 10, 1, 0, 3, 1, 3, 0, 10, 0, 10, 0, 3, 10, 0, 9, 10, 0, 2, 0, 3, 3, 1, 1, 10, 0, 1, 10, 0, 3, 0, 8, 0, 0, 3, 0, 3, 0, 10, 10, 0, 0, 0, 10, 10, 9, 10, 0, 0, 9, 0, 0, 1, 0, 7, 0, 0, 10, 10, 0, 0, 0, 1, 10, 0, 2, 10, 1, 0, 0, 1, 10, 10, 0, 1, 0, 10, 10, 0, 0, 10, 0, 1, 10, 0, 4, 0, 10, 10, 8, 10, 10, 1, 9, 7, 10, 1, 1, 10, 8, 10]
[126, 10, 1, 0, 3, 1, 4, 0, 10, 0, 10, 0, 4, 10, 0, 9, 10, 0, 2, 0, 4, 4, 1, 1, 10, 0, 1, 10, 0, 4, 0, 8, 0, 0, 3, 0, 4, 0, 10, 10, 0, 0, 0, 10, 10, 9, 10, 0, 0, 9, 0, 0, 1, 0, 7, 0, 0, 10, 10, 0, 0, 0, 1, 10, 0, 2, 10, 1, 0, 0, 1, 10, 10, 0, 1, 0, 10, 10, 0, 0, 10, 0, 1, 10, 0, 4, 0, 10, 10, 8, 10, 10, 1, 9, 7, 10, 1, 1, 10, 8, 10]
[126, 10, 1, 0, 3, 1, 4, 0, 10, 0, 10, 0, 4, 10, 0, 9, 10, 0, 2, 0, 4, 4, 1, 1, 10, 0, 1, 10, 0, 4, 0, 9, 0, 0, 3, 0, 4, 0, 10, 10, 0, 0, 0, 10, 10, 9, 10, 0, 0, 9, 0, 0, 1, 0, 7, 0, 0, 10, 10, 0, 0, 0, 1, 10, 0, 2, 10, 1, 0, 0, 1, 10, 10, 0, 1, 0, 10, 10, 0, 0, 10, 0, 1, 10, 0, 4, 0, 10, 10, 8, 10, 10, 1, 9, 7, 10, 1, 1, 10, 9, 10]
[127, 10, 1, 0, 3, 1, 4, 0, 10, 0, 10, 0, 4, 10, 0, 9, 10, 0, 2, 0, 4, 4, 2, 2, 10, 0, 2, 10, 0, 4, 0, 9, 0, 0, 3, 0, 4, 0, 10, 10, 0, 0, 0, 10, 10, 10, 10, 0, 0, 10, 0, 0, 2, 0, 7, 0, 0, 10, 10, 0, 0, 0, 1, 10, 0, 2, 10, 1, 0, 0, 2, 10, 10, 0, 2, 0, 10, 10, 0, 0, 10, 0, 1, 10, 0, 4, 0, 10, 10, 8, 10, 10, 1, 10, 7, 10, 2, 2, 10, 10, 10]
[130, 10, 1, 0, 3, 1, 4, 0, 10, 0, 10, 0, 4, 10, 0, 9, 10, 0, 2, 0, 4, 4, 2, 2, 10, 0, 2, 10, 0, 4, 0, 9, 0, 0, 3, 0, 4, 0, 10, 10, 0, 0, 0, 10, 10, 10, 10, 0, 0, 10, 0, 0, 2, 0, 8, 0, 0, 10, 10, 0, 0, 0, 1, 10, 0, 2, 10, 1, 0, 0, 2, 10, 10, 0, 2, 0, 10, 10, 0, 0, 10, 0, 1, 10, 0, 4, 0, 10, 10, 8, 10, 10, 1, 10, 7, 10, 2, 2, 10, 10, 10]
[131, 10, 2, 0, 3, 1, 5, 0, 10, 0, 10, 0, 5, 10, 0, 9, 10, 0, 2, 0, 5, 5, 2, 2, 10, 0, 2, 10, 0, 5, 0, 9, 0, 0, 3, 0, 4, 0, 10, 10, 0, 0, 0, 10, 10, 10, 10, 0, 0, 10, 0, 0, 2, 0, 8, 0, 0, 10, 10, 0, 0, 0, 2, 10, 0, 2, 10, 1, 0, 0, 2, 10, 10, 0, 2, 0, 10, 10, 0, 0, 10, 0, 2, 10, 0, 4, 0, 10, 10, 8, 10, 10, 2, 10, 7, 10, 2, 2, 10, 10, 10]
[131, 10, 2, 0, 3, 1, 5, 0, 10, 0, 10, 0, 5, 10, 0, 9, 10, 0, 2, 0, 5, 5, 2, 2, 10, 0, 2, 10, 0, 5, 0, 10, 0, 0, 3, 0, 4, 0, 10, 10, 0, 0, 0, 10, 10, 10, 10, 0, 0, 10, 0, 0, 2, 0, 8, 0, 0, 10, 10, 0, 0, 0, 2, 10, 0, 2, 10, 1, 0, 0, 2, 10, 10, 0, 2, 0, 10, 10, 0, 0, 10, 0, 2, 10, 0, 4, 0, 10, 10, 9, 10, 10, 2, 10, 7, 10, 2, 2, 10, 10, 10]
[132, 10, 2, 0, 3, 1, 5, 0, 10, 0, 10, 0, 5, 10, 0, 9, 10, 0, 2, 0, 5, 5, 3, 3, 10, 0, 3, 10, 0, 5, 0, 10, 0, 0, 3, 0, 4, 0, 10, 10, 0, 0, 0, 10, 10, 10, 10, 0, 0, 10, 0, 0, 3, 0, 8, 0, 0, 10, 10, 0, 0, 0, 2, 10, 0, 3, 10, 1, 0, 0, 2, 10, 10, 0, 3, 0, 10, 10, 0, 0, 10, 0, 3, 10, 0, 4, 0, 10, 10, 9, 10, 10, 3, 10, 7, 10, 3, 3, 10, 10, 10]
[134, 10, 2, 0, 3, 1, 6, 0, 10, 0, 10, 0, 5, 10, 0, 9, 10, 0, 2, 0, 6, 5, 3, 3, 10, 0, 3, 10, 0, 6, 0, 10, 0, 0, 3, 0, 4, 0, 10, 10, 0, 0, 0, 10, 10, 10, 10, 0, 0, 10, 0, 0, 3, 0, 8, 0, 0, 10, 10, 0, 0, 0, 2, 10, 0, 3, 10, 1, 0, 0, 2, 10, 10, 0, 3, 0, 10, 10, 0, 0, 10, 0, 3, 10, 0, 4, 0, 10, 10, 9, 10, 10, 3, 10, 8, 10, 3, 3, 10, 10, 10]
[136, 10, 2, 0, 4, 1, 6, 0, 10, 0, 10, 0, 5, 10, 0, 9, 10, 0, 2, 0, 6, 5, 4, 4, 10, 0, 4, 10, 0, 6, 0, 10, 0, 0, 4, 0, 5, 0, 10, 10, 0, 0, 0, 10, 10, 10, 10, 0, 0, 10, 0, 0, 4, 0, 8, 0, 0, 10, 10, 0, 0, 0, 2, 10, 0, 4, 10, 1, 0, 0, 2, 10, 10, 0, 4, 0, 10, 10, 0, 0, 10, 0, 4, 10, 0, 5, 0, 10, 10, 9, 10, 10, 3, 10, 8, 10, 4, 4, 10, 10, 10]
[137, 10, 2, 1, 4, 1, 6, 1, 10, 0, 10, 0, 5, 10, 0, 9, 10, 0, 2, 0, 6, 5, 4, 4, 10, 1, 4, 10, 0, 6, 0, 10, 0, 0, 4, 1, 5, 1, 10, 10, 0, 1, 0, 10, 10, 10, 10, 0, 0, 10, 1, 1, 4, 0, 8, 1, 0, 10, 10, 0, 1, 1, 2, 10, 0, 4, 10, 1, 0, 0, 2, 10, 10, 0, 4, 0, 10, 10, 0, 1, 10, 0, 4, 10, 0, 5, 0, 10, 10, 9, 10, 10, 3, 10, 8, 10, 4, 4, 10, 10, 10]
[138, 10, 2, 1, 4, 1, 7, 1, 10, 0, 10, 0, 5, 10, 0, 9, 10, 0, 2, 0, 7, 5, 4, 4, 10, 1, 4, 10, 0, 7, 0, 10, 0, 0, 4, 1, 5, 1, 10, 10, 0, 1, 0, 10, 10, 10, 10, 0, 0, 10, 1, 1, 4, 0, 8, 1, 0, 10, 10, 0, 1, 1, 2, 10, 0, 4, 10, 1, 0, 0, 2, 10, 10, 0, 4, 0, 10, 10, 0, 1, 10, 0, 4, 10, 0, 5, 0, 10, 10, 9, 10, 10, 3, 10, 8, 10, 4, 4, 10, 10, 10]
[141, 10, 2, 1, 4, 1, 7, 1, 10, 0, 10, 0, 5, 10, 0, 9, 10, 0, 2, 0, 7, 5, 4, 5, 10, 1, 5, 10, 0, 7, 0, 10, 0, 0, 4, 1, 5, 1, 10, 10, 0, 1, 0, 10, 10, 10, 10, 0, 0, 10, 1, 1, 4, 0, 9, 1, 0, 10, 10, 0, 1, 1, 2, 10, 0, 5, 10, 1, 0, 0, 2, 10, 10, 0, 5, 0, 10, 10, 0, 1, 10, 0, 5, 10, 0, 5, 0, 10, 10, 9, 10, 10, 3, 10, 8, 10, 5, 4, 10, 10, 10]
[142, 10, 2, 1, 4, 1, 7, 1, 10, 0, 10, 0, 5, 10, 0, 9, 10, 0, 3, 0, 7, 5, 4, 5, 10, 1, 5, 10, 0, 7, 0, 10, 0, 0, 4, 1, 5, 1, 10, 10, 0, 1, 0, 10, 10, 10, 10, 0, 0, 10, 1, 1, 4, 0, 9, 1, 0, 10, 10, 0, 1, 1, 2, 10, 0, 5, 10, 1, 0, 0, 2, 10, 10, 0, 5, 0, 10, 10, 0, 1, 10, 0, 5, 10, 0, 5, 0, 10, 10, 9, 10, 10, 3, 10, 8, 10, 5, 4, 10, 10, 10]
[144, 10, 2, 1, 4, 1, 7, 1, 10, 0, 10, 0, 6, 10, 0, 9, 10, 0, 3, 0, 7, 6, 4, 6, 10, 1, 6, 10, 0, 7, 0, 10, 0, 0, 4, 1, 6, 1, 10, 10, 0, 1, 0, 10, 10, 10, 10, 0, 0, 10, 1, 1, 4, 0, 9, 1, 0, 10, 10, 0, 1, 1, 2, 10, 0, 6, 10, 1, 0, 0, 2, 10, 10, 0, 6, 0, 10, 10, 0, 1, 10, 0, 6, 10, 0, 5, 0, 10, 10, 9, 10, 10, 3, 10, 8, 10, 5, 4, 10, 10, 10]
[145, 10, 2, 1, 4, 1, 8, 1, 10, 0, 10, 0, 6, 10, 0, 9, 10, 0, 3, 0, 8, 6, 4, 6, 10, 1, 6, 10, 0, 8, 0, 10, 0, 0, 4, 1, 6, 1, 10, 10, 0, 1, 0, 10, 10, 10, 10, 0, 0, 10, 1, 1, 4, 0, 9, 1, 0, 10, 10, 0, 1, 1, 2, 10, 0, 6, 10, 1, 0, 0, 2, 10, 10, 0, 6, 0, 10, 10, 0, 1, 10, 0, 6, 10, 0, 5, 0, 10, 10, 9, 10, 10, 3, 10, 8, 10, 5, 4, 10, 10, 10]
[146, 10, 2, 1, 4, 1, 8, 1, 10, 0, 10, 0, 7, 10, 0, 9, 10, 0, 3, 0, 8, 7, 4, 7, 10, 1, 7, 10, 0, 8, 0, 10, 0, 0, 4, 1, 7, 1, 10, 10, 0, 1, 0, 10, 10, 10, 10, 0, 0, 10, 1, 1, 4, 0, 9, 1, 0, 10, 10, 0, 1, 1, 2, 10, 0, 7, 10, 1, 0, 0, 2, 10, 10, 0, 7, 0, 10, 10, 0, 1, 10, 0, 7, 10, 0, 5, 0, 10, 10, 9, 10, 10, 3, 10, 8, 10, 5, 4, 10, 10, 10]
[147, 10, 2, 1, 4, 1, 8, 1, 10, 0, 10, 0, 8, 10, 0, 9, 10, 0, 3, 0, 8, 8, 4, 7, 10, 1, 8, 10, 0, 8, 0, 10, 0, 0, 4, 1, 8, 1, 10, 10, 0, 1, 0, 10, 10, 10, 10, 0, 0, 10, 1, 1, 4, 0, 9, 1, 0, 10, 10, 0, 1, 1, 2, 10, 0, 8, 10, 1, 0, 0, 2, 10, 10, 0, 8, 0, 10, 10, 0, 1, 10, 0, 8, 10, 0, 5, 0, 10, 10, 9, 10, 10, 3, 10, 8, 10, 5, 4, 10, 10, 10]
[147, 10, 2, 2, 4, 1, 8, 1, 10, 0, 10, 0, 8, 10, 0, 9, 10, 0, 3, 0, 8, 8, 4, 7, 10, 1, 8, 10, 0, 8, 0, 10, 0, 0, 4, 2, 8, 1, 10, 10, 0, 2, 0, 10, 10, 10, 10, 0, 0, 10, 1, 1, 4, 0, 9, 2, 0, 10, 10, 0, 1, 2, 2, 10, 0, 8, 10, 2, 0, 0, 2, 10, 10, 0, 8, 0, 10, 10, 0, 2, 10, 0, 8, 10, 0, 5, 0, 10, 10, 9, 10, 10, 3, 10, 8, 10, 5, 4, 10, 10, 10]
[148, 10, 2, 2, 4, 1, 8, 2, 10, 0, 10, 0, 8, 10, 0, 9, 10, 0, 3, 0, 8, 8, 4, 7, 10, 2, 8, 10, 0, 8, 0, 10, 0, 0, 4, 2, 8, 2, 10, 10, 0, 2, 0, 10, 10, 10, 10, 0, 0, 10, 2, 2, 4, 0, 9, 2, 0, 10, 10, 0, 2, 2, 2, 10, 0, 8, 10, 2, 0, 0, 2, 10, 10, 0, 8, 0, 10, 10, 0, 2, 10, 0, 8, 10, 0, 5, 0, 10, 10, 9, 10, 10, 3, 10, 8, 10, 5, 4, 10, 10, 10]
[150, 10, 2, 2, 5, 1, 8, 2, 10, 0, 10, 0, 8, 10, 0, 9, 10, 0, 3, 0, 8, 8, 4, 7, 10, 2, 8, 10, 0, 8, 0, 10, 0, 0, 5, 2, 8, 2, 10, 10, 0, 2, 0, 10, 10, 10, 10, 0, 0, 10, 2, 2, 4, 0, 9, 2, 0, 10, 10, 0, 2, 2, 2, 10, 0, 8, 10, 2, 0, 0, 2, 10, 10, 0, 8, 0, 10, 10, 0, 2, 10, 0, 8, 10, 0, 5, 0, 10, 10, 9, 10, 10, 3, 10, 8, 10, 5, 5, 10, 10, 10]
[152, 10, 3, 3, 5, 1, 8, 3, 10, 0, 10, 0, 8, 10, 0, 9, 10, 0, 3, 0, 8, 8, 4, 7, 10, 3, 8, 10, 0, 8, 0, 10, 0, 0, 5, 2, 8, 3, 10, 10, 0, 2, 0, 10, 10, 10, 10, 0, 0, 10, 3, 3, 4, 0, 9, 3, 0, 10, 10, 0, 3, 3, 3, 10, 0, 8, 10, 2, 0, 0, 3, 10, 10, 0, 8, 0, 10, 10, 0, 3, 10, 0, 8, 10, 0, 5, 0, 10, 10, 9, 10, 10, 3, 10, 8, 10, 5, 5, 10, 10, 10]
[154, 10, 3, 4, 5, 1, 9, 3, 10, 0, 10, 0, 9, 10, 0, 9, 10, 0, 3, 0, 9, 8, 4, 7, 10, 4, 9, 10, 0, 8, 0, 10, 0, 0, 5, 2, 8, 3, 10, 10, 0, 2, 0, 10, 10, 10, 10, 0, 0, 10, 3, 3, 4, 0, 9, 4, 0, 10, 10, 0, 4, 4, 3, 10, 0, 9, 10, 2, 0, 0, 4, 10, 10, 0, 9, 0, 10, 10, 0, 4, 10, 0, 9, 10, 0, 5, 0, 10, 10, 9, 10, 10, 4, 10, 8, 10, 5, 5, 10, 10, 10]
[154, 10, 3, 5, 5, 1, 9, 3, 10, 0, 10, 0, 9, 10, 0, 9, 10, 0, 3, 0, 9, 8, 4, 7, 10, 4, 9, 10, 0, 8, 0, 10, 0, 0, 5, 2, 8, 3, 10, 10, 0, 2, 0, 10, 10, 10, 10, 0, 0, 10, 3, 3, 4, 0, 9, 5, 0, 10, 10, 0, 4, 5, 3, 10, 0, 9, 10, 2, 0, 0, 5, 10, 10, 0, 9, 0, 10, 10, 0, 5, 10, 0, 9, 10, 0, 5, 0, 10, 10, 9, 10, 10, 5, 10, 8, 10, 5, 5, 10, 10, 10]
[155, 10, 3, 5, 6, 1, 9, 3, 10, 0, 10, 0, 9, 10, 0, 9, 10, 0, 3, 0, 9, 8, 4, 7, 10, 4, 9, 10, 0, 8, 0, 10, 0, 0, 6, 2, 8, 3, 10, 10, 0, 2, 0, 10, 10, 10, 10, 0, 0, 10, 3, 3, 4, 0, 9, 6, 0, 10, 10, 0, 4, 5, 3, 10, 0, 9, 10, 2, 0, 0, 6, 10, 10, 0, 9, 0, 10, 10, 0, 6, 10, 0, 9, 10, 0, 6, 0, 10, 10, 9, 10, 10, 6, 10, 8, 10, 6, 6, 10, 10, 10]
[157, 10, 3, 5, 6, 1, 9, 3, 10, 1, 10, 0, 9, 10, 1, 9, 10, 1, 3, 0, 9, 8, 4, 7, 10, 4, 9, 10, 1, 8, 0, 10, 1, 0, 6, 2, 8, 3, 10, 10, 1, 2, 0, 10, 10, 10, 10, 0, 1, 10, 3, 3, 4, 0, 9, 6, 1, 10, 10, 1, 4, 5, 3, 10, 1, 9, 10, 2, 1, 0, 6, 10, 10, 1, 9, 1, 10, 10, 1, 6, 10, 1, 9, 10, 1, 6, 1, 10, 10, 9, 10, 10, 6, 10, 8, 10, 6, 6, 10, 10, 10]
[158, 10, 3, 5, 6, 2, 9, 3, 10, 2, 10, 0, 9, 10, 2, 9, 10, 1, 3, 0, 9, 8, 4, 7, 10, 4, 9, 10, 2, 8, 0, 10, 1, 0, 6, 2, 8, 3, 10, 10, 2, 2, 0, 10, 10, 10, 10, 0, 2, 10, 3, 3, 4, 0, 9, 6, 2, 10, 10, 2, 4, 5, 3, 10, 2, 9, 10, 2, 2, 0, 6, 10, 10, 1, 9, 1, 10, 10, 2, 6, 10, 2, 9, 10, 2, 6, 1, 10, 10, 9, 10, 10, 6, 10, 8, 10, 6, 6, 10, 10, 10]
[159, 10, 4, 5, 7, 2, 9, 4, 10, 2, 10, 0, 9, 10, 2, 9, 10, 1, 3, 0, 9, 8, 4, 7, 10, 4, 9, 10, 2, 8, 0, 10, 1, 0, 6, 2, 8, 4, 10, 10, 2, 2, 0, 10, 10, 10, 10, 0, 2, 10, 4, 4, 4, 0, 9, 7, 2, 10, 10, 2, 4, 5, 4, 10, 2, 9, 10, 2, 2, 0, 6, 10, 10, 1, 9, 1, 10, 10, 2, 6, 10, 2, 9, 10, 2, 7, 1, 10, 10, 9, 10, 10, 7, 10, 8, 10, 7, 6, 10, 10, 10]
[160, 10, 4, 5, 7, 2, 9, 4, 10, 2, 10, 0, 9, 10, 2, 10, 10, 1, 3, 0, 9, 8, 4, 7, 10, 4, 9, 10, 2, 8, 0, 10, 1, 0, 6, 2, 8, 4, 10, 10, 2, 2, 0, 10, 10, 10, 10, 0, 2, 10, 4, 4, 4, 0, 9, 7, 2, 10, 10, 2, 4, 5, 4, 10, 2, 9, 10, 2, 2, 0, 6, 10, 10, 1, 9, 1, 10, 10, 2, 6, 10, 2, 9, 10, 2, 7, 1, 10, 10, 10, 10, 10, 7, 10, 8, 10, 7, 6, 10, 10, 10]
[161, 10, 4, 5, 7, 2, 9, 4, 10, 2, 10, 0, 9, 10, 3, 10, 10, 1, 3, 0, 9, 8, 4, 7, 10, 4, 9, 10, 3, 8, 0, 10, 1, 0, 6, 2, 8, 4, 10, 10, 3, 2, 0, 10, 10, 10, 10, 0, 3, 10, 4, 4, 4, 0, 9, 7, 3, 10, 10, 3, 4, 5, 4, 10, 3, 9, 10, 3, 3, 0, 6, 10, 10, 1, 9, 1, 10, 10, 3, 6, 10, 2, 9, 10, 3, 7, 1, 10, 10, 10, 10, 10, 7, 10, 8, 10, 7, 6, 10, 10, 10]
[162, 10, 4, 5, 7, 2, 9, 4, 10, 2, 10, 0, 9, 10, 4, 10, 10, 1, 3, 0, 9, 8, 4, 7, 10, 4, 9, 10, 3, 8, 0, 10, 1, 0, 6, 2, 8, 4, 10, 10, 4, 2, 0, 10, 10, 10, 10, 0, 3, 10, 4, 4, 4, 0, 9, 7, 4, 10, 10, 4, 4, 5, 4, 10, 3, 9, 10, 4, 3, 0, 6, 10, 10, 1, 9, 1, 10, 10, 4, 6, 10, 2, 9, 10, 4, 7, 1, 10, 10, 10, 10, 10, 7, 10, 8, 10, 7, 6, 10, 10, 10]
[164, 10, 4, 5, 7, 2, 9, 4, 10, 2, 10, 1, 9, 10, 4, 10, 10, 1, 3, 1, 9, 8, 4, 7, 10, 4, 9, 10, 3, 8, 1, 10, 1, 0, 6, 2, 8, 4, 10, 10, 4, 2, 1, 10, 10, 10, 10, 1, 3, 10, 4, 4, 4, 1, 9, 7, 4, 10, 10, 4, 4, 5, 4, 10, 3, 9, 10, 4, 3, 1, 6, 10, 10, 1, 9, 1, 10, 10, 4, 6, 10, 2, 9, 10, 4, 7, 1, 10, 10, 10, 10, 10, 7, 10, 8, 10, 7, 6, 10, 10, 10]
[165, 10, 4, 5, 7, 2, 9, 4, 10, 2, 10, 1, 9, 10, 4, 10, 10, 1, 3, 1, 9, 8, 4, 7, 10, 5, 9, 10, 3, 8, 1, 10, 1, 0, 6, 2, 8, 5, 10, 10, 4, 2, 1, 10, 10, 10, 10, 1, 4, 10, 5, 5, 4, 1, 9, 7, 4, 10, 10, 4, 5, 5, 5, 10, 3, 9, 10, 5, 4, 1, 6, 10, 10, 1, 9, 1, 10, 10, 4, 6, 10, 2, 9, 10, 4, 7, 1, 10, 10, 10, 10, 10, 7, 10, 8, 10, 7, 6, 10, 10, 10]
[166, 10, 4, 5, 7, 2, 9, 4, 10, 2, 10, 2, 9, 10, 5, 10, 10, 1, 3, 1, 9, 8, 4, 7, 10, 5, 9, 10, 3, 8, 2, 10, 1, 0, 6, 2, 8, 5, 10, 10, 5, 2, 1, 10, 10, 10, 10, 2, 5, 10, 5, 5, 4, 2, 9, 7, 5, 10, 10, 5, 5, 5, 5, 10, 3, 9, 10, 5, 5, 2, 6, 10, 10, 2, 9, 2, 10, 10, 5, 6, 10, 2, 9, 10, 5, 7, 1, 10, 10, 10, 10, 10, 7, 10, 8, 10, 7, 6, 10, 10, 10]
[166, 10, 4, 6, 7, 2, 9, 4, 10, 2, 10, 2, 9, 10, 6, 10, 10, 1, 3, 1, 9, 8, 4, 7, 10, 5, 9, 10, 4, 8, 2, 10, 1, 0, 6, 2, 8, 6, 10, 10, 5, 2, 1, 10, 10, 10, 10, 2, 6, 10, 6, 6, 4, 2, 9, 7, 5, 10, 10, 6, 5, 6, 6, 10, 4, 9, 10, 6, 6, 2, 6, 10, 10, 2, 9, 2, 10, 10, 6, 6, 10, 2, 9, 10, 5, 7, 1, 10, 10, 10, 10, 10, 7, 10, 8, 10, 7, 6, 10, 10, 10]
[168, 10, 4, 7, 7, 2, 9, 4, 10, 2, 10, 2, 9, 10, 7, 10, 10, 1, 3, 1, 9, 8, 4, 7, 10, 5, 9, 10, 4, 8, 2, 10, 1, 0, 6, 2, 8, 7, 10, 10, 5, 2, 1, 10, 10, 10, 10, 2, 6, 10, 6, 7, 4, 2, 9, 7, 5, 10, 10, 6, 5, 7, 7, 10, 4, 9, 10, 7, 6, 2, 7, 10, 10, 2, 9, 2, 10, 10, 6, 7, 10, 2, 9, 10, 5, 7, 1, 10, 10, 10, 10, 10, 7, 10, 8, 10, 7, 6, 10, 10, 10]
[171, 10, 4, 9, 7, 2, 9, 4, 10, 2, 10, 2, 9, 10, 8, 10, 10, 1, 3, 1, 9, 8, 4, 7, 10, 5, 9, 10, 4, 8, 2, 10, 1, 0, 6, 2, 8, 7, 10, 10, 5, 2, 1, 10, 10, 10, 10, 2, 6, 10, 6, 7, 4, 2, 9, 8, 5, 10, 10, 9, 5, 9, 7, 10, 4, 9, 10, 9, 7, 2, 7, 10, 10, 2, 9, 2, 10, 10, 6, 8, 10, 2, 9, 10, 5, 7, 1, 10, 10, 10, 10, 10, 8, 10, 8, 10, 7, 6, 10, 10, 10]
[172, 10, 4, 9, 7, 2, 9, 4, 10, 2, 10, 2, 9, 10, 9, 10, 10, 1, 3, 1, 9, 8, 4, 7, 10, 5, 9, 10, 4, 8, 2, 10, 1, 0, 6, 2, 8, 7, 10, 10, 5, 2, 1, 10, 10, 10, 10, 2, 6, 10, 6, 7, 4, 2, 9, 8, 5, 10, 10, 9, 5, 9, 7, 10, 4, 9, 10, 9, 7, 2, 7, 10, 10, 2, 9, 2, 10, 10, 6, 8, 10, 2, 9, 10, 5, 7, 1, 10, 10, 10, 10, 10, 9, 10, 8, 10, 7, 6, 10, 10, 10]
[172, 10, 4, 9, 7, 2, 9, 4, 10, 2, 10, 2, 9, 10, 9, 10, 10, 2, 3, 1, 9, 8, 4, 7, 10, 5, 9, 10, 5, 8, 2, 10, 1, 0, 6, 2, 8, 7, 10, 10, 5, 2, 2, 10, 10, 10, 10, 2, 6, 10, 6, 7, 4, 2, 9, 8, 5, 10, 10, 9, 5, 9, 7, 10, 5, 9, 10, 9, 7, 2, 7, 10, 10, 2, 9, 2, 10, 10, 6, 8, 10, 2, 9, 10, 5, 7, 2, 10, 10, 10, 10, 10, 9, 10, 8, 10, 7, 6, 10, 10, 10]
[173, 10, 4, 9, 7, 2, 9, 4, 10, 3, 10, 2, 9, 10, 9, 10, 10, 3, 3, 1, 9, 8, 4, 7, 10, 5, 9, 10, 5, 8, 2, 10, 1, 0, 6, 3, 8, 7, 10, 10, 5, 3, 2, 10, 10, 10, 10, 3, 6, 10, 6, 7, 4, 3, 9, 8, 5, 10, 10, 9, 5, 9, 7, 10, 5, 9, 10, 9, 7, 3, 7, 10, 10, 3, 9, 3, 10, 10, 6, 8, 10, 3, 9, 10, 5, 7, 3, 10, 10, 10, 10, 10, 9, 10, 8, 10, 7, 6, 10, 10, 10]
[175, 10, 4, 9, 7, 2, 9, 4, 10, 3, 10, 3, 9, 10, 9, 10, 10, 3, 3, 1, 9, 8, 4, 7, 10, 5, 9, 10, 5, 8, 2, 10, 1, 0, 6, 3, 8, 7, 10, 10, 5, 3, 3, 10, 10, 10, 10, 3, 6, 10, 6, 7, 4, 3, 9, 8, 5, 10, 10, 9, 5, 9, 7, 10, 5, 9, 10, 9, 7, 3, 7, 10, 10, 3, 9, 3, 10, 10, 6, 8, 10, 3, 9, 10, 5, 7, 3, 10, 10, 10, 10, 10, 9, 10, 8, 10, 7, 6, 10, 10, 10]
[175, 10, 4, 9, 7, 2, 9, 4, 10, 4, 10, 4, 9, 10, 9, 10, 10, 4, 3, 1, 9, 8, 4, 7, 10, 5, 9, 10, 5, 8, 2, 10, 1, 0, 6, 3, 8, 7, 10, 10, 5, 3, 4, 10, 10, 10, 10, 4, 6, 10, 6, 7, 4, 3, 9, 8, 5, 10, 10, 9, 5, 9, 7, 10, 5, 9, 10, 9, 7, 4, 7, 10, 10, 3, 9, 4, 10, 10, 6, 8, 10, 4, 9, 10, 5, 7, 3, 10, 10, 10, 10, 10, 9, 10, 8, 10, 7, 6, 10, 10, 10]
[176, 10, 4, 9, 7, 2, 9, 4, 10, 4, 10, 4, 9, 10, 9, 10, 10, 4, 3, 1, 9, 8, 4, 7, 10, 5, 9, 10, 5, 8, 2, 10, 1, 0, 6, 3, 8, 8, 10, 10, 5, 3, 4, 10, 10, 10, 10, 4, 6, 10, 6, 7, 4, 3, 9, 8, 5, 10, 10, 9, 5, 9, 7, 10, 5, 9, 10, 9, 8, 4, 7, 10, 10, 3, 9, 4, 10, 10, 6, 8, 10, 4, 9, 10, 5, 8, 3, 10, 10, 10, 10, 10, 9, 10, 8, 10, 7, 6, 10, 10, 10]
[177, 10, 4, 9, 7, 2, 9, 4, 10, 4, 10, 4, 9, 10, 9, 10, 10, 4, 3, 1, 9, 8, 4, 7, 10, 5, 9, 10, 5, 8, 2, 10, 1, 0, 6, 4, 8, 8, 10, 10, 5, 4, 4, 10, 10, 10, 10, 4, 6, 10, 6, 7, 4, 4, 9, 8, 5, 10, 10, 9, 5, 9, 7, 10, 5, 9, 10, 9, 8, 4, 7, 10, 10, 3, 9, 4, 10, 10, 6, 8, 10, 4, 9, 10, 5, 8, 4, 10, 10, 10, 10, 10, 9, 10, 8, 10, 7, 6, 10, 10, 10]
[178, 10, 4, 9, 7, 2, 9, 4, 10, 5, 10, 5, 9, 10, 9, 10, 10, 5, 3, 1, 9, 8, 4, 7, 10, 5, 9, 10, 5, 8, 2, 10, 1, 0, 6, 4, 8, 8, 10, 10, 5, 4, 4, 10, 10, 10, 10, 5, 6, 10, 6, 7, 4, 5, 9, 8, 5, 10, 10, 9, 5, 9, 7, 10, 5, 9, 10, 9, 8, 5, 7, 10, 10, 3, 9, 5, 10, 10, 6, 8, 10, 5, 9, 10, 5, 8, 5, 10, 10, 10, 10, 10, 9, 10, 8, 10, 7, 6, 10, 10, 10]
[179, 10, 4, 9, 7, 2, 9, 4, 10, 5, 10, 5, 9, 10, 9, 10, 10, 5, 3, 2, 9, 8, 4, 7, 10, 5, 9, 10, 5, 8, 2, 10, 2, 0, 6, 4, 8, 8, 10, 10, 5, 4, 4, 10, 10, 10, 10, 5, 6, 10, 6, 7, 4, 5, 9, 8, 5, 10, 10, 9, 5, 9, 7, 10, 5, 9, 10, 9, 8, 5, 7, 10, 10, 3, 9, 5, 10, 10, 6, 8, 10, 5, 9, 10, 5, 8, 5, 10, 10, 10, 10, 10, 9, 10, 8, 10, 7, 6, 10, 10, 10]
[182, 10, 4, 9, 7, 2, 9, 4, 10, 5, 10, 5, 9, 10, 10, 10, 10, 5, 3, 2, 9, 8, 4, 7, 10, 5, 9, 10, 5, 8, 2, 10, 2, 0, 6, 4, 8, 8, 10, 10, 5, 4, 4, 10, 10, 10, 10, 5, 6, 10, 6, 7, 4, 5, 10, 8, 5, 10, 10, 10, 5, 10, 7, 10, 5, 9, 10, 10, 8, 5, 7, 10, 10, 3, 9, 5, 10, 10, 6, 8, 10, 5, 9, 10, 5, 8, 5, 10, 10, 10, 10, 10, 10, 10, 8, 10, 7, 6, 10, 10, 10]
[182, 10, 4, 9, 7, 2, 9, 4, 10, 5, 10, 5, 9, 10, 10, 10, 10, 6, 3, 2, 9, 8, 4, 7, 10, 5, 9, 10, 6, 8, 2, 10, 2, 0, 6, 4, 8, 8, 10, 10, 6, 4, 4, 10, 10, 10, 10, 6, 6, 10, 6, 7, 4, 6, 10, 9, 6, 10, 10, 10, 5, 10, 7, 10, 6, 9, 10, 10, 9, 6, 7, 10, 10, 3, 9, 6, 10, 10, 6, 9, 10, 6, 9, 10, 5, 8, 6, 10, 10, 10, 10, 10, 10, 10, 8, 10, 7, 6, 10, 10, 10]
[186, 10, 4, 9, 7, 2, 9, 4, 10, 5, 10, 5, 9, 10, 10, 10, 10, 7, 3, 2, 9, 8, 4, 7, 10, 5, 9, 10, 6, 8, 2, 10, 2, 0, 6, 4, 8, 8, 10, 10, 6, 4, 4, 10, 10, 10, 10, 6, 7, 10, 6, 7, 4, 6, 10, 9, 6, 10, 10, 10, 5, 10, 7, 10, 7, 9, 10, 10, 9, 6, 7, 10, 10, 3, 9, 7, 10, 10, 6, 9, 10, 7, 9, 10, 5, 8, 6, 10, 10, 10, 10, 10, 10, 10, 8, 10, 7, 6, 10, 10, 10]
[189, 10, 4, 9, 7, 2, 9, 4, 10, 5, 10, 5, 9, 10, 10, 10, 10, 7, 3, 2, 9, 8, 4, 7, 10, 5, 9, 10, 6, 8, 2, 10, 2, 0, 6, 4, 8, 8, 10, 10, 6, 4, 4, 10, 10, 10, 10, 6, 7, 10, 6, 7, 4, 6, 10, 9, 6, 10, 10, 10, 5, 10, 7, 10, 7, 9, 10, 10, 9, 6, 7, 10, 10, 3, 9, 7, 10, 10, 6, 9, 10, 7, 9, 10, 5, 9, 6, 10, 10, 10, 10, 10, 10, 10, 9, 10, 7, 6, 10, 10, 10]
[191, 10, 4, 9, 7, 2, 9, 4, 10, 6, 10, 6, 9, 10, 10, 10, 10, 7, 3, 2, 9, 8, 4, 7, 10, 5, 9, 10, 6, 8, 2, 10, 2, 0, 6, 4, 8, 8, 10, 10, 6, 4, 4, 10, 10, 10, 10, 6, 7, 10, 6, 7, 4, 6, 10, 9, 6, 10, 10, 10, 5, 10, 7, 10, 7, 9, 10, 10, 9, 6, 7, 10, 10, 3, 9, 7, 10, 10, 6, 9, 10, 7, 9, 10, 5, 9, 6, 10, 10, 10, 10, 10, 10, 10, 9, 10, 7, 6, 10, 10, 10]
