[1, 0, 0, 0, 0, 0, 0, 0, 0, 0, 0, 0, 0, 1, 0, 0, 0, 0, 0, 0, 0, 0, 0, 0, 0, 0, 0, 0, 0, 0, 0, 0, 0, 0, 0, 0, 0, 0, 1, 1, 0, 0, 0, 0, 0, 0, 0, 0, 0, 0, 0, 0, 0, 0, 0, 0, 0, 1, 1, 0, 0, 0, 0, 0, 0, 0, 0, 0, 0, 0, 0, 0, 0, 0, 0, 0, 1, 0, 0, 0, 0, 0, 0, 0, 0, 0, 0, 0, 0, 0, 1, 0, 0, 0, 1, 0, 0, 0, 0, 0, 0]
[2, 0, 0, 0, 0, 0, 0, 0, 0, 0, 0, 0, 0, 2, 0, 0, 0, 0, 0, 0, 0, 0, 0, 0, 0, 0, 0, 0, 0, 0, 0, 0, 0, 0, 0, 0, 0, 0, 2, 2, 0, 0, 0, 0, 0, 0, 0, 0, 0, 0, 0, 0, 0, 0, 0, 0, 0, 1, 2, 0, 0, 0, 0, 0, 0, 0, 0, 0, 0, 0, 0, 0, 0, 0, 0, 0, 1, 0, 0, 0, 0, 0, 0, 0, 0, 0, 0, 0, 0, 0, 2, 0, 0, 0, 1, 0, 0, 0, 0, 0, 0]
[3, 0, 0, 0, 0, 0, 0, 0, 0, 0, 0, 0, 0, 2, 0, 0, 0, 0, 0, 0, 0, 0, 0, 0, 0, 0, 0, 0, 0, 0, 0, 0, 0, 0, 0, 0, 0, 0, 3, 2, 0, 0, 0, 0, 0, 0, 0, 0, 0, 0, 0, 0, 0, 0, 0, 0, 0, 1, 3, 0, 0, 0, 0, 0, 0, 0, 0, 0, 0, 0, 0, 0, 0, 0, 0, 0, 1, 0, 0, 0, 0, 0, 0, 0, 0, 0, 0, 0, 0, 0, 3, 0, 0, 0, 1, 0, 0, 0, 0, 0, 0]
[4, 0, 0, 0, 0, 0, 0, 0, 0, 0, 0, 0, 0, 2, 0, 0, 0, 0, 0, 0, 0, 0, 0, 0, 0, 0, 0, 0, 0, 0, 0, 0, 0, 0, 0, 0, 0, 0, 4, 2, 0, 0, 0, 0, 0, 0, 0, 0, 0, 0, 0, 0, 0, 0, 0, 0, 0, 1, 3, 0, 0, 0, 0, 0, 0, 0, 0, 0, 0, 0, 0, 0, 0, 0, 0, 0, 1, 0, 0, 0, 0, 0, 0, 0, 0, 0, 0, 0, 0, 0, 4, 0, 0, 0, 1, 0, 0, 0, 0, 0, 0]
[5, 0, 0, 0, 0, 0, 0, 0, 0, 0, 0, 0, 0, 2, 0, 0, 0, 0, 0, 0, 0, 0, 0, 0, 0, 0, 0, 0, 0, 0, 0, 0, 0, 0, 0, 0, 0, 0, 5, 2, 0, 0, 0, 0, 0, 0, 0, 0, 0, 0, 0, 0, 0, 0, 0, 0, 0, 1, 3, 0, 0, 0, 0, 0, 0, 0, 0, 0, 0, 0, 0, 0, 0, 0, 0, 0, 1, 0, 0, 0, 0, 0, 0, 0, 0, 0, 0, 0, 0, 0, 4, 0, 0, 0, 1, 0, 0, 0, 0, 0, 0]
[6, 0, 0, 0, 0, 0, 0, 0, 0, 0, 0, 0, 0, 2, 0, 0, 0, 0, 0, 0, 0, 0, 0, 0, 0, 0, 0, 0, 0, 0, 0, 0, 0, 0, 0, 0, 0, 0, 6, 2, 0, 0, 0, 0, 0, 0, 0, 0, 0, 0, 0, 0, 0, 0, 0, 0, 0, 1, 3, 0, 0, 0, 0, 0, 0, 0, 0, 0, 0, 0, 0, 0, 0, 0, 0, 0, 1, 0, 0, 0, 0, 0, 0, 0, 0, 0, 0, 0, 0, 0, 4, 0, 0, 0, 1, 0, 0, 0, 0, 0, 0]
[7, 0, 0, 0, 0, 0, 0, 0, 0, 0, 0, 0, 0, 2, 0, 0, 0, 0, 0, 0, 0, 0, 0, 0, 0, 0, 0, 0, 0, 0, 0, 0, 0, 0, 0, 0, 0, 0, 7, 2, 0, 0, 0, 0, 0, 0, 0, 0, 0, 0, 0, 0, 0, 0, 0, 0, 0, 1, 3, 0, 0, 0, 0, 0, 0, 0, 0, 0, 0, 0, 0, 0, 0, 0, 0, 0, 1, 0, 0, 0, 0, 0, 0, 0, 0, 0, 0, 0, 0, 0, 4, 0, 0, 0, 1, 0, 0, 0, 0, 0, 0]
[8, 0, 0, 0, 0, 0, 0, 0, 0, 0, 0, 0, 0, 2, 0, 0, 0, 0, 0, 0, 0, 0, 0, 0, 0, 0, 0, 0, 0, 0, 0, 0, 0, 0, 0, 0, 0, 0, 8, 2, 0, 0, 0, 0, 0, 0, 0, 0, 0, 0, 0, 0, 0, 0, 0, 0, 0, 1, 3, 0, 0, 0, 0, 0, 0, 0, 0, 0, 0, 0, 0, 0, 0, 0, 0, 0, 1, 0, 0, 0, 0, 0, 0, 0, 0, 0, 0, 0, 0, 0, 4, 0, 0, 0, 1, 0, 0, 0, 0, 0, 0]
[9, 0, 0, 0, 0, 0, 0, 0, 0, 0, 0, 0, 0, 2, 0, 0, 0, 0, 0, 0, 0, 0, 0, 0, 0, 0, 0, 0, 0, 0, 0, 0, 0, 0, 0, 0, 0, 0, 9, 2, 0, 0, 0, 0, 0, 0, 0, 0, 0, 0, 0, 0, 0, 0, 0, 0, 0, 1, 3, 0, 0, 0, 0, 0, 0, 0, 0, 0, 0, 0, 0, 0, 0, 0, 0, 0, 1, 0, 0, 0, 0, 0, 0, 0, 0, 0, 0, 0, 0, 0, 4, 0, 0, 0, 1, 0, 0, 0, 0, 0, 0]
[10, 0, 0, 0, 0, 0, 0, 0, 0, 0, 0, 0, 0, 2, 0, 0, 0, 0, 0, 0, 0, 0, 0, 0, 0, 0, 0, 0, 0, 0, 0, 0, 0, 0, 0, 0, 0, 0, 10, 2, 0, 0, 0, 0, 0, 0, 0, 0, 0, 0, 0, 0, 0, 0, 0, 0, 0, 1, 3, 0, 0, 0, 0, 0, 0, 0, 0, 0, 0, 0, 0, 0, 0, 0, 0, 0, 1, 0, 0, 0, 0, 0, 0, 0, 0, 0, 0, 0, 0, 0, 4, 0, 0, 0, 1, 0, 0, 0, 0, 0, 0]
[11, 0, 0, 0, 0, 0, 0, 0, 0, 0, 0, 0, 0, 2, 0, 1, 1, 0, 0, 0, 0, 0, 0, 0, 0, 0, 0, 1, 0, 0, 0, 0, 0, 0, 0, 0, 0, 0, 10, 2, 0, 0, 0, 1, 1, 0, 0, 0, 0, 0, 0, 0, 0, 0, 0, 0, 0, 1, 3, 0, 0, 0, 0, 0, 0, 0, 0, 0, 0, 0, 0, 1, 0, 0, 0, 0, 1, 0, 0, 0, 0, 0, 0, 0, 0, 0, 0, 0, 0, 1, 4, 0, 0, 1, 1, 0, 0, 0, 0, 0, 1]
[12, 0, 0, 0, 0, 0, 0, 0, 0, 0, 0, 0, 0, 2, 0, 2, 2, 0, 0, 0, 0, 0, 0, 0, 0, 0, 0, 2, 0, 0, 0, 0, 0, 0, 0, 0, 0, 0, 10, 2, 0, 0, 0, 1, 1, 0, 0, 0, 0, 0, 0, 0, 0, 0, 0, 0, 0, 2, 3, 0, 0, 0, 0, 0, 0, 0, 0, 0, 0, 0, 0, 1, 0, 0, 0, 0, 1, 0, 0, 0, 0, 0, 0, 0, 0, 0, 0, 0, 0, 2, 4, 0, 0, 1, 2, 0, 0, 0, 0, 0, 2]
[13, 0, 0, 0, 0, 0, 0, 0, 0, 0, 0, 0, 0, 3, 0, 3, 3, 0, 0, 0, 0, 0, 0, 0, 0, 0, 0, 3, 0, 0, 0, 0, 0, 0, 0, 0, 0, 0, 10, 3, 0, 0, 0, 1, 1, 0, 0, 0, 0, 0, 0, 0, 0, 0, 0, 0, 0, 3, 3, 0, 0, 0, 0, 0, 0, 0, 0, 0, 0, 0, 0, 1, 0, 0, 0, 0, 1, 0, 0, 0, 0, 0, 0, 0, 0, 0, 0, 0, 0, 3, 4, 0, 0, 1, 3, 0, 0, 0, 0, 0, 3]
[14, 0, 0, 0, 0, 0, 0, 0, 0, 0, 0, 0, 0, 4, 0, 4, 4, 0, 0, 0, 0, 0, 0, 0, 0, 0, 0, 4, 0, 0, 0, 0, 0, 0, 0, 0, 0, 0, 10, 4, 0, 0, 0, 1, 1, 0, 0, 0, 0, 0, 0, 0, 0, 0, 0, 0, 0, 4, 4, 0, 0, 0, 0, 0, 0, 0, 0, 0, 0, 0, 0, 1, 0, 0, 0, 0, 1, 0, 0, 0, 0, 0, 0, 0, 0, 0, 0, 0, 0, 4, 4, 0, 0, 1, 4, 0, 0, 0, 0, 0, 4]
[15, 0, 0, 0, 0, 0, 0, 0, 0, 0, 0, 0, 0, 5, 0, 5, 5, 0, 0, 0, 0, 0, 0, 0, 0, 0, 0, 5, 0, 0, 0, 0, 0, 0, 0, 0, 0, 0, 10, 5, 0, 0, 0, 1, 1, 0, 0, 0, 0, 0, 0, 0, 0, 0, 0, 0, 0, 5, 5, 0, 0, 0, 0, 0, 0, 0, 0, 0, 0, 0, 0, 1, 0, 0, 0, 0, 1, 0, 0, 0, 0, 0, 0, 0, 0, 0, 0, 0, 0, 5, 5, 0, 0, 1, 5, 0, 0, 0, 0, 0, 5]
[16, 0, 0, 0, 0, 0, 0, 0, 0, 0, 0, 0, 0, 6, 0, 6, 6, 0, 0, 0, 0, 0, 0, 0, 0, 0, 0, 6, 0, 0, 0, 0, 0, 0, 0, 0, 0, 0, 10, 6, 0, 0, 0, 1, 1, 0, 0, 0, 0, 0, 0, 0, 0, 0, 0, 0, 0, 6, 6, 0, 0, 0, 0, 0, 0, 0, 0, 0, 0, 0, 0, 1, 0, 0, 0, 0, 1, 0, 0, 0, 0, 0, 0, 0, 0, 0, 0, 0, 0, 6, 6, 0, 0, 1, 6, 0, 0, 0, 0, 0, 6]
[17, 0, 0, 0, 0, 0, 0, 0, 0, 0, 0, 0, 0, 7, 0, 7, 7, 0, 0, 0, 0, 0, 0, 0, 0, 0, 0, 7, 0, 0, 0, 0, 0, 0, 0, 0, 0, 0, 10, 7, 0, 0, 0, 1, 1, 0, 0, 0, 0, 0, 0, 0, 0, 0, 0, 0, 0, 7, 7, 0, 0, 0, 0, 0, 0, 0, 0, 0, 0, 0, 0, 1, 0, 0, 0, 0, 1, 0, 0, 0, 0, 0, 0, 0, 0, 0, 0, 0, 0, 7, 7, 0, 0, 1, 6, 0, 0, 0, 0, 0, 7]
[18, 0, 0, 0, 0, 0, 0, 0, 0, 0, 0, 0, 0, 8, 0, 8, 8, 0, 0, 0, 0, 0, 0, 0, 0, 0, 0, 8, 0, 0, 0, 0, 0, 0, 0, 0, 0, 0, 10, 8, 0, 0, 0, 1, 1, 0, 0, 0, 0, 0, 0, 0, 0, 0, 0, 0, 0, 8, 8, 0, 0, 0, 0, 0, 0, 0, 0, 0, 0, 0, 0, 1, 0, 0, 0, 0, 1, 0, 0, 0, 0, 0, 0, 0, 0, 0, 0, 0, 0, 8, 8, 0, 0, 1, 6, 0, 0, 0, 0, 0, 8]
[19, 0, 0, 0, 0, 0, 0, 0, 0, 0, 0, 0, 0, 9, 0, 9, 9, 0, 0, 0, 0, 0, 0, 0, 0, 0, 0, 9, 0, 0, 0, 0, 0, 0, 0, 0, 0, 0, 10, 9, 0, 0, 0, 1, 1, 0, 0, 0, 0, 0, 0, 0, 0, 0, 0, 0, 0, 8, 9, 0, 0, 0, 0, 0, 0, 0, 0, 0, 0, 0, 0, 1, 0, 0, 0, 0, 1, 0, 0, 0, 0, 0, 0, 0, 0, 0, 0, 0, 0, 9, 9, 0, 0, 1, 6, 0, 0, 0, 0, 0, 9]
[20, 0, 0, 0, 0, 0, 0, 0, 0, 0, 0, 0, 0, 10, 0, 10, 10, 0, 0, 0, 0, 0, 0, 0, 0, 0, 0, 10, 0, 0, 0, 0, 0, 0, 0, 0, 0, 0, 10, 10, 0, 0, 0, 1, 1, 0, 0, 0, 0, 0, 0, 0, 0, 0, 0, 0, 0, 8, 10, 0, 0, 0, 0, 0, 0, 0, 0, 0, 0, 0, 0, 1, 0, 0, 0, 0, 1, 0, 0, 0, 0, 0, 0, 0, 0, 0, 0, 0, 0, 10, 10, 0, 0, 1, 6, 0, 0, 0, 0, 0, 9]
[21, 1, 0, 0, 0, 0, 0, 0, 1, 0, 0, 0, 0, 10, 0, 10, 10, 0, 0, 0, 0, 0, 0, 0, 0, 0, 0, 10, 0, 0, 0, 1, 0, 0, 0, 0, 0, 0, 10, 10, 0, 0, 0, 1, 1, 0, 0, 0, 0, 0, 0, 0, 0, 0, 0, 0, 0, 8, 10, 0, 0, 0, 0, 1, 0, 0, 0, 0, 0, 0, 0, 1, 1, 0, 0, 0, 1, 0, 0, 0, 0, 0, 0, 0, 0, 1, 0, 0, 0, 10, 10, 1, 0, 1, 6, 0, 0, 0, 1, 1, 9]
[22, 1, 0, 0, 0, 0, 0, 0, 2, 0, 0, 0, 0, 10, 0, 10, 10, 0, 0, 0, 0, 0, 0, 0, 0, 0, 0, 10, 0, 0, 0, 1, 0, 0, 0, 0, 0, 0, 10, 10, 0, 0, 0, 2, 2, 0, 0, 0, 0, 0, 0, 0, 0, 0, 0, 0, 0, 8, 10, 0, 0, 0, 0, 2, 0, 0, 0, 0, 0, 0, 0, 2, 2, 0, 0, 0, 2, 0, 0, 0, 0, 0, 0, 0, 0, 1, 0, 0, 0, 10, 10, 2, 0, 2, 6, 0, 0, 0, 2, 1, 9]
[23, 1, 0, 0, 0, 0, 0, 0, 2, 0, 0, 0, 0, 10, 0, 10, 10, 0, 0, 0, 0, 0, 0, 0, 0, 0, 0, 10, 0, 0, 0, 1, 0, 0, 0, 0, 0, 0, 10, 10, 0, 0, 0, 3, 2, 0, 0, 0, 0, 0, 0, 0, 0, 0, 0, 0, 0, 8, 10, 0, 0, 0, 0, 3, 0, 0, 0, 0, 0, 0, 0, 3, 3, 0, 0, 0, 2, 0, 0, 0, 0, 0, 0, 0, 0, 1, 0, 0, 0, 10, 10, 3, 0, 3, 6, 0, 0, 0, 3, 1, 9]
[24, 1, 0, 0, 0, 0, 0, 0, 2, 0, 0, 0, 0, 10, 0, 10, 10, 0, 0, 0, 0, 0, 0, 0, 0, 0, 0, 10, 0, 0, 0, 1, 0, 0, 0, 0, 0, 0, 10, 10, 0, 0, 0, 4, 2, 0, 0, 0, 0, 0, 0, 0, 0, 0, 0, 0, 0, 8, 10, 0, 0, 0, 0, 4, 0, 0, 0, 0, 0, 0, 0, 4, 4, 0, 0, 0, 2, 0, 0, 0, 0, 0, 0, 0, 0, 1, 0, 0, 0, 10, 10, 4, 0, 4, 6, 0, 0, 0, 4, 1, 9]
[25, 1, 0, 0, 0, 0, 0, 0, 2, 0, 0, 0, 0, 10, 0, 10, 10, 0, 0, 0, 0, 0, 0, 0, 0, 0, 0, 10, 0, 0, 0, 1, 0, 0, 0, 0, 0, 0, 10, 10, 0, 0, 0, 5, 2, 0, 0, 0, 0, 0, 0, 0, 0, 0, 0, 0, 0, 8, 10, 0, 0, 0, 0, 5, 0, 0, 0, 0, 0, 0, 0, 5, 5, 0, 0, 0, 2, 0, 0, 0, 0, 0, 0, 0, 0, 1, 0, 0, 0, 10, 10, 5, 0, 5, 6, 0, 0, 0, 5, 1, 9]
[26, 1, 0, 0, 0, 0, 0, 0, 2, 0, 0, 0, 0, 10, 0, 10, 10, 0, 0, 0, 0, 0, 0, 0, 0, 0, 0, 10, 0, 0, 0, 1, 0, 0, 0, 0, 0, 0, 10, 10, 0, 0, 0, 6, 2, 0, 0, 0, 0, 0, 0, 0, 0, 0, 0, 0, 0, 8, 10, 0, 0, 0, 0, 6, 0, 0, 0, 0, 0, 0, 0, 6, 6, 0, 0, 0, 2, 0, 0, 0, 0, 0, 0, 0, 0, 1, 0, 0, 0, 10, 10, 6, 0, 6, 6, 0, 0, 0, 6, 1, 9]
[27, 1, 0, 0, 0, 0, 0, 0, 2, 0, 0, 0, 0, 10, 0, 10, 10, 0, 0, 0, 0, 0, 0, 0, 0, 0, 0, 10, 0, 0, 0, 1, 0, 0, 0, 0, 0, 0, 10, 10, 0, 0, 0, 7, 2, 0, 0, 0, 0, 0, 0, 0, 0, 0, 0, 0, 0, 8, 10, 0, 0, 0, 0, 7, 0, 0, 0, 0, 0, 0, 0, 7, 7, 0, 0, 0, 2, 0, 0, 0, 0, 0, 0, 0, 0, 1, 0, 0, 0, 10, 10, 7, 0, 6, 7, 0, 0, 0, 7, 1, 9]
[28, 1, 0, 0, 0, 0, 0, 0, 2, 0, 0, 0, 0, 10, 0, 10, 10, 0, 0, 0, 0, 0, 0, 0, 0, 0, 0, 10, 0, 0, 0, 1, 0, 0, 0, 0, 0, 0, 10, 10, 0, 0, 0, 8, 2, 0, 0, 0, 0, 0, 0, 0, 0, 0, 0, 0, 0, 8, 10, 0, 0, 0, 0, 8, 0, 0, 0, 0, 0, 0, 0, 8, 8, 0, 0, 0, 2, 0, 0, 0, 0, 0, 0, 0, 0, 1, 0, 0, 0, 10, 10, 8, 0, 6, 7, 0, 0, 0, 8, 1, 9]
[29, 1, 0, 0, 0, 0, 0, 0, 2, 0, 0, 0, 0, 10, 0, 10, 10, 0, 0, 0, 0, 0, 0, 0, 0, 0, 0, 10, 0, 0, 0, 1, 0, 0, 0, 0, 0, 0, 10, 10, 0, 0, 0, 9, 2, 0, 0, 0, 0, 0, 0, 0, 0, 0, 0, 0, 0, 9, 10, 0, 0, 0, 0, 9, 0, 0, 0, 0, 0, 0, 0, 9, 9, 0, 0, 0, 2, 0, 0, 0, 0, 0, 0, 0, 0, 1, 0, 0, 0, 10, 10, 9, 0, 6, 7, 0, 0, 0, 9, 1, 9]
[30, 1, 0, 0, 0, 0, 0, 0, 2, 0, 0, 0, 0, 10, 0, 10, 10, 0, 0, 0, 0, 0, 0, 0, 0, 0, 0, 10, 0, 0, 0, 1, 0, 0, 0, 0, 0, 0, 10, 10, 0, 0, 0, 10, 2, 0, 0, 0, 0, 0, 0, 0, 0, 0, 0, 0, 0, 10, 10, 0, 0, 0, 0, 10, 0, 0, 0, 0, 0, 0, 0, 10, 10, 0, 0, 0, 2, 0, 0, 0, 0, 0, 0, 0, 0, 1, 0, 0, 0, 10, 10, 10, 0, 6, 7, 0, 0, 0, 10, 1, 10]
[31, 1, 0, 0, 0, 0, 0, 0, 2, 0, 0, 0, 0, 10, 0, 10, 10, 0, 0, 0, 0, 0, 0, 0, 0, 0, 0, 10, 0, 0, 0, 1, 0, 0, 0, 0, 0, 0, 10, 10, 0, 0, 0, 10, 2, 0, 1, 0, 0, 0, 0, 0, 0, 0, 0, 0, 0, 10, 10, 0, 0, 0, 0, 10, 0, 0, 0, 0, 0, 0, 0, 10, 10, 0, 0, 0, 2, 1, 0, 0, 0, 0, 0, 0, 0, 1, 0, 0, 0, 10, 10, 10, 0, 6, 7, 1, 0, 0, 10, 1, 10]
[32, 1, 0, 0, 0, 0, 0, 0, 2, 0, 0, 0, 0, 10, 0, 10, 10, 0, 0, 0, 0, 0, 0, 0, 0, 0, 0, 10, 0, 0, 0, 2, 0, 0, 0, 0, 0, 0, 10, 10, 0, 0, 0, 10, 2, 0, 1, 0, 0, 0, 0, 0, 0, 0, 0, 0, 0, 10, 10, 0, 0, 0, 0, 10, 0, 0, 0, 0, 0, 0, 0, 10, 10, 0, 0, 0, 2, 2, 0, 0, 0, 0, 0, 0, 0, 1, 0, 0, 0, 10, 10, 10, 0, 6, 7, 1, 0, 0, 10, 1, 10]
[33, 1, 0, 0, 0, 0, 0, 0, 3, 0, 0, 0, 0, 10, 0, 10, 10, 0, 0, 0, 0, 0, 0, 0, 0, 0, 0, 10, 0, 0, 0, 2, 0, 0, 0, 0, 0, 0, 10, 10, 0, 0, 0, 10, 3, 0, 1, 0, 0, 0, 0, 0, 0, 0, 0, 0, 0, 10, 10, 0, 0, 0, 0, 10, 0, 0, 0, 0, 0, 0, 0, 10, 10, 0, 0, 0, 3, 3, 0, 0, 0, 0, 0, 0, 0, 1, 0, 0, 0, 10, 10, 10, 0, 6, 7, 1, 0, 0, 10, 1, 10]
[34, 1, 0, 0, 0, 0, 0, 0, 4, 0, 0, 0, 0, 10, 0, 10, 10, 0, 0, 0, 0, 0, 0, 0, 0, 0, 0, 10, 0, 0, 0, 2, 0, 0, 0, 0, 0, 0, 10, 10, 0, 0, 0, 10, 4, 0, 1, 0, 0, 0, 0, 0, 0, 0, 0, 0, 0, 10, 10, 0, 0, 0, 0, 10, 0, 0, 0, 0, 0, 0, 0, 10, 10, 0, 0, 0, 4, 3, 0, 0, 0, 0, 0, 0, 0, 1, 0, 0, 0, 10, 10, 10, 0, 6, 7, 1, 0, 0, 10, 1, 10]
[35, 1, 0, 0, 0, 0, 0, 0, 5, 0, 0, 0, 0, 10, 0, 10, 10, 0, 0, 0, 0, 0, 0, 0, 0, 0, 0, 10, 0, 0, 0, 2, 0, 0, 0, 0, 0, 0, 10, 10, 0, 0, 0, 10, 5, 0, 1, 0, 0, 0, 0, 0, 0, 0, 0, 0, 0, 10, 10, 0, 0, 0, 0, 10, 0, 0, 0, 0, 0, 0, 0, 10, 10, 0, 0, 0, 5, 3, 0, 0, 0, 0, 0, 0, 0, 1, 0, 0, 0, 10, 10, 10, 0, 6, 7, 1, 0, 0, 10, 1, 10]
[36, 1, 0, 0, 0, 0, 0, 0, 6, 0, 0, 0, 0, 10, 0, 10, 10, 0, 0, 0, 0, 0, 0, 0, 0, 0, 0, 10, 0, 0, 0, 2, 0, 0, 0, 0, 0, 0, 10, 10, 0, 0, 0, 10, 5, 0, 1, 0, 0, 0, 0, 0, 0, 0, 0, 0, 0, 10, 10, 0, 0, 0, 0, 10, 0, 0, 0, 0, 0, 0, 0, 10, 10, 0, 0, 0, 6, 3, 0, 0, 0, 0, 0, 0, 0, 1, 0, 0, 0, 10, 10, 10, 0, 6, 7, 1, 0, 0, 10, 1, 10]
[37, 1, 0, 0, 0, 0, 0, 0, 7, 0, 0, 0, 0, 10, 0, 10, 10, 0, 0, 0, 0, 0, 0, 0, 0, 0, 0, 10, 0, 0, 0, 2, 0, 0, 0, 0, 0, 0, 10, 10, 0, 0, 0, 10, 5, 0, 1, 0, 0, 0, 0, 0, 0, 0, 0, 0, 0, 10, 10, 0, 0, 0, 0, 10, 0, 0, 0, 0, 0, 0, 0, 10, 10, 0, 0, 0, 7, 3, 0, 0, 0, 0, 0, 0, 0, 1, 0, 0, 0, 10, 10, 10, 0, 7, 7, 1, 0, 0, 10, 1, 10]
[38, 1, 0, 0, 0, 0, 0, 0, 8, 0, 0, 0, 0, 10, 0, 10, 10, 0, 0, 0, 0, 0, 0, 0, 0, 0, 0, 10, 0, 0, 0, 2, 0, 0, 0, 0, 0, 0, 10, 10, 0, 0, 0, 10, 5, 0, 1, 0, 0, 0, 0, 0, 0, 0, 0, 0, 0, 10, 10, 0, 0, 0, 0, 10, 0, 0, 0, 0, 0, 0, 0, 10, 10, 0, 0, 0, 8, 3, 0, 0, 0, 0, 0, 0, 0, 1, 0, 0, 0, 10, 10, 10, 0, 7, 8, 1, 0, 0, 10, 1, 10]
[39, 1, 0, 0, 0, 0, 0, 0, 9, 0, 0, 0, 0, 10, 0, 10, 10, 0, 0, 0, 0, 0, 0, 0, 0, 0, 0, 10, 0, 0, 0, 2, 0, 0, 0, 0, 0, 0, 10, 10, 0, 0, 0, 10, 5, 0, 1, 0, 0, 0, 0, 0, 0, 0, 0, 0, 0, 10, 10, 0, 0, 0, 0, 10, 0, 0, 0, 0, 0, 0, 0, 10, 10, 0, 0, 0, 9, 3, 0, 0, 0, 0, 0, 0, 0, 1, 0, 0, 0, 10, 10, 10, 0, 7, 8, 1, 0, 0, 10, 1, 10]
[40, 1, 0, 0, 0, 0, 0, 0, 10, 0, 0, 0, 0, 10, 0, 10, 10, 0, 0, 0, 0, 0, 0, 0, 0, 0, 0, 10, 0, 0, 0, 2, 0, 0, 0, 0, 0, 0, 10, 10, 0, 0, 0, 10, 5, 0, 1, 0, 0, 0, 0, 0, 0, 0, 0, 0, 0, 10, 10, 0, 0, 0, 0, 10, 0, 0, 0, 0, 0, 0, 0, 10, 10, 0, 0, 0, 10, 3, 0, 0, 0, 0, 0, 0, 0, 1, 0, 0, 0, 10, 10, 10, 0, 7, 8, 1, 0, 0, 10, 1, 10]
[41, 1, 0, 0, 0, 0, 0, 0, 10, 0, 1, 0, 0, 10, 0, 10, 10, 0, 0, 0, 0, 0, 0, 0, 1, 0, 0, 10, 0, 0, 0, 2, 0, 0, 0, 0, 0, 0, 10, 10, 0, 0, 0, 10, 5, 0, 1, 0, 0, 1, 0, 0, 0, 0, 1, 0, 0, 10, 10, 0, 0, 0, 0, 10, 0, 0, 0, 0, 0, 0, 0, 10, 10, 0, 0, 0, 10, 3, 0, 0, 0, 0, 0, 1, 0, 1, 0, 0, 0, 10, 10, 10, 0, 7, 8, 1, 0, 0, 10, 1, 10]
[42, 2, 0, 0, 0, 0, 0, 0, 10, 0, 2, 0, 0, 10, 0, 10, 10, 0, 0, 0, 0, 0, 0, 0, 2, 0, 0, 10, 0, 0, 0, 2, 0, 0, 0, 0, 0, 0, 10, 10, 0, 0, 0, 10, 5, 0, 2, 0, 0, 1, 0, 0, 0, 0, 2, 0, 0, 10, 10, 0, 0, 0, 0, 10, 0, 0, 0, 0, 0, 0, 0, 10, 10, 0, 0, 0, 10, 3, 0, 0, 0, 0, 0, 1, 0, 2, 0, 0, 0, 10, 10, 10, 0, 7, 8, 2, 0, 0, 10, 1, 10]
[43, 3, 0, 0, 0, 0, 0, 0, 10, 0, 3, 0, 0, 10, 0, 10, 10, 0, 0, 0, 0, 0, 0, 0, 3, 0, 0, 10, 0, 0, 0, 3, 0, 0, 0, 0, 0, 0, 10, 10, 0, 0, 0, 10, 5, 0, 2, 0, 0, 1, 0, 0, 0, 0, 3, 0, 0, 10, 10, 0, 0, 0, 0, 10, 0, 0, 0, 0, 0, 0, 0, 10, 10, 0, 0, 0, 10, 3, 0, 0, 0, 0, 0, 1, 0, 3, 0, 0, 0, 10, 10, 10, 0, 7, 8, 3, 0, 0, 10, 1, 10]
[44, 4, 0, 0, 0, 0, 0, 0, 10, 0, 4, 0, 0, 10, 0, 10, 10, 0, 0, 0, 0, 0, 0, 0, 4, 0, 0, 10, 0, 0, 0, 4, 0, 0, 0, 0, 0, 0, 10, 10, 0, 0, 0, 10, 5, 0, 2, 0, 0, 1, 0, 0, 0, 0, 3, 0, 0, 10, 10, 0, 0, 0, 0, 10, 0, 0, 0, 0, 0, 0, 0, 10, 10, 0, 0, 0, 10, 4, 0, 0, 0, 0, 0, 1, 0, 4, 0, 0, 0, 10, 10, 10, 0, 7, 8, 4, 0, 0, 10, 1, 10]
[45, 5, 0, 0, 0, 0, 0, 0, 10, 0, 5, 0, 0, 10, 0, 10, 10, 0, 0, 0, 0, 0, 0, 0, 5, 0, 0, 10, 0, 0, 0, 5, 0, 0, 0, 0, 0, 0, 10, 10, 0, 0, 0, 10, 5, 0, 2, 0, 0, 1, 0, 0, 0, 0, 3, 0, 0, 10, 10, 0, 0, 0, 0, 10, 0, 0, 0, 0, 0, 0, 0, 10, 10, 0, 0, 0, 10, 5, 0, 0, 0, 0, 0, 1, 0, 5, 0, 0, 0, 10, 10, 10, 0, 7, 8, 5, 0, 0, 10, 1, 10]
[46, 6, 0, 0, 0, 0, 0, 0, 10, 0, 6, 0, 0, 10, 0, 10, 10, 0, 0, 0, 0, 0, 0, 0, 6, 0, 0, 10, 0, 0, 0, 5, 0, 0, 0, 0, 0, 0, 10, 10, 0, 0, 0, 10, 6, 0, 2, 0, 0, 1, 0, 0, 0, 0, 3, 0, 0, 10, 10, 0, 0, 0, 0, 10, 0, 0, 0, 0, 0, 0, 0, 10, 10, 0, 0, 0, 10, 5, 0, 0, 0, 0, 0, 1, 0, 6, 0, 0, 0, 10, 10, 10, 0, 7, 8, 6, 0, 0, 10, 1, 10]
[47, 7, 0, 0, 0, 0, 0, 0, 10, 0, 7, 0, 0, 10, 0, 10, 10, 0, 0, 0, 0, 0, 0, 0, 7, 0, 0, 10, 0, 0, 0, 5, 0, 0, 0, 0, 0, 0, 10, 10, 0, 0, 0, 10, 7, 0, 2, 0, 0, 1, 0, 0, 0, 0, 3, 0, 0, 10, 10, 0, 0, 0, 0, 10, 0, 0, 0, 0, 0, 0, 0, 10, 10, 0, 0, 0, 10, 5, 0, 0, 0, 0, 0, 1, 0, 7, 0, 0, 0, 10, 10, 10, 0, 7, 8, 7, 0, 0, 10, 1, 10]
[48, 8, 0, 0, 0, 0, 0, 0, 10, 0, 8, 0, 0, 10, 0, 10, 10, 0, 0, 0, 0, 0, 0, 0, 8, 0, 0, 10, 0, 0, 0, 5, 0, 0, 0, 0, 0, 0, 10, 10, 0, 0, 0, 10, 8, 0, 2, 0, 0, 1, 0, 0, 0, 0, 3, 0, 0, 10, 10, 0, 0, 0, 0, 10, 0, 0, 0, 0, 0, 0, 0, 10, 10, 0, 0, 0, 10, 5, 0, 0, 0, 0, 0, 1, 0, 7, 0, 0, 0, 10, 10, 10, 0, 7, 8, 8, 0, 0, 10, 1, 10]
[49, 9, 0, 0, 0, 0, 0, 0, 10, 0, 9, 0, 0, 10, 0, 10, 10, 0, 0, 0, 0, 0, 0, 0, 9, 0, 0, 10, 0, 0, 0, 5, 0, 0, 0, 0, 0, 0, 10, 10, 0, 0, 0, 10, 9, 0, 2, 0, 0, 1, 0, 0, 0, 0, 3, 0, 0, 10, 10, 0, 0, 0, 0, 10, 0, 0, 0, 0, 0, 0, 0, 10, 10, 0, 0, 0, 10, 5, 0, 0, 0, 0, 0, 1, 0, 7, 0, 0, 0, 10, 10, 10, 0, 7, 8, 9, 0, 0, 10, 1, 10]
[50, 10, 0, 0, 0, 0, 0, 0, 10, 0, 10, 0, 0, 10, 0, 10, 10, 0, 0, 0, 0, 0, 0, 0, 10, 0, 0, 10, 0, 0, 0, 5, 0, 0, 0, 0, 0, 0, 10, 10, 0, 0, 0, 10, 10, 0, 2, 0, 0, 1, 0, 0, 0, 0, 3, 0, 0, 10, 10, 0, 0, 0, 0, 10, 0, 0, 0, 0, 0, 0, 0, 10, 10, 0, 0, 0, 10, 5, 0, 0, 0, 0, 0, 1, 0, 7, 0, 0, 0, 10, 10, 10, 0, 7, 8, 10, 0, 0, 10, 1, 10]
[51, 10, 0, 0, 0, 0, 0, 0, 10, 0, 10, 0, 0, 10, 0, 10, 10, 0, 0, 0, 0, 0, 0, 0, 10, 0, 0, 10, 0, 0, 0, 5, 0, 0, 0, 0, 0, 0, 10, 10, 0, 0, 0, 10, 10, 1, 2, 0, 0, 1, 0, 0, 0, 0, 3, 0, 0, 10, 10, 0, 0, 0, 0, 10, 0, 0, 1, 0, 0, 0, 0, 10, 10, 0, 0, 0, 10, 5, 0, 0, 1, 0, 0, 1, 0, 7, 0, 1, 1, 10, 10, 10, 0, 7, 8, 10, 0, 0, 10, 1, 10]
[52, 10, 0, 0, 0, 0, 0, 0, 10, 0, 10, 0, 0, 10, 0, 10, 10, 0, 0, 0, 0, 0, 0, 0, 10, 0, 0, 10, 0, 0, 0, 5, 0, 0, 0, 0, 0, 0, 10, 10, 0, 0, 0, 10, 10, 2, 2, 0, 0, 2, 0, 0, 0, 0, 3, 0, 0, 10, 10, 0, 0, 0, 0, 10, 0, 0, 2, 0, 0, 0, 0, 10, 10, 0, 0, 0, 10, 5, 0, 0, 1, 0, 0, 2, 0, 7, 0, 2, 2, 10, 10, 10, 0, 7, 8, 10, 0, 0, 10, 1, 10]
[53, 10, 0, 0, 0, 0, 0, 0, 10, 0, 10, 0, 0, 10, 0, 10, 10, 0, 0, 0, 0, 0, 0, 0, 10, 0, 0, 10, 0, 0, 0, 5, 0, 0, 0, 0, 0, 0, 10, 10, 0, 0, 0, 10, 10, 3, 3, 0, 0, 3, 0, 0, 0, 0, 3, 0, 0, 10, 10, 0, 0, 0, 0, 10, 0, 0, 3, 0, 0, 0, 0, 10, 10, 0, 0, 0, 10, 5, 0, 0, 1, 0, 0, 3, 0, 7, 0, 3, 3, 10, 10, 10, 0, 7, 8, 10, 0, 0, 10, 1, 10]
[54, 10, 0, 0, 0, 0, 0, 0, 10, 0, 10, 0, 0, 10, 0, 10, 10, 0, 0, 0, 0, 0, 0, 0, 10, 0, 0, 10, 0, 0, 0, 5, 0, 0, 0, 0, 0, 0, 10, 10, 0, 0, 0, 10, 10, 4, 4, 0, 0, 4, 0, 0, 0, 0, 4, 0, 0, 10, 10, 0, 0, 0, 0, 10, 0, 0, 4, 0, 0, 0, 0, 10, 10, 0, 0, 0, 10, 5, 0, 0, 1, 0, 0, 4, 0, 7, 0, 4, 4, 10, 10, 10, 0, 7, 8, 10, 0, 0, 10, 1, 10]
[55, 10, 0, 0, 0, 0, 0, 0, 10, 0, 10, 0, 0, 10, 0, 10, 10, 0, 0, 0, 0, 0, 0, 0, 10, 0, 0, 10, 0, 0, 0, 5, 0, 0, 0, 0, 0, 0, 10, 10, 0, 0, 0, 10, 10, 5, 5, 0, 0, 5, 0, 0, 0, 0, 5, 0, 0, 10, 10, 0, 0, 0, 0, 10, 0, 0, 5, 0, 0, 0, 0, 10, 10, 0, 0, 0, 10, 5, 0, 0, 1, 0, 0, 5, 0, 7, 0, 5, 5, 10, 10, 10, 0, 7, 8, 10, 0, 0, 10, 1, 10]
[56, 10, 0, 0, 0, 0, 0, 0, 10, 0, 10, 0, 0, 10, 0, 10, 10, 0, 0, 0, 0, 0, 0, 0, 10, 0, 0, 10, 0, 0, 0, 6, 0, 0, 0, 0, 0, 0, 10, 10, 0, 0, 0, 10, 10, 6, 6, 0, 0, 6, 0, 0, 0, 0, 6, 0, 0, 10, 10, 0, 0, 0, 0, 10, 0, 0, 6, 0, 0, 0, 0, 10, 10, 0, 0, 0, 10, 5, 0, 0, 1, 0, 0, 6, 0, 7, 0, 6, 6, 10, 10, 10, 0, 7, 8, 10, 0, 0, 10, 1, 10]
[57, 10, 0, 0, 0, 0, 0, 0, 10, 0, 10, 0, 0, 10, 0, 10, 10, 0, 0, 0, 0, 0, 0, 0, 10, 0, 0, 10, 0, 0, 0, 7, 0, 0, 0, 0, 0, 0, 10, 10, 0, 0, 0, 10, 10, 7, 7, 0, 0, 7, 0, 0, 0, 0, 7, 0, 0, 10, 10, 0, 0, 0, 0, 10, 0, 0, 7, 0, 0, 0, 0, 10, 10, 0, 0, 0, 10, 5, 0, 0, 1, 0, 0, 7, 0, 7, 0, 7, 7, 10, 10, 10, 0, 7, 8, 10, 0, 0, 10, 1, 10]
[58, 10, 0, 0, 0, 0, 0, 0, 10, 0, 10, 0, 0, 10, 0, 10, 10, 0, 0, 0, 0, 0, 0, 0, 10, 0, 0, 10, 0, 0, 0, 8, 0, 0, 0, 0, 0, 0, 10, 10, 0, 0, 0, 10, 10, 7, 8, 0, 0, 8, 0, 0, 0, 0, 8, 0, 0, 10, 10, 0, 0, 0, 0, 10, 0, 0, 8, 0, 0, 0, 0, 10, 10, 0, 0, 0, 10, 5, 0, 0, 1, 0, 0, 8, 0, 8, 0, 8, 8, 10, 10, 10, 0, 7, 8, 10, 0, 0, 10, 1, 10]
[59, 10, 0, 0, 0, 0, 0, 0, 10, 0, 10, 0, 0, 10, 0, 10, 10, 0, 0, 0, 0, 0, 0, 0, 10, 0, 0, 10, 0, 0, 0, 9, 0, 0, 0, 0, 0, 0, 10, 10, 0, 0, 0, 10, 10, 7, 9, 0, 0, 9, 0, 0, 0, 0, 9, 0, 0, 10, 10, 0, 0, 0, 0, 10, 0, 0, 9, 0, 0, 0, 0, 10, 10, 0, 0, 0, 10, 5, 0, 0, 1, 0, 0, 9, 0, 9, 0, 9, 9, 10, 10, 10, 0, 7, 8, 10, 0, 0, 10, 1, 10]
[60, 10, 0, 0, 0, 0, 0, 0, 10, 0, 10, 0, 0, 10, 0, 10, 10, 0, 0, 0, 0, 0, 0, 0, 10, 0, 0, 10, 0, 0, 0, 10, 0, 0, 0, 0, 0, 0, 10, 10, 0, 0, 0, 10, 10, 7, 9, 0, 0, 10, 0, 0, 0, 0, 10, 0, 0, 10, 10, 0, 0, 0, 0, 10, 0, 0, 10, 0, 0, 0, 0, 10, 10, 0, 0, 0, 10, 5, 0, 0, 1, 0, 0, 10, 0, 10, 0, 10, 10, 10, 10, 10, 0, 7, 8, 10, 0, 0, 10, 1, 10]
[62, 10, 0, 0, 0, 0, 0, 0, 10, 0, 10, 0, 0, 10, 0, 10, 10, 0, 0, 0, 0, 0, 0, 0, 10, 0, 0, 10, 0, 0, 0, 10, 0, 0, 0, 0, 0, 0, 10, 10, 0, 0, 0, 10, 10, 7, 9, 0, 0, 10, 0, 0, 0, 0, 10, 0, 0, 10, 10, 0, 0, 0, 0, 10, 0, 0, 10, 0, 0, 0, 0, 10, 10, 0, 0, 0, 10, 5, 0, 0, 2, 0, 0, 10, 0, 10, 0, 10, 10, 10, 10, 10, 0, 7, 8, 10, 0, 0, 10, 2, 10]
[63, 10, 0, 0, 0, 0, 0, 0, 10, 0, 10, 0, 0, 10, 0, 10, 10, 0, 0, 0, 0, 0, 0, 0, 10, 0, 0, 10, 0, 0, 0, 10, 0, 0, 0, 0, 0, 0, 10, 10, 0, 0, 0, 10, 10, 7, 9, 0, 0, 10, 0, 0, 0, 0, 10, 0, 0, 10, 10, 0, 0, 0, 0, 10, 0, 0, 10, 0, 0, 0, 0, 10, 10, 0, 0, 0, 10, 5, 0, 0, 3, 0, 0, 10, 0, 10, 0, 10, 10, 10, 10, 10, 0, 7, 8, 10, 0, 0, 10, 3, 10]
[64, 10, 0, 0, 0, 0, 0, 0, 10, 0, 10, 0, 0, 10, 0, 10, 10, 0, 0, 0, 0, 0, 0, 0, 10, 0, 0, 10, 0, 0, 0, 10, 0, 0, 0, 0, 0, 0, 10, 10, 0, 0, 0, 10, 10, 7, 9, 0, 0, 10, 0, 0, 0, 0, 10, 0, 0, 10, 10, 0, 0, 0, 0, 10, 0, 0, 10, 0, 0, 0, 0, 10, 10, 0, 0, 0, 10, 5, 0, 0, 4, 0, 0, 10, 0, 10, 0, 10, 10, 10, 10, 10, 0, 7, 8, 10, 0, 0, 10, 4, 10]
[65, 10, 0, 0, 0, 0, 0, 0, 10, 0, 10, 0, 0, 10, 0, 10, 10, 0, 0, 0, 0, 0, 0, 0, 10, 0, 0, 10, 0, 0, 0, 10, 0, 0, 0, 0, 0, 0, 10, 10, 0, 0, 0, 10, 10, 7, 9, 0, 0, 10, 0, 0, 0, 0, 10, 0, 0, 10, 10, 0, 0, 0, 0, 10, 0, 0, 10, 0, 0, 0, 0, 10, 10, 0, 0, 0, 10, 5, 0, 0, 5, 0, 0, 10, 0, 10, 0, 10, 10, 10, 10, 10, 0, 7, 8, 10, 0, 0, 10, 5, 10]
[66, 10, 0, 0, 0, 0, 0, 0, 10, 0, 10, 0, 0, 10, 0, 10, 10, 0, 0, 0, 0, 0, 0, 0, 10, 0, 0, 10, 0, 0, 0, 10, 0, 0, 0, 0, 0, 0, 10, 10, 0, 0, 0, 10, 10, 7, 9, 0, 0, 10, 0, 0, 0, 0, 10, 0, 0, 10, 10, 0, 0, 0, 0, 10, 0, 0, 10, 0, 0, 0, 0, 10, 10, 0, 0, 0, 10, 5, 0, 0, 6, 0, 0, 10, 0, 10, 0, 10, 10, 10, 10, 10, 0, 7, 8, 10, 0, 0, 10, 6, 10]
[67, 10, 0, 0, 0, 0, 0, 0, 10, 0, 10, 0, 0, 10, 0, 10, 10, 0, 0, 0, 0, 0, 0, 0, 10, 0, 0, 10, 0, 0, 0, 10, 0, 0, 0, 0, 0, 0, 10, 10, 0, 0, 0, 10, 10, 7, 9, 0, 0, 10, 0, 0, 0, 0, 10, 0, 0, 10, 10, 0, 0, 0, 0, 10, 0, 0, 10, 0, 0, 0, 0, 10, 10, 0, 0, 0, 10, 5, 0, 0, 7, 0, 0, 10, 0, 10, 0, 10, 10, 10, 10, 10, 0, 7, 8, 10, 0, 0, 10, 6, 10]
[68, 10, 0, 0, 0, 0, 0, 0, 10, 0, 10, 0, 0, 10, 0, 10, 10, 0, 0, 0, 0, 0, 0, 0, 10, 0, 0, 10, 0, 0, 0, 10, 0, 0, 0, 0, 0, 0, 10, 10, 0, 0, 0, 10, 10, 8, 9, 0, 0, 10, 0, 0, 0, 0, 10, 0, 0, 10, 10, 0, 0, 0, 0, 10, 0, 0, 10, 0, 0, 0, 0, 10, 10, 0, 0, 0, 10, 5, 0, 0, 8, 0, 0, 10, 0, 10, 0, 10, 10, 10, 10, 10, 0, 7, 8, 10, 0, 0, 10, 6, 10]
[69, 10, 0, 0, 0, 0, 0, 0, 10, 0, 10, 0, 0, 10, 0, 10, 10, 0, 0, 0, 0, 0, 0, 0, 10, 0, 0, 10, 0, 0, 0, 10, 0, 0, 0, 0, 0, 0, 10, 10, 0, 0, 0, 10, 10, 8, 9, 0, 0, 10, 0, 0, 0, 0, 10, 0, 0, 10, 10, 0, 0, 0, 0, 10, 0, 0, 10, 0, 0, 0, 0, 10, 10, 0, 0, 0, 10, 5, 0, 0, 8, 0, 0, 10, 0, 10, 0, 10, 10, 10, 10, 10, 0, 7, 9, 10, 0, 0, 10, 6, 10]
[69, 10, 0, 0, 0, 0, 0, 0, 10, 0, 10, 0, 0, 10, 0, 10, 10, 0, 0, 0, 0, 0, 0, 0, 10, 0, 0, 10, 0, 0, 0, 10, 0, 0, 0, 0, 0, 0, 10, 10, 0, 0, 0, 10, 10, 9, 9, 0, 0, 10, 0, 0, 0, 0, 10, 0, 0, 10, 10, 0, 0, 0, 0, 10, 0, 0, 10, 0, 0, 0, 0, 10, 10, 0, 0, 0, 10, 5, 0, 0, 8, 0, 0, 10, 0, 10, 0, 10, 10, 10, 10, 10, 0, 7, 9, 10, 0, 0, 10, 6, 10]
[70, 10, 0, 0, 0, 0, 0, 0, 10, 0, 10, 0, 0, 10, 0, 10, 10, 0, 0, 0, 0, 0, 0, 0, 10, 0, 0, 10, 0, 0, 0, 10, 0, 0, 0, 0, 0, 0, 10, 10, 0, 0, 0, 10, 10, 10, 9, 0, 0, 10, 0, 0, 0, 0, 10, 0, 0, 10, 10, 0, 0, 0, 0, 10, 0, 0, 10, 0, 0, 0, 0, 10, 10, 0, 0, 0, 10, 5, 0, 0, 8, 0, 0, 10, 0, 10, 0, 10, 10, 10, 10, 10, 0, 7, 9, 10, 0, 0, 10, 6, 10]
[75, 10, 0, 0, 0, 0, 0, 0, 10, 0, 10, 0, 0, 10, 0, 10, 10, 0, 0, 0, 0, 0, 0, 0, 10, 0, 0, 10, 0, 0, 0, 10, 0, 0, 0, 0, 0, 0, 10, 10, 0, 0, 0, 10, 10, 10, 9, 0, 0, 10, 0, 0, 0, 0, 10, 0, 0, 10, 10, 0, 0, 0, 0, 10, 0, 0, 10, 0, 0, 0, 0, 10, 10, 0, 0, 0, 10, 5, 0, 0, 8, 0, 0, 10, 0, 10, 0, 10, 10, 10, 10, 10, 0, 8, 9, 10, 0, 0, 10, 6, 10]
[77, 10, 0, 0, 0, 0, 0, 0, 10, 0, 10, 0, 0, 10, 0, 10, 10, 0, 0, 0, 0, 0, 0, 0, 10, 0, 0, 10, 0, 0, 0, 10, 0, 0, 0, 0, 0, 0, 10, 10, 0, 0, 0, 10, 10, 10, 9, 0, 0, 10, 0, 0, 0, 0, 10, 0, 0, 10, 10, 0, 0, 0, 0, 10, 0, 0, 10, 0, 0, 0, 0, 10, 10, 0, 0, 0, 10, 5, 0, 0, 8, 0, 0, 10, 0, 10, 0, 10, 10, 10, 10, 10, 0, 8, 9, 10, 0, 0, 10, 7, 10]
[80, 10, 0, 0, 0, 0, 0, 0, 10, 0, 10, 0, 0, 10, 0, 10, 10, 0, 0, 0, 0, 0, 0, 0, 10, 0, 0, 10, 0, 0, 0, 10, 0, 0, 0, 0, 0, 0, 10, 10, 0, 0, 0, 10, 10, 10, 9, 0, 0, 10, 0, 0, 0, 0, 10, 0, 0, 10, 10, 0, 0, 0, 0, 10, 0, 0, 10, 0, 0, 0, 0, 10, 10, 0, 0, 0, 10, 5, 0, 0, 9, 0, 0, 10, 0, 10, 0, 10, 10, 10, 10, 10, 0, 8, 9, 10, 0, 0, 10, 7, 10]
[89, 10, 0, 0, 0, 0, 0, 0, 10, 0, 10, 0, 0, 10, 0, 10, 10, 0, 0, 0, 0, 0, 0, 0, 10, 0, 0, 10, 0, 0, 0, 10, 0, 0, 0, 0, 0, 0, 10, 10, 0, 0, 0, 10, 10, 10, 9, 0, 0, 10, 0, 0, 0, 0, 10, 0, 0, 10, 10, 0, 0, 0, 0, 10, 0, 0, 10, 0, 0, 0, 0, 10, 10, 0, 0, 0, 10, 5, 0, 0, 9, 0, 0, 10, 0, 10, 0, 10, 10, 10, 10, 10, 0, 8, 9, 10, 0, 0, 10, 8, 10]
[99, 10, 0, 0, 0, 0, 0, 0, 10, 0, 10, 0, 0, 10, 0, 10, 10, 0, 0, 0, 0, 0, 0, 0, 10, 0, 0, 10, 0, 0, 0, 10, 0, 0, 0, 0, 0, 0, 10, 10, 0, 0, 0, 10, 10, 10, 9, 0, 0, 10, 0, 0, 0, 0, 10, 0, 0, 10, 10, 0, 0, 0, 0, 10, 0, 0, 10, 0, 0, 0, 0, 10, 10, 0, 0, 0, 10, 5, 0, 0, 9, 0, 0, 10, 0, 10, 0, 10, 10, 10, 10, 10, 0, 9, 9, 10, 0, 0, 10, 8, 10]
[109, 10, 0, 0, 0, 0, 0, 0, 10, 0, 10, 0, 0, 10, 0, 10, 10, 0, 0, 0, 0, 0, 0, 0, 10, 0, 0, 10, 0, 0, 0, 10, 0, 0, 0, 0, 0, 0, 10, 10, 0, 0, 0, 10, 10, 10, 10, 0, 0, 10, 0, 0, 0, 0, 10, 0, 0, 10, 10, 0, 0, 0, 0, 10, 0, 0, 10, 0, 0, 0, 0, 10, 10, 0, 0, 0, 10, 5, 0, 0, 10, 0, 0, 10, 0, 10, 0, 10, 10, 10, 10, 10, 0, 9, 9, 10, 0, 0, 10, 8, 10]
[113, 10, 0, 0, 0, 0, 0, 0, 10, 0, 10, 0, 0, 10, 0, 10, 10, 0, 0, 0, 0, 0, 0, 0, 10, 0, 0, 10, 0, 0, 0, 10, 0, 0, 0, 0, 0, 0, 10, 10, 0, 0, 0, 10, 10, 10, 10, 0, 0, 10, 0, 0, 0, 0, 10, 0, 0, 10, 10, 0, 0, 0, 0, 10, 0, 0, 10, 0, 0, 0, 0, 10, 10, 0, 0, 0, 10, 5, 0, 0, 10, 0, 0, 10, 0, 10, 0, 10, 10, 10, 10, 10, 0, 10, 9, 10, 0, 0, 10, 8, 10]
[114, 10, 0, 0, 0, 0, 0, 0, 10, 0, 10, 0, 0, 10, 0, 10, 10, 0, 0, 0, 0, 0, 0, 0, 10, 0, 0, 10, 0, 0, 0, 10, 0, 0, 0, 0, 0, 0, 10, 10, 0, 0, 0, 10, 10, 10, 10, 0, 0, 10, 0, 0, 0, 0, 10, 0, 0, 10, 10, 0, 0, 0, 0, 10, 0, 0, 10, 0, 0, 0, 0, 10, 10, 0, 0, 0, 10, 6, 0, 0, 10, 0, 0, 10, 0, 10, 0, 10, 10, 10, 10, 10, 0, 10, 9, 10, 0, 0, 10, 8, 10]
[115, 10, 0, 0, 1, 0, 1, 0, 10, 0, 10, 0, 1, 10, 0, 10, 10, 0, 1, 0, 0, 1, 1, 0, 10, 0, 0, 10, 0, 1, 0, 10, 0, 0, 0, 0, 1, 0, 10, 10, 0, 0, 0, 10, 10, 10, 10, 0, 0, 10, 0, 0, 1, 0, 10, 0, 0, 10, 10, 0, 0, 0, 0, 10, 0, 0, 10, 0, 0, 0, 0, 10, 10, 0, 1, 0, 10, 6, 0, 0, 10, 0, 0, 10, 0, 10, 0, 10, 10, 10, 10, 10, 0, 10, 9, 10, 0, 0, 10, 8, 10]
[118, 10, 0, 0, 1, 0, 1, 0, 10, 0, 10, 0, 1, 10, 0, 10, 10, 0, 1, 0, 0, 1, 1, 0, 10, 0, 0, 10, 0, 1, 0, 10, 0, 0, 0, 0, 1, 0, 10, 10, 0, 0, 0, 10, 10, 10, 10, 0, 0, 10, 0, 0, 1, 0, 10, 0, 0, 10, 10, 0, 0, 0, 0, 10, 0, 0, 10, 0, 0, 0, 0, 10, 10, 0, 1, 0, 10, 6, 0, 0, 10, 0, 0, 10, 0, 10, 0, 10, 10, 10, 10, 10, 0, 10, 10, 10, 0, 0, 10, 8, 10]
[119, 10, 0, 0, 2, 0, 1, 0, 10, 0, 10, 0, 2, 10, 0, 10, 10, 0, 1, 0, 0, 1, 1, 0, 10, 0, 0, 10, 0, 2, 0, 10, 0, 0, 0, 0, 1, 0, 10, 10, 0, 0, 0, 10, 10, 10, 10, 0, 0, 10, 0, 0, 1, 0, 10, 0, 0, 10, 10, 0, 0, 0, 0, 10, 0, 0, 10, 0, 0, 0, 0, 10, 10, 0, 2, 0, 10, 6, 0, 0, 10, 0, 0, 10, 0, 10, 0, 10, 10, 10, 10, 10, 0, 10, 10, 10, 0, 0, 10, 8, 10]
[122, 10, 0, 0, 2, 0, 1, 0, 10, 0, 10, 0, 2, 10, 0, 10, 10, 0, 1, 0, 0, 1, 1, 0, 10, 0, 0, 10, 0, 2, 0, 10, 0, 0, 0, 0, 1, 0, 10, 10, 0, 0, 0, 10, 10, 10, 10, 0, 0, 10, 0, 0, 1, 0, 10, 0, 0, 10, 10, 0, 0, 0, 0, 10, 0, 0, 10, 0, 0, 0, 0, 10, 10, 0, 2, 0, 10, 6, 0, 0, 10, 0, 0, 10, 0, 10, 0, 10, 10, 10, 10, 10, 0, 10, 10, 10, 0, 0, 10, 9, 10]
[125, 10, 0, 0, 3, 0, 3, 0, 10, 0, 10, 0, 3, 10, 0, 10, 10, 0, 3, 0, 0, 3, 3, 0, 10, 0, 0, 10, 0, 3, 0, 10, 0, 0, 0, 0, 3, 0, 10, 10, 0, 0, 0, 10, 10, 10, 10, 0, 0, 10, 0, 0, 1, 0, 10, 0, 0, 10, 10, 0, 0, 0, 0, 10, 0, 0, 10, 0, 0, 0, 0, 10, 10, 0, 2, 0, 10, 6, 0, 0, 10, 0, 0, 10, 0, 10, 0, 10, 10, 10, 10, 10, 0, 10, 10, 10, 0, 0, 10, 9, 10]
[127, 10, 0, 0, 3, 0, 3, 0, 10, 0, 10, 0, 3, 10, 0, 10, 10, 0, 3, 0, 0, 3, 3, 0, 10, 0, 0, 10, 0, 3, 0, 10, 0, 0, 0, 0, 3, 0, 10, 10, 0, 0, 0, 10, 10, 10, 10, 0, 0, 10, 0, 0, 1, 0, 10, 0, 0, 10, 10, 0, 0, 0, 0, 10, 0, 0, 10, 0, 0, 0, 0, 10, 10, 0, 3, 0, 10, 6, 0, 0, 10, 0, 0, 10, 0, 10, 0, 10, 10, 10, 10, 10, 0, 10, 10, 10, 0, 0, 10, 9, 10]
[130, 10, 0, 0, 3, 0, 3, 0, 10, 0, 10, 0, 3, 10, 0, 10, 10, 0, 3, 0, 0, 3, 3, 0, 10, 0, 0, 10, 0, 3, 0, 10, 0, 0, 0, 0, 3, 0, 10, 10, 0, 0, 0, 10, 10, 10, 10, 0, 0, 10, 0, 0, 1, 0, 10, 0, 0, 10, 10, 0, 0, 0, 0, 10, 0, 0, 10, 0, 0, 0, 0, 10, 10, 0, 3, 0, 10, 6, 0, 0, 10, 0, 0, 10, 0, 10, 0, 10, 10, 10, 10, 10, 0, 10, 10, 10, 0, 0, 10, 10, 10]
[135, 10, 1, 0, 3, 0, 4, 0, 10, 0, 10, 0, 3, 10, 0, 10, 10, 0, 4, 0, 0, 3, 4, 1, 10, 0, 0, 10, 0, 4, 0, 10, 0, 0, 1, 0, 3, 0, 10, 10, 0, 0, 0, 10, 10, 10, 10, 0, 0, 10, 0, 0, 1, 0, 10, 0, 0, 10, 10, 0, 1, 0, 0, 10, 0, 1, 10, 0, 0, 0, 0, 10, 10, 0, 3, 0, 10, 6, 0, 0, 10, 0, 1, 10, 0, 10, 0, 10, 10, 10, 10, 10, 0, 10, 10, 10, 0, 0, 10, 10, 10]
[137, 10, 2, 0, 3, 0, 4, 0, 10, 0, 10, 0, 3, 10, 0, 10, 10, 0, 4, 0, 0, 3, 4, 1, 10, 0, 0, 10, 0, 4, 0, 10, 0, 0, 2, 0, 3, 0, 10, 10, 0, 0, 0, 10, 10, 10, 10, 0, 0, 10, 0, 0, 2, 0, 10, 0, 0, 10, 10, 0, 1, 0, 0, 10, 0, 2, 10, 0, 0, 0, 0, 10, 10, 0, 3, 0, 10, 6, 0, 0, 10, 0, 2, 10, 0, 10, 0, 10, 10, 10, 10, 10, 0, 10, 10, 10, 0, 0, 10, 10, 10]
[139, 10, 2, 0, 3, 1, 4, 1, 10, 0, 10, 0, 3, 10, 0, 10, 10, 0, 4, 0, 0, 3, 4, 1, 10, 1, 1, 10, 0, 4, 0, 10, 0, 1, 2, 1, 3, 1, 10, 10, 0, 0, 0, 10, 10, 10, 10, 0, 0, 10, 1, 0, 2, 0, 10, 0, 0, 10, 10, 0, 1, 1, 1, 10, 0, 2, 10, 0, 0, 0, 1, 10, 10, 0, 3, 0, 10, 6, 0, 0, 10, 0, 2, 10, 0, 10, 0, 10, 10, 10, 10, 10, 0, 10, 10, 10, 1, 1, 10, 10, 10]
[142, 10, 2, 0, 3, 2, 4, 2, 10, 0, 10, 0, 3, 10, 0, 10, 10, 0, 4, 0, 0, 3, 4, 1, 10, 2, 1, 10, 0, 4, 0, 10, 0, 1, 2, 2, 3, 1, 10, 10, 0, 0, 0, 10, 10, 10, 10, 0, 0, 10, 2, 0, 3, 0, 10, 0, 0, 10, 10, 0, 2, 2, 2, 10, 0, 2, 10, 0, 0, 0, 2, 10, 10, 0, 3, 0, 10, 6, 0, 0, 10, 0, 2, 10, 0, 10, 0, 10, 10, 10, 10, 10, 0, 10, 10, 10, 2, 1, 10, 10, 10]
[143, 10, 2, 0, 4, 2, 4, 2, 10, 0, 10, 0, 4, 10, 0, 10, 10, 0, 4, 0, 0, 4, 4, 1, 10, 2, 1, 10, 0, 4, 0, 10, 0, 1, 2, 2, 3, 1, 10, 10, 0, 0, 0, 10, 10, 10, 10, 0, 0, 10, 2, 0, 3, 0, 10, 0, 0, 10, 10, 0, 2, 2, 2, 10, 0, 2, 10, 0, 0, 0, 2, 10, 10, 0, 4, 0, 10, 6, 0, 0, 10, 0, 2, 10, 0, 10, 0, 10, 10, 10, 10, 10, 0, 10, 10, 10, 2, 1, 10, 10, 10]
[143, 10, 2, 0, 5, 2, 4, 2, 10, 0, 10, 0, 5, 10, 0, 10, 10, 0, 4, 0, 0, 4, 5, 1, 10, 2, 1, 10, 0, 4, 0, 10, 0, 1, 2, 2, 3, 1, 10, 10, 0, 0, 0, 10, 10, 10, 10, 0, 0, 10, 2, 0, 3, 0, 10, 0, 0, 10, 10, 0, 2, 2, 2, 10, 0, 2, 10, 0, 0, 0, 2, 10, 10, 0, 5, 0, 10, 6, 0, 0, 10, 0, 2, 10, 0, 10, 0, 10, 10, 10, 10, 10, 0, 10, 10, 10, 2, 1, 10, 10, 10]
[144, 10, 2, 0, 5, 2, 4, 2, 10, 0, 10, 0, 5, 10, 0, 10, 10, 0, 4, 0, 0, 4, 5, 2, 10, 2, 1, 10, 0, 4, 0, 10, 0, 2, 2, 2, 3, 2, 10, 10, 0, 0, 0, 10, 10, 10, 10, 0, 0, 10, 2, 0, 3, 0, 10, 0, 0, 10, 10, 0, 2, 2, 2, 10, 0, 2, 10, 0, 0, 0, 2, 10, 10, 0, 5, 0, 10, 6, 0, 0, 10, 0, 2, 10, 0, 10, 0, 10, 10, 10, 10, 10, 0, 10, 10, 10, 2, 1, 10, 10, 10]
[145, 10, 2, 0, 5, 2, 4, 2, 10, 0, 10, 0, 5, 10, 1, 10, 10, 0, 4, 0, 1, 4, 5, 2, 10, 2, 1, 10, 0, 4, 1, 10, 0, 2, 2, 2, 3, 2, 10, 10, 0, 1, 0, 10, 10, 10, 10, 1, 0, 10, 2, 1, 3, 0, 10, 1, 0, 10, 10, 1, 2, 2, 2, 10, 0, 2, 10, 1, 0, 0, 2, 10, 10, 0, 5, 0, 10, 6, 1, 1, 10, 0, 2, 10, 0, 10, 0, 10, 10, 10, 10, 10, 0, 10, 10, 10, 2, 1, 10, 10, 10]
[146, 10, 2, 0, 6, 2, 4, 2, 10, 0, 10, 0, 6, 10, 1, 10, 10, 0, 4, 0, 2, 4, 6, 2, 10, 2, 2, 10, 0, 4, 2, 10, 0, 2, 2, 2, 3, 2, 10, 10, 0, 1, 0, 10, 10, 10, 10, 1, 0, 10, 2, 2, 3, 0, 10, 1, 0, 10, 10, 2, 2, 2, 2, 10, 0, 2, 10, 2, 0, 0, 2, 10, 10, 0, 6, 0, 10, 6, 1, 2, 10, 0, 2, 10, 0, 10, 0, 10, 10, 10, 10, 10, 0, 10, 10, 10, 2, 2, 10, 10, 10]
[147, 10, 3, 0, 6, 3, 4, 2, 10, 0, 10, 0, 6, 10, 1, 10, 10, 0, 4, 0, 2, 4, 6, 3, 10, 3, 2, 10, 0, 4, 2, 10, 0, 3, 2, 3, 3, 2, 10, 10, 0, 1, 0, 10, 10, 10, 10, 1, 0, 10, 3, 3, 3, 0, 10, 1, 0, 10, 10, 3, 3, 3, 3, 10, 0, 2, 10, 3, 0, 0, 3, 10, 10, 0, 6, 0, 10, 6, 1, 3, 10, 0, 2, 10, 0, 10, 0, 10, 10, 10, 10, 10, 0, 10, 10, 10, 2, 2, 10, 10, 10]
[149, 10, 3, 0, 6, 3, 5, 3, 10, 0, 10, 0, 6, 10, 1, 10, 10, 0, 5, 0, 2, 5, 6, 3, 10, 3, 3, 10, 0, 5, 3, 10, 0, 3, 3, 3, 3, 3, 10, 10, 0, 1, 0, 10, 10, 10, 10, 1, 0, 10, 3, 3, 3, 0, 10, 1, 0, 10, 10, 3, 3, 3, 3, 10, 0, 3, 10, 3, 0, 0, 3, 10, 10, 0, 6, 0, 10, 6, 1, 3, 10, 0, 2, 10, 0, 10, 0, 10, 10, 10, 10, 10, 0, 10, 10, 10, 3, 3, 10, 10, 10]
[150, 10, 3, 0, 6, 4, 5, 3, 10, 0, 10, 0, 6, 10, 1, 10, 10, 0, 5, 0, 2, 5, 6, 3, 10, 3, 3, 10, 0, 5, 4, 10, 0, 3, 3, 4, 3, 3, 10, 10, 0, 1, 0, 10, 10, 10, 10, 1, 0, 10, 3, 4, 3, 0, 10, 1, 0, 10, 10, 4, 4, 4, 3, 10, 0, 3, 10, 4, 0, 0, 3, 10, 10, 0, 6, 0, 10, 6, 1, 3, 10, 0, 2, 10, 0, 10, 0, 10, 10, 10, 10, 10, 0, 10, 10, 10, 3, 3, 10, 10, 10]
[152, 10, 3, 0, 7, 4, 5, 3, 10, 0, 10, 0, 7, 10, 2, 10, 10, 0, 5, 0, 2, 5, 6, 3, 10, 3, 3, 10, 0, 5, 4, 10, 0, 3, 3, 4, 3, 3, 10, 10, 0, 2, 0, 10, 10, 10, 10, 1, 0, 10, 3, 4, 3, 0, 10, 2, 0, 10, 10, 4, 4, 4, 3, 10, 0, 3, 10, 4, 0, 0, 3, 10, 10, 0, 7, 0, 10, 6, 1, 3, 10, 0, 2, 10, 0, 10, 0, 10, 10, 10, 10, 10, 0, 10, 10, 10, 3, 3, 10, 10, 10]
[154, 10, 4, 0, 7, 4, 5, 3, 10, 0, 10, 0, 7, 10, 2, 10, 10, 0, 5, 0, 2, 5, 6, 4, 10, 3, 4, 10, 0, 5, 4, 10, 0, 3, 4, 4, 4, 4, 10, 10, 0, 2, 0, 10, 10, 10, 10, 1, 0, 10, 4, 4, 4, 0, 10, 2, 0, 10, 10, 4, 4, 4, 4, 10, 0, 4, 10, 4, 0, 0, 3, 10, 10, 0, 7, 0, 10, 6, 1, 3, 10, 0, 2, 10, 0, 10, 0, 10, 10, 10, 10, 10, 0, 10, 10, 10, 3, 4, 10, 10, 10]
[154, 10, 5, 0, 7, 5, 5, 3, 10, 0, 10, 0, 7, 10, 2, 10, 10, 0, 5, 0, 2, 5, 6, 5, 10, 3, 5, 10, 0, 5, 4, 10, 0, 3, 4, 4, 5, 5, 10, 10, 0, 2, 0, 10, 10, 10, 10, 1, 0, 10, 5, 5, 5, 0, 10, 2, 0, 10, 10, 4, 4, 5, 5, 10, 0, 5, 10, 4, 0, 0, 3, 10, 10, 0, 7, 0, 10, 6, 1, 3, 10, 0, 2, 10, 0, 10, 0, 10, 10, 10, 10, 10, 0, 10, 10, 10, 3, 5, 10, 10, 10]
[155, 10, 5, 0, 7, 5, 5, 3, 10, 0, 10, 0, 7, 10, 2, 10, 10, 0, 5, 0, 2, 5, 6, 5, 10, 3, 5, 10, 0, 5, 5, 10, 0, 3, 4, 5, 5, 5, 10, 10, 0, 2, 0, 10, 10, 10, 10, 1, 0, 10, 5, 5, 5, 0, 10, 2, 0, 10, 10, 4, 5, 5, 5, 10, 0, 5, 10, 5, 0, 0, 3, 10, 10, 0, 7, 0, 10, 6, 1, 3, 10, 0, 2, 10, 0, 10, 0, 10, 10, 10, 10, 10, 0, 10, 10, 10, 3, 5, 10, 10, 10]
[156, 10, 5, 0, 7, 5, 5, 3, 10, 0, 10, 0, 7, 10, 2, 10, 10, 0, 5, 0, 2, 5, 6, 5, 10, 4, 5, 10, 0, 5, 5, 10, 0, 4, 4, 5, 5, 5, 10, 10, 0, 2, 0, 10, 10, 10, 10, 1, 0, 10, 5, 5, 5, 0, 10, 2, 0, 10, 10, 4, 5, 5, 5, 10, 0, 5, 10, 5, 0, 0, 4, 10, 10, 0, 7, 0, 10, 6, 1, 4, 10, 0, 2, 10, 0, 10, 0, 10, 10, 10, 10, 10, 0, 10, 10, 10, 4, 5, 10, 10, 10]
[158, 10, 6, 0, 7, 6, 5, 3, 10, 0, 10, 0, 7, 10, 2, 10, 10, 0, 5, 0, 2, 6, 6, 6, 10, 4, 6, 10, 0, 5, 5, 10, 0, 4, 4, 5, 6, 6, 10, 10, 0, 2, 0, 10, 10, 10, 10, 1, 0, 10, 6, 6, 6, 0, 10, 2, 0, 10, 10, 4, 6, 6, 6, 10, 0, 6, 10, 5, 0, 0, 4, 10, 10, 0, 7, 0, 10, 6, 1, 4, 10, 0, 2, 10, 0, 10, 0, 10, 10, 10, 10, 10, 0, 10, 10, 10, 4, 5, 10, 10, 10]
[160, 10, 6, 0, 7, 6, 5, 3, 10, 1, 10, 1, 7, 10, 2, 10, 10, 0, 5, 1, 2, 6, 6, 6, 10, 4, 6, 10, 0, 5, 5, 10, 1, 4, 4, 5, 6, 6, 10, 10, 1, 2, 0, 10, 10, 10, 10, 1, 1, 10, 6, 6, 6, 1, 10, 2, 1, 10, 10, 4, 6, 6, 6, 10, 0, 6, 10, 5, 1, 1, 4, 10, 10, 1, 7, 1, 10, 6, 1, 4, 10, 0, 2, 10, 0, 10, 1, 10, 10, 10, 10, 10, 0, 10, 10, 10, 4, 5, 10, 10, 10]
[161, 10, 6, 0, 7, 6, 5, 3, 10, 1, 10, 1, 7, 10, 3, 10, 10, 0, 5, 1, 2, 6, 6, 7, 10, 4, 6, 10, 0, 5, 5, 10, 1, 4, 4, 5, 6, 6, 10, 10, 1, 2, 0, 10, 10, 10, 10, 1, 1, 10, 7, 7, 6, 1, 10, 3, 1, 10, 10, 4, 6, 7, 6, 10, 0, 6, 10, 5, 1, 1, 4, 10, 10, 1, 7, 1, 10, 7, 1, 4, 10, 0, 2, 10, 0, 10, 1, 10, 10, 10, 10, 10, 0, 10, 10, 10, 4, 5, 10, 10, 10]
[161, 10, 6, 0, 7, 6, 5, 3, 10, 1, 10, 1, 7, 10, 3, 10, 10, 0, 5, 1, 2, 6, 6, 7, 10, 4, 6, 10, 0, 5, 5, 10, 1, 4, 4, 5, 6, 6, 10, 10, 1, 2, 0, 10, 10, 10, 10, 1, 1, 10, 8, 8, 6, 1, 10, 3, 1, 10, 10, 4, 6, 8, 6, 10, 0, 6, 10, 5, 1, 1, 4, 10, 10, 1, 7, 1, 10, 8, 1, 4, 10, 0, 2, 10, 0, 10, 1, 10, 10, 10, 10, 10, 0, 10, 10, 10, 4, 5, 10, 10, 10]
[163, 10, 6, 0, 7, 6, 5, 3, 10, 2, 10, 2, 7, 10, 3, 10, 10, 0, 5, 2, 2, 6, 6, 8, 10, 4, 6, 10, 0, 5, 5, 10, 2, 4, 4, 5, 6, 6, 10, 10, 2, 2, 0, 10, 10, 10, 10, 2, 2, 10, 8, 8, 6, 2, 10, 3, 2, 10, 10, 4, 6, 8, 6, 10, 0, 6, 10, 5, 2, 2, 4, 10, 10, 2, 7, 2, 10, 8, 2, 4, 10, 0, 2, 10, 0, 10, 2, 10, 10, 10, 10, 10, 0, 10, 10, 10, 4, 5, 10, 10, 10]
[164, 10, 7, 0, 7, 7, 5, 3, 10, 2, 10, 2, 7, 10, 3, 10, 10, 0, 5, 2, 2, 6, 6, 8, 10, 4, 7, 10, 0, 5, 5, 10, 2, 4, 4, 5, 6, 7, 10, 10, 2, 2, 0, 10, 10, 10, 10, 2, 2, 10, 8, 8, 6, 2, 10, 3, 2, 10, 10, 4, 7, 8, 7, 10, 0, 6, 10, 5, 2, 2, 4, 10, 10, 2, 7, 2, 10, 8, 2, 4, 10, 0, 2, 10, 0, 10, 2, 10, 10, 10, 10, 10, 0, 10, 10, 10, 4, 5, 10, 10, 10]
[165, 10, 7, 0, 7, 7, 5, 3, 10, 2, 10, 2, 7, 10, 3, 10, 10, 0, 5, 2, 2, 6, 6, 8, 10, 4, 7, 10, 0, 5, 5, 10, 2, 4, 4, 5, 6, 7, 10, 10, 2, 2, 0, 10, 10, 10, 10, 2, 2, 10, 8, 9, 6, 2, 10, 3, 2, 10, 10, 4, 7, 8, 7, 10, 0, 6, 10, 5, 2, 2, 4, 10, 10, 2, 7, 2, 10, 9, 2, 4, 10, 0, 2, 10, 0, 10, 2, 10, 10, 10, 10, 10, 0, 10, 10, 10, 4, 5, 10, 10, 10]
[166, 10, 7, 0, 7, 7, 5, 3, 10, 2, 10, 2, 7, 10, 3, 10, 10, 0, 5, 2, 2, 6, 6, 9, 10, 4, 7, 10, 0, 5, 5, 10, 2, 4, 4, 5, 6, 7, 10, 10, 2, 2, 0, 10, 10, 10, 10, 2, 2, 10, 9, 9, 6, 2, 10, 3, 2, 10, 10, 4, 7, 9, 7, 10, 0, 6, 10, 5, 2, 2, 4, 10, 10, 2, 7, 2, 10, 9, 2, 4, 10, 0, 2, 10, 0, 10, 2, 10, 10, 10, 10, 10, 0, 10, 10, 10, 4, 5, 10, 10, 10]
[167, 10, 7, 1, 7, 7, 5, 3, 10, 2, 10, 2, 7, 10, 3, 10, 10, 1, 5, 2, 2, 6, 6, 9, 10, 4, 7, 10, 0, 5, 5, 10, 2, 4, 4, 5, 6, 7, 10, 10, 2, 2, 1, 10, 10, 10, 10, 2, 2, 10, 9, 9, 6, 2, 10, 3, 2, 10, 10, 4, 7, 9, 7, 10, 1, 6, 10, 5, 2, 2, 4, 10, 10, 2, 7, 2, 10, 9, 2, 4, 10, 1, 2, 10, 1, 10, 2, 10, 10, 10, 10, 10, 0, 10, 10, 10, 4, 5, 10, 10, 10]
[168, 10, 7, 1, 7, 7, 5, 3, 10, 3, 10, 2, 7, 10, 3, 10, 10, 1, 5, 2, 2, 6, 6, 9, 10, 4, 7, 10, 0, 5, 5, 10, 3, 4, 4, 5, 6, 7, 10, 10, 2, 3, 1, 10, 10, 10, 10, 3, 3, 10, 9, 9, 6, 2, 10, 3, 3, 10, 10, 4, 7, 9, 7, 10, 1, 6, 10, 5, 3, 2, 4, 10, 10, 3, 7, 3, 10, 9, 3, 4, 10, 1, 2, 10, 2, 10, 2, 10, 10, 10, 10, 10, 0, 10, 10, 10, 4, 5, 10, 10, 10]
[169, 10, 7, 1, 7, 7, 5, 3, 10, 3, 10, 2, 7, 10, 3, 10, 10, 1, 5, 2, 2, 6, 6, 9, 10, 4, 7, 10, 0, 5, 6, 10, 3, 4, 4, 6, 6, 7, 10, 10, 2, 3, 1, 10, 10, 10, 10, 3, 3, 10, 9, 9, 6, 2, 10, 3, 3, 10, 10, 4, 7, 9, 7, 10, 1, 6, 10, 6, 3, 2, 4, 10, 10, 3, 7, 3, 10, 9, 3, 4, 10, 1, 2, 10, 2, 10, 2, 10, 10, 10, 10, 10, 0, 10, 10, 10, 4, 5, 10, 10, 10]
[173, 10, 7, 1, 7, 7, 5, 3, 10, 3, 10, 2, 7, 10, 4, 10, 10, 1, 5, 2, 2, 6, 6, 9, 10, 4, 7, 10, 0, 5, 6, 10, 4, 4, 4, 6, 6, 7, 10, 10, 2, 3, 1, 10, 10, 10, 10, 4, 4, 10, 9, 9, 6, 2, 10, 4, 4, 10, 10, 4, 7, 9, 7, 10, 1, 6, 10, 6, 4, 2, 4, 10, 10, 4, 7, 4, 10, 9, 4, 4, 10, 1, 2, 10, 2, 10, 2, 10, 10, 10, 10, 10, 0, 10, 10, 10, 4, 5, 10, 10, 10]
[178, 10, 7, 1, 7, 7, 5, 3, 10, 3, 10, 2, 7, 10, 4, 10, 10, 1, 5, 2, 2, 6, 6, 9, 10, 4, 7, 10, 0, 5, 6, 10, 4, 4, 4, 6, 6, 7, 10, 10, 2, 3, 1, 10, 10, 10, 10, 4, 4, 10, 9, 9, 6, 2, 10, 4, 4, 10, 10, 4, 7, 10, 7, 10, 1, 6, 10, 6, 4, 2, 4, 10, 10, 4, 7, 4, 10, 10, 4, 4, 10, 1, 2, 10, 2, 10, 2, 10, 10, 10, 10, 10, 0, 10, 10, 10, 4, 5, 10, 10, 10]
[181, 10, 7, 1, 7, 7, 5, 3, 10, 3, 10, 2, 7, 10, 5, 10, 10, 1, 5, 2, 2, 6, 6, 9, 10, 4, 7, 10, 0, 5, 7, 10, 5, 4, 4, 6, 6, 7, 10, 10, 2, 3, 1, 10, 10, 10, 10, 5, 4, 10, 9, 9, 6, 2, 10, 4, 5, 10, 10, 5, 7, 10, 7, 10, 1, 6, 10, 6, 5, 2, 4, 10, 10, 5, 7, 4, 10, 10, 5, 4, 10, 1, 2, 10, 2, 10, 2, 10, 10, 10, 10, 10, 0, 10, 10, 10, 4, 5, 10, 10, 10]
[182, 10, 7, 1, 7, 7, 5, 3, 10, 3, 10, 2, 7, 10, 5, 10, 10, 1, 5, 3, 2, 6, 6, 9, 10, 4, 7, 10, 0, 5, 7, 10, 5, 4, 4, 6, 6, 7, 10, 10, 2, 3, 1, 10, 10, 10, 10, 5, 4, 10, 9, 9, 6, 2, 10, 4, 5, 10, 10, 5, 7, 10, 7, 10, 1, 6, 10, 6, 5, 2, 4, 10, 10, 5, 7, 4, 10, 10, 5, 4, 10, 1, 2, 10, 2, 10, 3, 10, 10, 10, 10, 10, 0, 10, 10, 10, 4, 5, 10, 10, 10]
[184, 10, 7, 1, 7, 7, 5, 3, 10, 3, 10, 2, 7, 10, 5, 10, 10, 1, 5, 3, 2, 6, 6, 9, 10, 5, 7, 10, 0, 5, 7, 10, 5, 5, 4, 6, 6, 7, 10, 10, 2, 3, 1, 10, 10, 10, 10, 5, 5, 10, 9, 9, 6, 2, 10, 5, 5, 10, 10, 5, 7, 10, 7, 10, 1, 6, 10, 6, 5, 2, 5, 10, 10, 5, 7, 4, 10, 10, 5, 5, 10, 1, 2, 10, 2, 10, 3, 10, 10, 10, 10, 10, 0, 10, 10, 10, 5, 5, 10, 10, 10]
[186, 10, 7, 1, 7, 7, 5, 3, 10, 3, 10, 2, 7, 10, 5, 10, 10, 1, 5, 3, 2, 6, 6, 9, 10, 5, 7, 10, 1, 5, 7, 10, 5, 5, 4, 6, 6, 7, 10, 10, 2, 3, 1, 10, 10, 10, 10, 5, 5, 10, 9, 9, 6, 2, 10, 5, 5, 10, 10, 5, 7, 10, 7, 10, 1, 6, 10, 6, 5, 2, 5, 10, 10, 5, 7, 4, 10, 10, 5, 5, 10, 1, 2, 10, 2, 10, 3, 10, 10, 10, 10, 10, 0, 10, 10, 10, 5, 5, 10, 10, 10]
[192, 10, 7, 1, 7, 7, 5, 3, 10, 3, 10, 2, 7, 10, 5, 10, 10, 2, 5, 3, 2, 6, 6, 9, 10, 5, 7, 10, 2, 5, 7, 10, 5, 5, 4, 6, 6, 7, 10, 10, 2, 3, 2, 10, 10, 10, 10, 5, 5, 10, 9, 9, 6, 2, 10, 5, 5, 10, 10, 5, 7, 10, 7, 10, 1, 6, 10, 6, 5, 2, 5, 10, 10, 5, 7, 4, 10, 10, 5, 5, 10, 2, 2, 10, 2, 10, 3, 10, 10, 10, 10, 10, 0, 10, 10, 10, 5, 5, 10, 10, 10]
