[1, 0, 0, 0, 0, 0, 1, 0, 0, 0, 0, 0, 0, 0, 0, 0, 0, 0, 0, 0, 0, 0, 0, 0, 0, 0, 0, 1, 0, 0, 0, 0, 0, 0, 0, 0, 1, 0, 0, 0, 0, 0, 0, 0, 0, 0, 0, 0, 0, 0, 1, 0, 0, 0, 0, 0, 0, 0, 0, 0, 0, 0, 0, 0, 0, 0, 0, 0, 0, 0, 0, 0, 1, 0, 0, 0, 0, 0, 0, 0, 0, 0, 0, 0, 0, 0, 0, 0, 0, 0, 0, 0, 0, 0, 1, 0, 0, 1, 0, 0, 0]
[2, 0, 0, 0, 0, 0, 2, 0, 0, 0, 0, 0, 0, 0, 0, 0, 0, 0, 0, 0, 0, 0, 0, 0, 0, 0, 0, 2, 0, 0, 0, 0, 0, 0, 0, 0, 2, 0, 0, 0, 0, 0, 0, 0, 0, 0, 0, 0, 0, 0, 1, 0, 0, 0, 0, 0, 0, 0, 0, 0, 0, 0, 0, 0, 0, 0, 0, 0, 0, 0, 0, 0, 2, 0, 0, 0, 0, 0, 0, 0, 0, 0, 0, 0, 0, 0, 0, 0, 0, 0, 0, 0, 0, 0, 2, 0, 0, 2, 0, 0, 0]
[3, 0, 0, 0, 0, 0, 3, 0, 0, 0, 0, 0, 0, 0, 0, 0, 0, 0, 0, 0, 0, 0, 0, 0, 0, 0, 0, 3, 0, 0, 0, 0, 0, 0, 0, 0, 3, 0, 0, 0, 0, 0, 0, 0, 0, 0, 0, 0, 0, 0, 1, 0, 0, 0, 0, 0, 0, 0, 0, 0, 0, 0, 0, 0, 0, 0, 0, 0, 0, 0, 0, 0, 3, 0, 0, 0, 0, 0, 0, 0, 0, 0, 0, 0, 0, 0, 0, 0, 0, 0, 0, 0, 0, 0, 3, 0, 0, 3, 0, 0, 0]
[4, 0, 0, 0, 0, 0, 4, 0, 0, 0, 0, 0, 0, 0, 0, 0, 0, 0, 0, 0, 0, 0, 0, 0, 0, 0, 0, 3, 0, 0, 0, 0, 0, 0, 0, 0, 4, 0, 0, 0, 0, 0, 0, 0, 0, 0, 0, 0, 0, 0, 1, 0, 0, 0, 0, 0, 0, 0, 0, 0, 0, 0, 0, 0, 0, 0, 0, 0, 0, 0, 0, 0, 4, 0, 0, 0, 0, 0, 0, 0, 0, 0, 0, 0, 0, 0, 0, 0, 0, 0, 0, 0, 0, 0, 4, 0, 0, 4, 0, 0, 0]
[5, 0, 0, 0, 0, 0, 5, 0, 0, 0, 0, 0, 0, 0, 0, 0, 0, 0, 0, 0, 0, 0, 0, 0, 0, 0, 0, 3, 0, 0, 0, 0, 0, 0, 0, 0, 5, 0, 0, 0, 0, 0, 0, 0, 0, 0, 0, 0, 0, 0, 1, 0, 0, 0, 0, 0, 0, 0, 0, 0, 0, 0, 0, 0, 0, 0, 0, 0, 0, 0, 0, 0, 5, 0, 0, 0, 0, 0, 0, 0, 0, 0, 0, 0, 0, 0, 0, 0, 0, 0, 0, 0, 0, 0, 5, 0, 0, 5, 0, 0, 0]
[6, 0, 0, 0, 0, 0, 6, 0, 0, 0, 0, 0, 0, 0, 0, 0, 0, 0, 0, 0, 0, 0, 0, 0, 0, 0, 0, 3, 0, 0, 0, 0, 0, 0, 0, 0, 6, 0, 0, 0, 0, 0, 0, 0, 0, 0, 0, 0, 0, 0, 1, 0, 0, 0, 0, 0, 0, 0, 0, 0, 0, 0, 0, 0, 0, 0, 0, 0, 0, 0, 0, 0, 6, 0, 0, 0, 0, 0, 0, 0, 0, 0, 0, 0, 0, 0, 0, 0, 0, 0, 0, 0, 0, 0, 6, 0, 0, 6, 0, 0, 0]
[7, 0, 0, 0, 0, 0, 7, 0, 0, 0, 0, 0, 0, 0, 0, 0, 0, 0, 0, 0, 0, 0, 0, 0, 0, 0, 0, 3, 0, 0, 0, 0, 0, 0, 0, 0, 7, 0, 0, 0, 0, 0, 0, 0, 0, 0, 0, 0, 0, 0, 1, 0, 0, 0, 0, 0, 0, 0, 0, 0, 0, 0, 0, 0, 0, 0, 0, 0, 0, 0, 0, 0, 7, 0, 0, 0, 0, 0, 0, 0, 0, 0, 0, 0, 0, 0, 0, 0, 0, 0, 0, 0, 0, 0, 7, 0, 0, 7, 0, 0, 0]
[8, 0, 0, 0, 0, 0, 8, 0, 0, 0, 0, 0, 0, 0, 0, 0, 0, 0, 0, 0, 0, 0, 0, 0, 0, 0, 0, 3, 0, 0, 0, 0, 0, 0, 0, 0, 8, 0, 0, 0, 0, 0, 0, 0, 0, 0, 0, 0, 0, 0, 1, 0, 0, 0, 0, 0, 0, 0, 0, 0, 0, 0, 0, 0, 0, 0, 0, 0, 0, 0, 0, 0, 8, 0, 0, 0, 0, 0, 0, 0, 0, 0, 0, 0, 0, 0, 0, 0, 0, 0, 0, 0, 0, 0, 8, 0, 0, 8, 0, 0, 0]
[9, 0, 0, 0, 0, 0, 9, 0, 0, 0, 0, 0, 0, 0, 0, 0, 0, 0, 0, 0, 0, 0, 0, 0, 0, 0, 0, 3, 0, 0, 0, 0, 0, 0, 0, 0, 9, 0, 0, 0, 0, 0, 0, 0, 0, 0, 0, 0, 0, 0, 1, 0, 0, 0, 0, 0, 0, 0, 0, 0, 0, 0, 0, 0, 0, 0, 0, 0, 0, 0, 0, 0, 9, 0, 0, 0, 0, 0, 0, 0, 0, 0, 0, 0, 0, 0, 0, 0, 0, 0, 0, 0, 0, 0, 9, 0, 0, 9, 0, 0, 0]
[10, 0, 0, 0, 0, 0, 10, 0, 0, 0, 0, 0, 0, 0, 0, 0, 0, 0, 0, 0, 0, 0, 0, 0, 0, 0, 0, 3, 0, 0, 0, 0, 0, 0, 0, 0, 10, 0, 0, 0, 0, 0, 0, 0, 0, 0, 0, 0, 0, 0, 1, 0, 0, 0, 0, 0, 0, 0, 0, 0, 0, 0, 0, 0, 0, 0, 0, 0, 0, 0, 0, 0, 10, 0, 0, 0, 0, 0, 0, 0, 0, 0, 0, 0, 0, 0, 0, 0, 0, 0, 0, 0, 0, 0, 10, 0, 0, 10, 0, 0, 0]
[11, 0, 0, 0, 0, 0, 10, 0, 0, 0, 0, 0, 0, 0, 0, 0, 0, 0, 0, 0, 0, 0, 0, 0, 0, 0, 0, 3, 0, 0, 0, 0, 0, 0, 0, 0, 10, 0, 0, 0, 0, 0, 1, 0, 0, 0, 0, 0, 0, 0, 1, 0, 1, 0, 0, 0, 0, 1, 0, 0, 0, 0, 0, 0, 0, 0, 0, 0, 0, 0, 0, 0, 10, 0, 0, 0, 0, 0, 0, 0, 0, 0, 0, 0, 0, 0, 0, 0, 0, 0, 0, 0, 0, 0, 10, 0, 0, 10, 0, 0, 0]
[12, 0, 0, 0, 0, 0, 10, 0, 0, 0, 0, 0, 0, 0, 0, 0, 0, 0, 0, 0, 0, 0, 0, 0, 0, 0, 0, 3, 0, 0, 0, 0, 0, 0, 0, 0, 10, 0, 0, 0, 0, 0, 1, 0, 0, 0, 0, 0, 0, 0, 2, 0, 2, 0, 0, 0, 0, 2, 0, 0, 0, 0, 0, 0, 0, 0, 0, 0, 0, 0, 0, 0, 10, 0, 0, 0, 0, 0, 0, 0, 0, 0, 0, 0, 0, 0, 0, 0, 0, 0, 0, 0, 0, 0, 10, 0, 0, 10, 0, 0, 0]
[13, 0, 0, 0, 0, 0, 10, 0, 0, 0, 0, 0, 0, 0, 0, 0, 0, 0, 0, 0, 0, 0, 0, 0, 0, 0, 0, 3, 0, 0, 0, 0, 0, 0, 0, 0, 10, 0, 0, 0, 0, 0, 1, 0, 0, 0, 0, 0, 0, 0, 3, 0, 3, 0, 0, 0, 0, 3, 0, 0, 0, 0, 0, 0, 0, 0, 0, 0, 0, 0, 0, 0, 10, 0, 0, 0, 0, 0, 0, 0, 0, 0, 0, 0, 0, 0, 0, 0, 0, 0, 0, 0, 0, 0, 10, 0, 0, 10, 0, 0, 0]
[14, 0, 0, 0, 0, 0, 10, 0, 0, 0, 0, 0, 0, 0, 0, 0, 0, 0, 0, 0, 0, 0, 0, 0, 0, 0, 0, 4, 0, 0, 0, 0, 0, 0, 0, 0, 10, 0, 0, 0, 0, 0, 1, 0, 0, 0, 0, 0, 0, 0, 4, 0, 4, 0, 0, 0, 0, 4, 0, 0, 0, 0, 0, 0, 0, 0, 0, 0, 0, 0, 0, 0, 10, 0, 0, 0, 0, 0, 0, 0, 0, 0, 0, 0, 0, 0, 0, 0, 0, 0, 0, 0, 0, 0, 10, 0, 0, 10, 0, 0, 0]
[15, 0, 0, 0, 0, 0, 10, 0, 0, 0, 0, 0, 0, 0, 0, 0, 0, 0, 0, 0, 0, 0, 0, 0, 0, 0, 0, 5, 0, 0, 0, 0, 0, 0, 0, 0, 10, 0, 0, 0, 0, 0, 1, 0, 0, 0, 0, 0, 0, 0, 5, 0, 5, 0, 0, 0, 0, 5, 0, 0, 0, 0, 0, 0, 0, 0, 0, 0, 0, 0, 0, 0, 10, 0, 0, 0, 0, 0, 0, 0, 0, 0, 0, 0, 0, 0, 0, 0, 0, 0, 0, 0, 0, 0, 10, 0, 0, 10, 0, 0, 0]
[16, 0, 0, 0, 0, 0, 10, 0, 0, 0, 0, 0, 0, 0, 0, 0, 0, 0, 0, 0, 0, 0, 0, 0, 0, 0, 0, 6, 0, 0, 0, 0, 0, 0, 0, 0, 10, 0, 0, 0, 0, 0, 1, 0, 0, 0, 0, 0, 0, 0, 6, 0, 6, 0, 0, 0, 0, 6, 0, 0, 0, 0, 0, 0, 0, 0, 0, 0, 0, 0, 0, 0, 10, 0, 0, 0, 0, 0, 0, 0, 0, 0, 0, 0, 0, 0, 0, 0, 0, 0, 0, 0, 0, 0, 10, 0, 0, 10, 0, 0, 0]
[17, 0, 0, 0, 0, 0, 10, 0, 0, 0, 0, 0, 0, 0, 0, 0, 0, 0, 0, 0, 0, 0, 0, 0, 0, 0, 0, 7, 0, 0, 0, 0, 0, 0, 0, 0, 10, 0, 0, 0, 0, 0, 1, 0, 0, 0, 0, 0, 0, 0, 7, 0, 7, 0, 0, 0, 0, 7, 0, 0, 0, 0, 0, 0, 0, 0, 0, 0, 0, 0, 0, 0, 10, 0, 0, 0, 0, 0, 0, 0, 0, 0, 0, 0, 0, 0, 0, 0, 0, 0, 0, 0, 0, 0, 10, 0, 0, 10, 0, 0, 0]
[18, 0, 0, 0, 0, 0, 10, 0, 0, 0, 0, 0, 0, 0, 0, 0, 0, 0, 0, 0, 0, 0, 0, 0, 0, 0, 0, 8, 0, 0, 0, 0, 0, 0, 0, 0, 10, 0, 0, 0, 0, 0, 1, 0, 0, 0, 0, 0, 0, 0, 8, 0, 8, 0, 0, 0, 0, 8, 0, 0, 0, 0, 0, 0, 0, 0, 0, 0, 0, 0, 0, 0, 10, 0, 0, 0, 0, 0, 0, 0, 0, 0, 0, 0, 0, 0, 0, 0, 0, 0, 0, 0, 0, 0, 10, 0, 0, 10, 0, 0, 0]
[19, 0, 0, 0, 0, 0, 10, 0, 0, 0, 0, 0, 0, 0, 0, 0, 0, 0, 0, 0, 0, 0, 0, 0, 0, 0, 0, 9, 0, 0, 0, 0, 0, 0, 0, 0, 10, 0, 0, 0, 0, 0, 1, 0, 0, 0, 0, 0, 0, 0, 9, 0, 9, 0, 0, 0, 0, 9, 0, 0, 0, 0, 0, 0, 0, 0, 0, 0, 0, 0, 0, 0, 10, 0, 0, 0, 0, 0, 0, 0, 0, 0, 0, 0, 0, 0, 0, 0, 0, 0, 0, 0, 0, 0, 10, 0, 0, 10, 0, 0, 0]
[20, 0, 0, 0, 0, 0, 10, 0, 0, 0, 0, 0, 0, 0, 0, 0, 0, 0, 0, 0, 0, 0, 0, 0, 0, 0, 0, 10, 0, 0, 0, 0, 0, 0, 0, 0, 10, 0, 0, 0, 0, 0, 1, 0, 0, 0, 0, 0, 0, 0, 10, 0, 9, 0, 0, 0, 0, 10, 0, 0, 0, 0, 0, 0, 0, 0, 0, 0, 0, 0, 0, 0, 10, 0, 0, 0, 0, 0, 0, 0, 0, 0, 0, 0, 0, 0, 0, 0, 0, 0, 0, 0, 0, 0, 10, 0, 0, 10, 0, 0, 0]
[21, 0, 0, 0, 0, 0, 10, 0, 0, 0, 0, 0, 0, 0, 0, 0, 0, 0, 0, 0, 0, 0, 0, 0, 0, 0, 0, 10, 0, 0, 0, 0, 0, 0, 0, 0, 10, 0, 0, 0, 0, 0, 1, 0, 0, 0, 0, 0, 0, 0, 10, 0, 9, 0, 0, 0, 0, 10, 0, 0, 0, 0, 0, 0, 0, 0, 0, 0, 1, 0, 0, 0, 10, 0, 0, 0, 0, 0, 0, 0, 0, 0, 0, 0, 0, 0, 0, 0, 0, 0, 0, 0, 0, 0, 10, 0, 0, 10, 0, 0, 0]
[22, 0, 0, 0, 0, 0, 10, 0, 0, 0, 0, 0, 0, 0, 0, 0, 0, 0, 0, 0, 0, 0, 0, 0, 0, 0, 0, 10, 0, 0, 0, 0, 0, 0, 0, 0, 10, 0, 0, 0, 0, 0, 2, 0, 0, 0, 0, 0, 0, 0, 10, 0, 9, 0, 0, 0, 0, 10, 0, 0, 0, 0, 0, 0, 0, 0, 0, 0, 1, 0, 0, 0, 10, 0, 0, 0, 0, 0, 0, 0, 0, 0, 0, 0, 0, 0, 0, 0, 0, 0, 0, 0, 0, 0, 10, 0, 0, 10, 0, 0, 0]
[23, 0, 0, 0, 0, 0, 10, 0, 0, 0, 0, 0, 0, 0, 0, 0, 0, 0, 0, 0, 0, 0, 0, 0, 0, 0, 0, 10, 0, 0, 0, 0, 0, 0, 0, 0, 10, 0, 0, 0, 0, 0, 3, 0, 0, 0, 0, 0, 0, 0, 10, 0, 9, 0, 0, 0, 0, 10, 0, 0, 0, 0, 0, 0, 0, 0, 0, 0, 1, 0, 0, 0, 10, 0, 0, 0, 0, 0, 0, 0, 0, 0, 0, 0, 0, 0, 0, 0, 0, 0, 0, 0, 0, 0, 10, 0, 0, 10, 0, 0, 0]
[24, 0, 0, 0, 0, 0, 10, 0, 0, 0, 0, 0, 0, 0, 0, 0, 0, 0, 0, 0, 0, 0, 0, 0, 0, 0, 0, 10, 0, 0, 0, 0, 0, 0, 0, 0, 10, 0, 0, 0, 0, 0, 4, 0, 0, 0, 0, 0, 0, 0, 10, 0, 9, 0, 0, 0, 0, 10, 0, 0, 0, 0, 0, 0, 0, 0, 0, 0, 1, 0, 0, 0, 10, 0, 0, 0, 0, 0, 0, 0, 0, 0, 0, 0, 0, 0, 0, 0, 0, 0, 0, 0, 0, 0, 10, 0, 0, 10, 0, 0, 0]
[25, 0, 0, 0, 0, 0, 10, 0, 0, 0, 0, 0, 0, 0, 0, 0, 0, 0, 0, 0, 0, 0, 0, 0, 0, 0, 0, 10, 0, 0, 0, 0, 0, 0, 0, 0, 10, 0, 0, 0, 0, 0, 5, 0, 0, 0, 0, 0, 0, 0, 10, 0, 9, 0, 0, 0, 0, 10, 0, 0, 0, 0, 0, 0, 0, 0, 0, 0, 1, 0, 0, 0, 10, 0, 0, 0, 0, 0, 0, 0, 0, 0, 0, 0, 0, 0, 0, 0, 0, 0, 0, 0, 0, 0, 10, 0, 0, 10, 0, 0, 0]
[30, 0, 0, 0, 0, 0, 10, 0, 0, 0, 0, 0, 0, 0, 0, 0, 0, 0, 0, 0, 0, 0, 0, 0, 0, 0, 0, 10, 0, 0, 0, 0, 0, 0, 0, 0, 10, 0, 0, 0, 0, 0, 5, 0, 0, 0, 0, 0, 0, 0, 10, 0, 10, 0, 0, 0, 0, 10, 0, 0, 0, 0, 0, 0, 0, 0, 0, 0, 1, 0, 0, 0, 10, 0, 0, 0, 0, 0, 0, 0, 0, 0, 0, 0, 0, 0, 0, 0, 0, 0, 0, 0, 0, 0, 10, 0, 0, 10, 0, 0, 0]
[31, 0, 0, 0, 0, 0, 10, 0, 0, 0, 0, 0, 0, 0, 0, 0, 0, 0, 0, 0, 0, 0, 0, 0, 0, 0, 0, 10, 0, 0, 0, 0, 0, 0, 0, 0, 10, 0, 0, 0, 0, 0, 5, 0, 0, 1, 0, 0, 0, 0, 10, 0, 10, 0, 0, 1, 0, 10, 0, 0, 0, 0, 0, 0, 0, 0, 0, 0, 1, 0, 0, 0, 10, 0, 0, 0, 0, 0, 0, 0, 0, 0, 0, 0, 0, 0, 1, 0, 0, 0, 0, 0, 0, 0, 10, 0, 0, 10, 0, 0, 1]
[32, 0, 0, 0, 0, 0, 10, 0, 0, 0, 0, 0, 0, 0, 0, 0, 0, 0, 0, 0, 0, 0, 0, 0, 0, 0, 0, 10, 0, 0, 0, 0, 0, 0, 0, 0, 10, 0, 0, 0, 0, 0, 5, 0, 0, 2, 0, 0, 0, 0, 10, 0, 10, 0, 0, 2, 0, 10, 0, 0, 0, 0, 0, 0, 0, 0, 0, 0, 1, 0, 0, 0, 10, 0, 0, 0, 0, 0, 0, 0, 0, 0, 0, 0, 0, 0, 2, 0, 0, 0, 0, 0, 0, 0, 10, 0, 0, 10, 0, 0, 1]
[33, 0, 0, 0, 0, 0, 10, 0, 0, 0, 0, 0, 0, 0, 0, 0, 0, 0, 0, 0, 0, 0, 0, 0, 0, 0, 0, 10, 0, 0, 0, 0, 0, 0, 0, 0, 10, 0, 0, 0, 0, 0, 5, 0, 0, 3, 0, 0, 0, 0, 10, 0, 10, 0, 0, 3, 0, 10, 0, 0, 0, 0, 0, 0, 0, 0, 0, 0, 1, 0, 0, 0, 10, 0, 0, 0, 0, 0, 0, 0, 0, 0, 0, 0, 0, 0, 3, 0, 0, 0, 0, 0, 0, 0, 10, 0, 0, 10, 0, 0, 1]
[34, 0, 0, 0, 0, 0, 10, 0, 0, 0, 0, 0, 0, 0, 0, 0, 0, 0, 0, 0, 0, 0, 0, 0, 0, 0, 0, 10, 0, 0, 0, 0, 0, 0, 0, 0, 10, 0, 0, 0, 0, 0, 5, 0, 0, 4, 0, 0, 0, 0, 10, 0, 10, 0, 0, 4, 0, 10, 0, 0, 0, 0, 0, 0, 0, 0, 0, 0, 1, 0, 0, 0, 10, 0, 0, 0, 0, 0, 0, 0, 0, 0, 0, 0, 0, 0, 4, 0, 0, 0, 0, 0, 0, 0, 10, 0, 0, 10, 0, 0, 1]
[35, 0, 0, 0, 0, 0, 10, 0, 0, 0, 0, 0, 0, 0, 0, 0, 0, 0, 0, 0, 0, 0, 0, 0, 0, 0, 0, 10, 0, 0, 0, 0, 0, 0, 0, 0, 10, 0, 0, 0, 0, 0, 5, 0, 0, 4, 0, 0, 0, 0, 10, 0, 10, 0, 0, 5, 0, 10, 0, 0, 0, 0, 0, 0, 0, 0, 0, 0, 1, 0, 0, 0, 10, 0, 0, 0, 0, 0, 0, 0, 0, 0, 0, 0, 0, 0, 5, 0, 0, 0, 0, 0, 0, 0, 10, 0, 0, 10, 0, 0, 1]
[36, 0, 0, 0, 0, 0, 10, 0, 0, 0, 0, 0, 0, 0, 0, 0, 0, 0, 0, 0, 0, 0, 0, 0, 0, 0, 0, 10, 0, 0, 0, 0, 0, 0, 0, 0, 10, 0, 0, 0, 0, 0, 5, 0, 0, 4, 0, 0, 0, 0, 10, 0, 10, 0, 0, 6, 0, 10, 0, 0, 0, 0, 0, 0, 0, 0, 0, 0, 1, 0, 0, 0, 10, 0, 0, 0, 0, 0, 0, 0, 0, 0, 0, 0, 0, 0, 6, 0, 0, 0, 0, 0, 0, 0, 10, 0, 0, 10, 0, 0, 1]
[37, 0, 0, 0, 0, 0, 10, 0, 0, 0, 0, 0, 0, 0, 0, 0, 0, 0, 0, 0, 0, 0, 0, 0, 0, 0, 0, 10, 0, 0, 0, 0, 0, 0, 0, 0, 10, 0, 0, 0, 0, 0, 5, 0, 0, 4, 0, 0, 0, 0, 10, 0, 10, 0, 0, 7, 0, 10, 0, 0, 0, 0, 0, 0, 0, 0, 0, 0, 1, 0, 0, 0, 10, 0, 0, 0, 0, 0, 0, 0, 0, 0, 0, 0, 0, 0, 7, 0, 0, 0, 0, 0, 0, 0, 10, 0, 0, 10, 0, 0, 1]
[38, 0, 0, 0, 0, 0, 10, 0, 0, 0, 0, 0, 0, 0, 0, 0, 0, 0, 0, 0, 0, 0, 0, 0, 0, 0, 0, 10, 0, 0, 0, 0, 0, 0, 0, 0, 10, 0, 0, 0, 0, 0, 5, 0, 0, 4, 0, 0, 0, 0, 10, 0, 10, 0, 0, 8, 0, 10, 0, 0, 0, 0, 0, 0, 0, 0, 0, 0, 1, 0, 0, 0, 10, 0, 0, 0, 0, 0, 0, 0, 0, 0, 0, 0, 0, 0, 8, 0, 0, 0, 0, 0, 0, 0, 10, 0, 0, 10, 0, 0, 1]
[39, 0, 0, 0, 0, 0, 10, 0, 0, 0, 0, 0, 0, 0, 0, 0, 0, 0, 0, 0, 0, 0, 0, 0, 0, 0, 0, 10, 0, 0, 0, 0, 0, 0, 0, 0, 10, 0, 0, 0, 0, 0, 5, 0, 0, 4, 0, 0, 0, 0, 10, 0, 10, 0, 0, 9, 0, 10, 0, 0, 0, 0, 0, 0, 0, 0, 0, 0, 1, 0, 0, 0, 10, 0, 0, 0, 0, 0, 0, 0, 0, 0, 0, 0, 0, 0, 9, 0, 0, 0, 0, 0, 0, 0, 10, 0, 0, 10, 0, 0, 1]
[40, 0, 0, 0, 0, 0, 10, 0, 0, 0, 0, 0, 0, 0, 0, 0, 0, 0, 0, 0, 0, 0, 0, 0, 0, 0, 0, 10, 0, 0, 0, 0, 0, 0, 0, 0, 10, 0, 0, 0, 0, 0, 5, 0, 0, 4, 0, 0, 0, 0, 10, 0, 10, 0, 0, 9, 0, 10, 0, 0, 0, 0, 0, 0, 0, 0, 0, 0, 1, 0, 0, 0, 10, 0, 0, 0, 0, 0, 0, 0, 0, 0, 0, 0, 0, 0, 10, 0, 0, 0, 0, 0, 0, 0, 10, 0, 0, 10, 0, 0, 1]
[41, 0, 0, 1, 0, 0, 10, 0, 0, 0, 0, 0, 0, 0, 0, 0, 0, 0, 0, 0, 0, 0, 0, 0, 0, 0, 0, 10, 0, 0, 0, 0, 0, 0, 0, 0, 10, 0, 0, 0, 0, 0, 5, 0, 0, 4, 0, 0, 0, 0, 10, 0, 10, 0, 0, 9, 0, 10, 0, 0, 0, 0, 0, 0, 0, 0, 0, 0, 1, 0, 0, 0, 10, 0, 0, 0, 0, 0, 0, 0, 1, 0, 0, 0, 0, 1, 10, 0, 1, 0, 0, 0, 0, 0, 10, 0, 0, 10, 0, 0, 1]
[42, 0, 0, 2, 0, 0, 10, 0, 0, 0, 0, 0, 0, 0, 0, 0, 0, 0, 0, 0, 0, 0, 0, 0, 0, 0, 0, 10, 0, 0, 0, 0, 0, 0, 0, 0, 10, 0, 0, 0, 0, 0, 5, 0, 0, 4, 0, 0, 0, 0, 10, 0, 10, 0, 0, 9, 0, 10, 0, 0, 0, 0, 0, 0, 0, 0, 0, 0, 1, 0, 0, 0, 10, 0, 0, 0, 0, 0, 0, 0, 1, 0, 0, 0, 0, 1, 10, 0, 2, 0, 0, 0, 0, 0, 10, 0, 0, 10, 0, 0, 2]
[43, 0, 0, 3, 0, 0, 10, 0, 0, 0, 0, 0, 0, 0, 0, 0, 0, 0, 0, 0, 0, 0, 0, 0, 0, 0, 0, 10, 0, 0, 0, 0, 0, 0, 0, 0, 10, 0, 0, 0, 0, 0, 5, 0, 0, 4, 0, 0, 0, 0, 10, 0, 10, 0, 0, 9, 0, 10, 0, 0, 0, 0, 0, 0, 0, 0, 0, 0, 1, 0, 0, 0, 10, 0, 0, 0, 0, 0, 0, 0, 1, 0, 0, 0, 0, 1, 10, 0, 3, 0, 0, 0, 0, 0, 10, 0, 0, 10, 0, 0, 3]
[44, 0, 0, 4, 0, 0, 10, 0, 0, 0, 0, 0, 0, 0, 0, 0, 0, 0, 0, 0, 0, 0, 0, 0, 0, 0, 0, 10, 0, 0, 0, 0, 0, 0, 0, 0, 10, 0, 0, 0, 0, 0, 5, 0, 0, 4, 0, 0, 0, 0, 10, 0, 10, 0, 0, 9, 0, 10, 0, 0, 0, 0, 0, 0, 0, 0, 0, 0, 1, 0, 0, 0, 10, 0, 0, 0, 0, 0, 0, 0, 1, 0, 0, 0, 0, 1, 10, 0, 4, 0, 0, 0, 0, 0, 10, 0, 0, 10, 0, 0, 3]
[45, 0, 0, 5, 0, 0, 10, 0, 0, 0, 0, 0, 0, 0, 0, 0, 0, 0, 0, 0, 0, 0, 0, 0, 0, 0, 0, 10, 0, 0, 0, 0, 0, 0, 0, 0, 10, 0, 0, 0, 0, 0, 5, 0, 0, 5, 0, 0, 0, 0, 10, 0, 10, 0, 0, 9, 0, 10, 0, 0, 0, 0, 0, 0, 0, 0, 0, 0, 1, 0, 0, 0, 10, 0, 0, 0, 0, 0, 0, 0, 1, 0, 0, 0, 0, 1, 10, 0, 4, 0, 0, 0, 0, 0, 10, 0, 0, 10, 0, 0, 3]
[46, 0, 0, 6, 0, 0, 10, 0, 0, 0, 0, 0, 0, 0, 0, 0, 0, 0, 0, 0, 0, 0, 0, 0, 0, 0, 0, 10, 0, 0, 0, 0, 0, 0, 0, 0, 10, 0, 0, 0, 0, 0, 5, 0, 0, 6, 0, 0, 0, 0, 10, 0, 10, 0, 0, 9, 0, 10, 0, 0, 0, 0, 0, 0, 0, 0, 0, 0, 1, 0, 0, 0, 10, 0, 0, 0, 0, 0, 0, 0, 1, 0, 0, 0, 0, 1, 10, 0, 4, 0, 0, 0, 0, 0, 10, 0, 0, 10, 0, 0, 3]
[47, 0, 0, 7, 0, 0, 10, 0, 0, 0, 0, 0, 0, 0, 0, 0, 0, 0, 0, 0, 0, 0, 0, 0, 0, 0, 0, 10, 0, 0, 0, 0, 0, 0, 0, 0, 10, 0, 0, 0, 0, 0, 5, 0, 0, 7, 0, 0, 0, 0, 10, 0, 10, 0, 0, 9, 0, 10, 0, 0, 0, 0, 0, 0, 0, 0, 0, 0, 1, 0, 0, 0, 10, 0, 0, 0, 0, 0, 0, 0, 1, 0, 0, 0, 0, 1, 10, 0, 4, 0, 0, 0, 0, 0, 10, 0, 0, 10, 0, 0, 3]
[48, 0, 0, 8, 0, 0, 10, 0, 0, 0, 0, 0, 0, 0, 0, 0, 0, 0, 0, 0, 0, 0, 0, 0, 0, 0, 0, 10, 0, 0, 0, 0, 0, 0, 0, 0, 10, 0, 0, 0, 0, 0, 5, 0, 0, 8, 0, 0, 0, 0, 10, 0, 10, 0, 0, 9, 0, 10, 0, 0, 0, 0, 0, 0, 0, 0, 0, 0, 1, 0, 0, 0, 10, 0, 0, 0, 0, 0, 0, 0, 1, 0, 0, 0, 0, 1, 10, 0, 4, 0, 0, 0, 0, 0, 10, 0, 0, 10, 0, 0, 3]
[49, 0, 0, 9, 0, 0, 10, 0, 0, 0, 0, 0, 0, 0, 0, 0, 0, 0, 0, 0, 0, 0, 0, 0, 0, 0, 0, 10, 0, 0, 0, 0, 0, 0, 0, 0, 10, 0, 0, 0, 0, 0, 5, 0, 0, 8, 0, 0, 0, 0, 10, 0, 10, 0, 0, 9, 0, 10, 0, 0, 0, 0, 0, 0, 0, 0, 0, 0, 1, 0, 0, 0, 10, 0, 0, 0, 0, 0, 0, 0, 1, 0, 0, 0, 0, 1, 10, 0, 4, 0, 0, 0, 0, 0, 10, 0, 0, 10, 0, 0, 3]
[50, 0, 0, 10, 0, 0, 10, 0, 0, 0, 0, 0, 0, 0, 0, 0, 0, 0, 0, 0, 0, 0, 0, 0, 0, 0, 0, 10, 0, 0, 0, 0, 0, 0, 0, 0, 10, 0, 0, 0, 0, 0, 5, 0, 0, 8, 0, 0, 0, 0, 10, 0, 10, 0, 0, 10, 0, 10, 0, 0, 0, 0, 0, 0, 0, 0, 0, 0, 1, 0, 0, 0, 10, 0, 0, 0, 0, 0, 0, 0, 1, 0, 0, 0, 0, 1, 10, 0, 4, 0, 0, 0, 0, 0, 10, 0, 0, 10, 0, 0, 3]
[51, 0, 0, 10, 0, 0, 10, 0, 0, 0, 0, 0, 0, 0, 0, 0, 0, 0, 0, 0, 0, 0, 0, 0, 0, 0, 0, 10, 0, 0, 0, 0, 0, 0, 0, 0, 10, 0, 0, 0, 0, 0, 5, 0, 1, 8, 0, 0, 0, 0, 10, 0, 10, 0, 1, 10, 0, 10, 0, 0, 0, 0, 0, 0, 0, 0, 0, 0, 1, 0, 0, 0, 10, 0, 0, 0, 0, 0, 0, 0, 1, 0, 0, 0, 0, 1, 10, 0, 4, 0, 0, 0, 0, 0, 10, 0, 0, 10, 0, 0, 3]
[52, 0, 0, 10, 0, 0, 10, 0, 0, 0, 0, 0, 0, 0, 0, 0, 0, 0, 0, 0, 0, 0, 0, 0, 0, 0, 0, 10, 0, 0, 0, 0, 0, 0, 0, 0, 10, 0, 0, 0, 0, 0, 5, 0, 2, 8, 0, 0, 0, 0, 10, 0, 10, 0, 2, 10, 0, 10, 0, 0, 0, 0, 0, 0, 0, 0, 0, 0, 2, 0, 0, 0, 10, 0, 0, 0, 0, 0, 0, 0, 2, 0, 0, 0, 0, 2, 10, 0, 4, 0, 0, 0, 0, 0, 10, 0, 0, 10, 0, 0, 3]
[53, 0, 0, 10, 0, 0, 10, 0, 0, 0, 0, 0, 0, 0, 0, 0, 0, 0, 0, 0, 0, 0, 0, 0, 0, 0, 0, 10, 0, 0, 0, 0, 0, 0, 0, 0, 10, 0, 0, 0, 0, 0, 5, 0, 3, 8, 0, 0, 0, 0, 10, 0, 10, 0, 3, 10, 0, 10, 0, 0, 0, 0, 0, 0, 0, 0, 0, 0, 3, 0, 0, 0, 10, 0, 0, 0, 0, 0, 0, 0, 3, 0, 0, 0, 0, 3, 10, 0, 4, 0, 0, 0, 0, 0, 10, 0, 0, 10, 0, 0, 3]
[54, 0, 0, 10, 0, 0, 10, 0, 0, 0, 0, 0, 0, 0, 0, 0, 0, 0, 0, 0, 0, 0, 0, 0, 0, 0, 0, 10, 0, 0, 0, 0, 0, 0, 0, 0, 10, 0, 0, 0, 0, 0, 5, 0, 4, 8, 0, 0, 0, 0, 10, 0, 10, 0, 4, 10, 0, 10, 0, 0, 0, 0, 0, 0, 0, 0, 0, 0, 4, 0, 0, 0, 10, 0, 0, 0, 0, 0, 0, 0, 4, 0, 0, 0, 0, 4, 10, 0, 4, 0, 0, 0, 0, 0, 10, 0, 0, 10, 0, 0, 4]
[55, 0, 0, 10, 0, 0, 10, 0, 0, 0, 0, 0, 0, 0, 0, 0, 0, 0, 0, 0, 0, 0, 0, 0, 0, 0, 0, 10, 0, 0, 0, 0, 0, 0, 0, 0, 10, 0, 0, 0, 0, 0, 5, 0, 5, 8, 0, 0, 0, 0, 10, 0, 10, 0, 5, 10, 0, 10, 0, 0, 0, 0, 0, 0, 0, 0, 0, 0, 5, 0, 0, 0, 10, 0, 0, 0, 0, 0, 0, 0, 5, 0, 0, 0, 0, 5, 10, 0, 5, 0, 0, 0, 0, 0, 10, 0, 0, 10, 0, 0, 5]
[56, 0, 0, 10, 0, 0, 10, 0, 0, 0, 0, 0, 0, 0, 0, 0, 0, 0, 0, 0, 0, 0, 0, 0, 0, 0, 0, 10, 0, 0, 0, 0, 0, 0, 0, 0, 10, 0, 0, 0, 0, 0, 5, 0, 6, 8, 0, 0, 0, 0, 10, 0, 10, 0, 6, 10, 0, 10, 0, 0, 0, 0, 0, 0, 0, 0, 0, 0, 6, 0, 0, 0, 10, 0, 0, 0, 0, 0, 0, 0, 6, 0, 0, 0, 0, 6, 10, 0, 6, 0, 0, 0, 0, 0, 10, 0, 0, 10, 0, 0, 6]
[57, 0, 0, 10, 0, 0, 10, 0, 0, 0, 0, 0, 0, 0, 0, 0, 0, 0, 0, 0, 0, 0, 0, 0, 0, 0, 0, 10, 0, 0, 0, 0, 0, 0, 0, 0, 10, 0, 0, 0, 0, 0, 5, 0, 7, 8, 0, 0, 0, 0, 10, 0, 10, 0, 7, 10, 0, 10, 0, 0, 0, 0, 0, 0, 0, 0, 0, 0, 7, 0, 0, 0, 10, 0, 0, 0, 0, 0, 0, 0, 7, 0, 0, 0, 0, 7, 10, 0, 7, 0, 0, 0, 0, 0, 10, 0, 0, 10, 0, 0, 7]
[58, 0, 0, 10, 0, 0, 10, 0, 0, 0, 0, 0, 0, 0, 0, 0, 0, 0, 0, 0, 0, 0, 0, 0, 0, 0, 0, 10, 0, 0, 0, 0, 0, 0, 0, 0, 10, 0, 0, 0, 0, 0, 5, 0, 8, 8, 0, 0, 0, 0, 10, 0, 10, 0, 8, 10, 0, 10, 0, 0, 0, 0, 0, 0, 0, 0, 0, 0, 8, 0, 0, 0, 10, 0, 0, 0, 0, 0, 0, 0, 8, 0, 0, 0, 0, 7, 10, 0, 8, 0, 0, 0, 0, 0, 10, 0, 0, 10, 0, 0, 8]
[59, 0, 0, 10, 0, 0, 10, 0, 0, 0, 0, 0, 0, 0, 0, 0, 0, 0, 0, 0, 0, 0, 0, 0, 0, 0, 0, 10, 0, 0, 0, 0, 0, 0, 0, 0, 10, 0, 0, 0, 0, 0, 5, 0, 9, 9, 0, 0, 0, 0, 10, 0, 10, 0, 9, 10, 0, 10, 0, 0, 0, 0, 0, 0, 0, 0, 0, 0, 9, 0, 0, 0, 10, 0, 0, 0, 0, 0, 0, 0, 9, 0, 0, 0, 0, 7, 10, 0, 9, 0, 0, 0, 0, 0, 10, 0, 0, 10, 0, 0, 9]
[60, 0, 0, 10, 0, 0, 10, 0, 0, 0, 0, 0, 0, 0, 0, 0, 0, 0, 0, 0, 0, 0, 0, 0, 0, 0, 0, 10, 0, 0, 0, 0, 0, 0, 0, 0, 10, 0, 0, 0, 0, 0, 5, 0, 10, 9, 0, 0, 0, 0, 10, 0, 10, 0, 10, 10, 0, 10, 0, 0, 0, 0, 0, 0, 0, 0, 0, 0, 9, 0, 0, 0, 10, 0, 0, 0, 0, 0, 0, 0, 10, 0, 0, 0, 0, 7, 10, 0, 9, 0, 0, 0, 0, 0, 10, 0, 0, 10, 0, 0, 10]
[68, 0, 0, 10, 0, 0, 10, 0, 0, 0, 0, 0, 0, 0, 0, 0, 0, 0, 0, 0, 0, 0, 0, 0, 0, 0, 0, 10, 0, 0, 0, 0, 0, 0, 0, 0, 10, 0, 0, 0, 0, 0, 5, 0, 10, 9, 0, 0, 0, 0, 10, 0, 10, 0, 10, 10, 0, 10, 0, 0, 0, 0, 0, 0, 0, 0, 0, 0, 9, 0, 0, 0, 10, 0, 0, 0, 0, 0, 0, 0, 10, 0, 0, 0, 0, 8, 10, 0, 9, 0, 0, 0, 0, 0, 10, 0, 0, 10, 0, 0, 10]
[69, 0, 0, 10, 0, 0, 10, 0, 0, 0, 0, 0, 0, 0, 0, 0, 0, 0, 0, 0, 0, 0, 0, 0, 0, 0, 0, 10, 0, 0, 0, 0, 0, 0, 0, 0, 10, 0, 0, 0, 0, 0, 5, 0, 10, 9, 0, 0, 0, 0, 10, 0, 10, 0, 10, 10, 0, 10, 0, 0, 0, 0, 0, 0, 0, 0, 0, 0, 9, 0, 0, 0, 10, 0, 0, 0, 0, 0, 0, 0, 10, 0, 0, 0, 0, 9, 10, 0, 9, 0, 0, 0, 0, 0, 10, 0, 0, 10, 0, 0, 10]
[70, 0, 0, 10, 0, 0, 10, 0, 0, 0, 0, 0, 0, 0, 0, 0, 0, 0, 0, 0, 0, 0, 0, 0, 0, 0, 0, 10, 0, 0, 0, 0, 0, 0, 0, 0, 10, 0, 0, 0, 0, 0, 5, 0, 10, 9, 0, 0, 0, 0, 10, 0, 10, 0, 10, 10, 0, 10, 0, 0, 0, 0, 0, 0, 0, 0, 0, 0, 10, 0, 0, 0, 10, 0, 0, 0, 0, 0, 0, 0, 10, 0, 0, 0, 0, 10, 10, 0, 9, 0, 0, 0, 0, 0, 10, 0, 0, 10, 0, 0, 10]
[80, 0, 0, 10, 0, 0, 10, 0, 0, 0, 0, 0, 0, 0, 0, 0, 0, 0, 0, 0, 0, 0, 0, 0, 0, 0, 0, 10, 0, 0, 0, 0, 0, 0, 0, 0, 10, 0, 0, 0, 0, 0, 5, 0, 10, 9, 0, 0, 0, 0, 10, 0, 10, 0, 10, 10, 0, 10, 0, 0, 0, 0, 0, 0, 0, 0, 0, 0, 10, 0, 0, 0, 10, 0, 0, 0, 0, 0, 0, 0, 10, 0, 0, 0, 0, 10, 10, 0, 10, 0, 0, 0, 0, 0, 10, 0, 0, 10, 0, 0, 10]
[98, 0, 0, 10, 0, 0, 10, 0, 0, 0, 0, 0, 0, 0, 0, 0, 0, 0, 0, 0, 0, 0, 0, 0, 0, 0, 0, 10, 0, 0, 0, 0, 0, 0, 0, 0, 10, 0, 0, 0, 0, 0, 6, 0, 10, 9, 0, 0, 0, 0, 10, 0, 10, 0, 10, 10, 0, 10, 0, 0, 0, 0, 0, 0, 0, 0, 0, 0, 10, 0, 0, 0, 10, 0, 0, 0, 0, 0, 0, 0, 10, 0, 0, 0, 0, 10, 10, 0, 10, 0, 0, 0, 0, 0, 10, 0, 0, 10, 0, 0, 10]
[131, 0, 0, 10, 0, 0, 10, 0, 0, 0, 0, 0, 0, 0, 0, 0, 0, 0, 0, 0, 0, 0, 0, 0, 0, 0, 0, 10, 0, 0, 0, 0, 0, 0, 0, 0, 10, 0, 0, 0, 0, 0, 7, 0, 10, 9, 0, 0, 0, 0, 10, 0, 10, 0, 10, 10, 0, 10, 0, 0, 0, 0, 0, 0, 0, 0, 0, 0, 10, 0, 0, 0, 10, 0, 0, 0, 0, 0, 0, 0, 10, 0, 0, 0, 0, 10, 10, 0, 10, 0, 0, 0, 0, 0, 10, 0, 0, 10, 0, 0, 10]
[134, 0, 0, 10, 0, 0, 10, 0, 0, 0, 0, 0, 0, 0, 0, 0, 0, 0, 0, 0, 0, 0, 0, 0, 0, 0, 0, 10, 0, 0, 0, 0, 0, 0, 0, 0, 10, 0, 0, 0, 0, 0, 7, 0, 10, 10, 0, 0, 0, 0, 10, 0, 10, 0, 10, 10, 0, 10, 0, 0, 0, 0, 0, 0, 0, 0, 0, 0, 10, 0, 0, 0, 10, 0, 0, 0, 0, 0, 0, 0, 10, 0, 0, 0, 0, 10, 10, 0, 10, 0, 0, 0, 0, 0, 10, 0, 0, 10, 0, 0, 10]
[177, 0, 0, 10, 0, 0, 10, 0, 0, 0, 0, 0, 0, 0, 0, 0, 0, 0, 0, 0, 0, 0, 0, 0, 0, 0, 0, 10, 0, 0, 0, 0, 0, 0, 0, 0, 10, 0, 0, 0, 0, 0, 8, 0, 10, 10, 0, 0, 0, 0, 10, 0, 10, 0, 10, 10, 0, 10, 0, 0, 0, 0, 0, 0, 0, 0, 0, 0, 10, 0, 0, 0, 10, 0, 0, 0, 0, 0, 0, 0, 10, 0, 0, 0, 0, 10, 10, 0, 10, 0, 0, 0, 0, 0, 10, 0, 0, 10, 0, 0, 10]
[181, 0, 0, 10, 0, 0, 10, 0, 0, 0, 0, 0, 0, 0, 0, 0, 0, 0, 0, 0, 0, 0, 0, 0, 0, 0, 0, 10, 0, 0, 0, 0, 0, 0, 0, 0, 10, 0, 0, 0, 0, 0, 9, 0, 10, 10, 0, 0, 0, 0, 10, 0, 10, 0, 10, 10, 0, 10, 0, 0, 0, 0, 0, 0, 0, 0, 0, 0, 10, 0, 0, 0, 10, 0, 0, 0, 0, 0, 0, 0, 10, 0, 0, 0, 0, 10, 10, 0, 10, 0, 0, 0, 0, 0, 10, 0, 0, 10, 0, 0, 10]
[188, 0, 0, 10, 0, 0, 10, 0, 0, 0, 0, 0, 0, 0, 0, 0, 0, 0, 0, 0, 0, 0, 0, 0, 0, 0, 0, 10, 0, 0, 0, 0, 0, 0, 0, 0, 10, 0, 0, 0, 0, 0, 10, 0, 10, 10, 0, 0, 0, 0, 10, 0, 10, 0, 10, 10, 0, 10, 0, 0, 0, 0, 0, 0, 0, 0, 0, 0, 10, 0, 0, 0, 10, 0, 0, 0, 0, 0, 0, 0, 10, 0, 0, 0, 0, 10, 10, 0, 10, 0, 0, 0, 0, 0, 10, 0, 0, 10, 0, 0, 10]
[202, 0, 0, 10, 0, 0, 10, 1, 1, 0, 0, 0, 1, 0, 0, 1, 0, 1, 0, 0, 0, 0, 0, 0, 0, 1, 0, 10, 0, 0, 1, 0, 0, 0, 0, 0, 10, 0, 0, 0, 0, 0, 10, 0, 10, 10, 0, 0, 0, 0, 10, 0, 10, 0, 10, 10, 0, 10, 0, 0, 0, 0, 0, 0, 0, 0, 0, 0, 10, 0, 0, 0, 10, 0, 0, 0, 0, 0, 0, 0, 10, 0, 0, 0, 1, 10, 10, 0, 10, 0, 1, 0, 0, 0, 10, 0, 0, 10, 0, 0, 10]
[203, 0, 0, 10, 0, 0, 10, 1, 1, 0, 0, 0, 2, 0, 0, 2, 0, 2, 0, 0, 0, 0, 0, 0, 0, 2, 0, 10, 0, 0, 2, 0, 0, 0, 0, 0, 10, 0, 0, 0, 0, 0, 10, 0, 10, 10, 0, 0, 0, 0, 10, 0, 10, 0, 10, 10, 0, 10, 0, 0, 0, 0, 0, 0, 0, 0, 0, 0, 10, 0, 0, 0, 10, 0, 0, 0, 0, 0, 0, 0, 10, 0, 0, 0, 2, 10, 10, 0, 10, 0, 2, 0, 0, 0, 10, 0, 0, 10, 0, 0, 10]
[205, 0, 0, 10, 0, 0, 10, 1, 1, 0, 0, 0, 3, 0, 0, 3, 0, 2, 0, 0, 0, 0, 0, 0, 0, 3, 0, 10, 0, 0, 3, 0, 0, 0, 0, 0, 10, 0, 0, 0, 0, 0, 10, 0, 10, 10, 0, 0, 0, 0, 10, 0, 10, 0, 10, 10, 0, 10, 0, 0, 0, 0, 0, 0, 0, 0, 0, 0, 10, 0, 0, 0, 10, 0, 0, 0, 0, 0, 0, 0, 10, 0, 0, 0, 3, 10, 10, 0, 10, 0, 2, 0, 0, 0, 10, 0, 0, 10, 0, 0, 10]
[208, 0, 0, 10, 0, 0, 10, 1, 1, 0, 0, 0, 4, 0, 0, 4, 0, 2, 0, 0, 0, 0, 0, 0, 0, 4, 0, 10, 0, 0, 4, 0, 0, 0, 0, 0, 10, 0, 0, 0, 0, 0, 10, 0, 10, 10, 0, 0, 0, 0, 10, 0, 10, 0, 10, 10, 0, 10, 0, 0, 0, 0, 0, 0, 0, 0, 0, 0, 10, 0, 0, 0, 10, 0, 0, 0, 0, 0, 0, 0, 10, 0, 0, 0, 4, 10, 10, 0, 10, 0, 2, 0, 0, 0, 10, 0, 0, 10, 0, 0, 10]
[208, 0, 0, 10, 0, 0, 10, 1, 1, 0, 0, 0, 4, 0, 0, 4, 0, 2, 0, 0, 0, 0, 0, 0, 0, 4, 0, 10, 0, 0, 4, 0, 0, 0, 0, 0, 10, 0, 0, 0, 0, 0, 10, 0, 10, 10, 0, 0, 0, 0, 10, 0, 10, 0, 10, 10, 0, 10, 0, 0, 0, 0, 0, 0, 0, 1, 0, 0, 10, 0, 0, 0, 10, 0, 0, 0, 0, 0, 0, 0, 10, 0, 0, 0, 4, 10, 10, 0, 10, 0, 2, 0, 0, 0, 10, 0, 0, 10, 0, 0, 10]
[209, 0, 0, 10, 0, 0, 10, 1, 1, 0, 0, 0, 4, 0, 0, 5, 0, 2, 0, 0, 0, 0, 0, 0, 0, 5, 0, 10, 0, 0, 5, 0, 0, 0, 0, 0, 10, 0, 0, 0, 0, 0, 10, 0, 10, 10, 0, 0, 0, 0, 10, 0, 10, 0, 10, 10, 0, 10, 0, 0, 0, 0, 0, 0, 0, 1, 0, 0, 10, 0, 0, 0, 10, 0, 0, 0, 0, 0, 0, 0, 10, 0, 0, 0, 5, 10, 10, 0, 10, 0, 2, 0, 0, 0, 10, 0, 0, 10, 0, 0, 10]
[217, 0, 0, 10, 0, 0, 10, 2, 2, 0, 0, 0, 4, 0, 0, 5, 0, 2, 0, 0, 0, 0, 0, 0, 0, 5, 0, 10, 0, 0, 5, 0, 0, 0, 0, 0, 10, 0, 0, 0, 0, 0, 10, 0, 10, 10, 0, 0, 0, 0, 10, 0, 10, 0, 10, 10, 0, 10, 0, 0, 0, 0, 0, 0, 0, 1, 0, 0, 10, 0, 0, 0, 10, 0, 0, 0, 0, 0, 0, 0, 10, 0, 0, 0, 5, 10, 10, 0, 10, 0, 2, 0, 0, 0, 10, 0, 0, 10, 0, 0, 10]
[220, 0, 0, 10, 0, 0, 10, 2, 2, 0, 0, 0, 4, 0, 0, 5, 0, 2, 0, 0, 0, 0, 0, 0, 0, 6, 0, 10, 0, 0, 5, 0, 0, 0, 0, 0, 10, 0, 0, 0, 0, 0, 10, 0, 10, 10, 0, 0, 0, 0, 10, 0, 10, 0, 10, 10, 0, 10, 0, 0, 0, 0, 0, 0, 0, 1, 0, 0, 10, 0, 0, 0, 10, 0, 0, 0, 0, 0, 0, 0, 10, 0, 0, 0, 5, 10, 10, 0, 10, 0, 2, 0, 0, 0, 10, 0, 0, 10, 0, 0, 10]
[221, 0, 0, 10, 0, 0, 10, 3, 3, 0, 0, 0, 4, 0, 0, 5, 0, 2, 0, 0, 0, 0, 0, 0, 0, 6, 0, 10, 0, 0, 5, 0, 0, 0, 0, 0, 10, 0, 0, 0, 0, 0, 10, 0, 10, 10, 0, 0, 0, 0, 10, 0, 10, 0, 10, 10, 0, 10, 0, 0, 0, 0, 0, 0, 0, 1, 0, 0, 10, 0, 0, 0, 10, 0, 0, 0, 0, 0, 0, 0, 10, 0, 0, 0, 5, 10, 10, 0, 10, 0, 2, 0, 0, 0, 10, 0, 0, 10, 0, 0, 10]
[225, 0, 0, 10, 0, 0, 10, 3, 3, 0, 0, 0, 4, 0, 0, 6, 1, 2, 0, 0, 0, 0, 0, 0, 0, 6, 0, 10, 0, 1, 6, 0, 0, 0, 0, 0, 10, 1, 0, 0, 0, 0, 10, 0, 10, 10, 0, 0, 0, 0, 10, 1, 10, 0, 10, 10, 0, 10, 0, 0, 0, 0, 1, 0, 0, 1, 0, 0, 10, 1, 1, 1, 10, 1, 0, 0, 0, 0, 0, 0, 10, 0, 0, 0, 5, 10, 10, 0, 10, 0, 2, 0, 0, 0, 10, 0, 0, 10, 0, 0, 10]
[229, 0, 0, 10, 0, 0, 10, 3, 3, 0, 0, 0, 4, 0, 0, 6, 1, 2, 0, 0, 0, 0, 0, 0, 0, 6, 0, 10, 0, 1, 6, 0, 0, 0, 0, 0, 10, 1, 0, 0, 0, 0, 10, 0, 10, 10, 0, 0, 0, 0, 10, 1, 10, 0, 10, 10, 0, 10, 0, 0, 0, 0, 1, 0, 0, 2, 0, 0, 10, 1, 1, 1, 10, 1, 0, 0, 0, 0, 0, 0, 10, 0, 0, 0, 5, 10, 10, 0, 10, 0, 2, 0, 0, 0, 10, 0, 0, 10, 0, 0, 10]
[233, 0, 0, 10, 0, 0, 10, 4, 4, 0, 0, 0, 4, 0, 0, 6, 1, 2, 0, 0, 0, 0, 0, 0, 0, 6, 0, 10, 0, 1, 6, 0, 0, 0, 0, 0, 10, 1, 0, 0, 0, 0, 10, 0, 10, 10, 0, 0, 0, 0, 10, 1, 10, 0, 10, 10, 0, 10, 0, 0, 0, 0, 1, 0, 0, 2, 0, 0, 10, 1, 1, 1, 10, 1, 0, 0, 0, 0, 0, 0, 10, 0, 0, 0, 5, 10, 10, 0, 10, 0, 2, 0, 0, 0, 10, 0, 0, 10, 0, 0, 10]
[234, 0, 0, 10, 0, 0, 10, 4, 4, 0, 0, 0, 4, 0, 0, 6, 1, 3, 0, 0, 0, 0, 0, 0, 0, 6, 0, 10, 0, 1, 6, 0, 0, 0, 0, 0, 10, 1, 0, 0, 0, 0, 10, 0, 10, 10, 0, 0, 0, 0, 10, 1, 10, 0, 10, 10, 0, 10, 0, 0, 0, 0, 1, 0, 0, 3, 0, 0, 10, 1, 1, 1, 10, 1, 0, 0, 0, 0, 0, 0, 10, 0, 0, 0, 5, 10, 10, 0, 10, 0, 3, 0, 0, 0, 10, 0, 0, 10, 0, 0, 10]
[239, 0, 0, 10, 0, 0, 10, 5, 5, 0, 0, 0, 4, 0, 0, 6, 2, 3, 0, 0, 0, 0, 0, 0, 0, 6, 0, 10, 0, 2, 6, 0, 0, 0, 0, 0, 10, 1, 0, 0, 0, 0, 10, 0, 10, 10, 0, 0, 0, 0, 10, 1, 10, 0, 10, 10, 0, 10, 0, 0, 0, 0, 2, 0, 0, 3, 0, 0, 10, 2, 2, 2, 10, 2, 0, 0, 0, 0, 0, 0, 10, 0, 0, 0, 5, 10, 10, 0, 10, 0, 3, 0, 0, 0, 10, 0, 0, 10, 0, 0, 10]
[243, 0, 0, 10, 0, 0, 10, 5, 5, 0, 0, 0, 4, 0, 1, 6, 2, 3, 0, 0, 0, 0, 0, 0, 1, 6, 1, 10, 0, 2, 6, 0, 0, 0, 0, 0, 10, 1, 0, 0, 0, 0, 10, 0, 10, 10, 0, 0, 0, 0, 10, 1, 10, 0, 10, 10, 0, 10, 0, 0, 0, 0, 2, 0, 0, 3, 0, 0, 10, 2, 2, 2, 10, 2, 0, 0, 0, 0, 0, 0, 10, 0, 0, 0, 5, 10, 10, 0, 10, 0, 3, 1, 0, 0, 10, 0, 0, 10, 0, 0, 10]
[244, 0, 0, 10, 0, 0, 10, 6, 5, 0, 0, 0, 4, 0, 1, 6, 2, 3, 0, 0, 0, 0, 0, 0, 1, 6, 1, 10, 0, 2, 6, 0, 0, 0, 0, 0, 10, 1, 0, 0, 0, 0, 10, 0, 10, 10, 0, 0, 0, 0, 10, 1, 10, 0, 10, 10, 0, 10, 0, 0, 0, 0, 2, 0, 0, 3, 0, 0, 10, 2, 2, 2, 10, 2, 0, 0, 0, 0, 0, 0, 10, 0, 0, 0, 5, 10, 10, 0, 10, 0, 3, 1, 0, 0, 10, 0, 0, 10, 0, 0, 10]
[246, 0, 0, 10, 1, 0, 10, 6, 5, 0, 0, 0, 4, 0, 1, 6, 2, 3, 0, 0, 0, 0, 0, 0, 1, 6, 2, 10, 0, 2, 6, 0, 1, 0, 0, 0, 10, 2, 0, 0, 0, 0, 10, 0, 10, 10, 0, 0, 0, 0, 10, 2, 10, 1, 10, 10, 0, 10, 0, 0, 0, 0, 2, 0, 0, 3, 0, 0, 10, 2, 2, 2, 10, 2, 0, 0, 0, 0, 0, 0, 10, 0, 0, 0, 5, 10, 10, 0, 10, 0, 3, 1, 0, 0, 10, 0, 0, 10, 1, 0, 10]
[248, 0, 0, 10, 1, 0, 10, 6, 5, 0, 0, 0, 4, 0, 1, 6, 3, 3, 0, 0, 0, 0, 0, 0, 1, 6, 3, 10, 0, 3, 6, 0, 1, 0, 0, 0, 10, 3, 0, 0, 0, 0, 10, 0, 10, 10, 0, 0, 0, 0, 10, 3, 10, 1, 10, 10, 0, 10, 0, 0, 0, 0, 3, 0, 0, 3, 0, 0, 10, 3, 3, 3, 10, 3, 0, 0, 0, 0, 0, 0, 10, 0, 0, 0, 5, 10, 10, 0, 10, 0, 3, 1, 0, 0, 10, 0, 0, 10, 1, 0, 10]
[252, 0, 0, 10, 1, 0, 10, 6, 5, 0, 0, 0, 4, 0, 1, 6, 4, 3, 0, 0, 0, 0, 0, 0, 1, 6, 3, 10, 0, 3, 6, 0, 1, 0, 0, 0, 10, 3, 0, 0, 0, 0, 10, 0, 10, 10, 0, 0, 0, 0, 10, 3, 10, 1, 10, 10, 0, 10, 0, 0, 0, 0, 3, 0, 0, 3, 0, 0, 10, 4, 3, 3, 10, 4, 0, 0, 0, 0, 0, 0, 10, 0, 0, 0, 5, 10, 10, 0, 10, 0, 3, 1, 0, 0, 10, 0, 0, 10, 1, 0, 10]
[255, 0, 0, 10, 1, 0, 10, 6, 5, 0, 0, 0, 4, 0, 1, 6, 4, 3, 0, 0, 0, 0, 0, 0, 1, 6, 3, 10, 0, 3, 6, 0, 1, 0, 0, 0, 10, 4, 0, 0, 0, 0, 10, 0, 10, 10, 0, 0, 0, 0, 10, 4, 10, 1, 10, 10, 0, 10, 0, 0, 0, 0, 4, 0, 0, 3, 0, 0, 10, 4, 4, 3, 10, 4, 0, 0, 0, 0, 0, 0, 10, 0, 0, 0, 5, 10, 10, 0, 10, 0, 3, 1, 0, 0, 10, 0, 0, 10, 1, 0, 10]
[258, 0, 0, 10, 1, 0, 10, 6, 5, 0, 0, 0, 4, 0, 2, 6, 5, 3, 0, 0, 0, 0, 0, 0, 1, 6, 3, 10, 0, 3, 6, 0, 1, 0, 0, 0, 10, 5, 0, 0, 0, 0, 10, 0, 10, 10, 0, 0, 0, 0, 10, 5, 10, 2, 10, 10, 0, 10, 0, 0, 0, 0, 5, 0, 0, 3, 0, 0, 10, 5, 5, 3, 10, 5, 0, 0, 0, 0, 0, 0, 10, 0, 0, 0, 5, 10, 10, 0, 10, 0, 3, 2, 0, 0, 10, 0, 0, 10, 2, 0, 10]
[259, 0, 0, 10, 1, 0, 10, 6, 5, 0, 0, 0, 4, 0, 2, 6, 5, 3, 0, 0, 0, 0, 0, 0, 2, 6, 3, 10, 0, 3, 6, 0, 1, 0, 0, 0, 10, 5, 0, 0, 0, 0, 10, 0, 10, 10, 0, 0, 0, 0, 10, 5, 10, 2, 10, 10, 0, 10, 0, 0, 0, 0, 5, 0, 0, 3, 0, 0, 10, 5, 5, 3, 10, 5, 0, 0, 0, 0, 0, 0, 10, 0, 0, 0, 5, 10, 10, 0, 10, 0, 3, 2, 0, 0, 10, 0, 0, 10, 2, 0, 10]
[261, 1, 0, 10, 1, 0, 10, 6, 5, 0, 1, 1, 4, 0, 2, 6, 5, 3, 1, 1, 0, 1, 0, 0, 2, 6, 3, 10, 0, 3, 6, 0, 1, 0, 0, 0, 10, 5, 1, 0, 1, 0, 10, 0, 10, 10, 0, 0, 0, 0, 10, 5, 10, 2, 10, 10, 1, 10, 0, 0, 0, 1, 5, 0, 0, 3, 0, 0, 10, 5, 5, 3, 10, 5, 0, 0, 0, 1, 1, 1, 10, 0, 1, 0, 5, 10, 10, 0, 10, 0, 3, 2, 0, 1, 10, 0, 0, 10, 2, 1, 10]
[262, 1, 0, 10, 2, 0, 10, 6, 5, 0, 1, 1, 4, 0, 2, 6, 5, 3, 2, 2, 0, 2, 0, 0, 2, 6, 4, 10, 0, 4, 6, 0, 2, 0, 0, 0, 10, 5, 1, 0, 2, 0, 10, 0, 10, 10, 0, 0, 0, 0, 10, 5, 10, 2, 10, 10, 2, 10, 0, 0, 0, 1, 5, 0, 0, 3, 0, 0, 10, 5, 5, 3, 10, 5, 0, 0, 0, 1, 1, 2, 10, 0, 1, 0, 5, 10, 10, 0, 10, 0, 3, 2, 0, 1, 10, 0, 0, 10, 2, 1, 10]
[262, 2, 0, 10, 2, 0, 10, 6, 5, 0, 2, 3, 4, 0, 3, 6, 5, 3, 3, 2, 0, 2, 0, 0, 2, 6, 4, 10, 0, 4, 6, 0, 2, 0, 0, 0, 10, 5, 3, 0, 2, 0, 10, 0, 10, 10, 0, 0, 0, 0, 10, 5, 10, 3, 10, 10, 2, 10, 0, 0, 0, 1, 5, 0, 0, 3, 0, 0, 10, 5, 5, 3, 10, 5, 0, 0, 0, 2, 1, 3, 10, 0, 3, 0, 5, 10, 10, 0, 10, 0, 3, 3, 0, 3, 10, 0, 0, 10, 3, 3, 10]
[264, 2, 0, 10, 2, 0, 10, 6, 5, 0, 2, 3, 4, 0, 3, 6, 5, 3, 3, 2, 0, 2, 0, 0, 2, 6, 4, 10, 0, 4, 6, 0, 2, 0, 0, 0, 10, 6, 3, 0, 2, 0, 10, 0, 10, 10, 0, 0, 0, 0, 10, 6, 10, 3, 10, 10, 2, 10, 0, 0, 0, 1, 5, 0, 0, 3, 0, 0, 10, 5, 6, 3, 10, 6, 0, 0, 0, 2, 1, 3, 10, 0, 3, 0, 5, 10, 10, 0, 10, 0, 3, 3, 0, 3, 10, 0, 0, 10, 3, 3, 10]
[265, 2, 0, 10, 2, 0, 10, 6, 5, 0, 2, 3, 4, 0, 3, 6, 5, 3, 3, 2, 0, 3, 0, 0, 2, 6, 4, 10, 0, 4, 6, 0, 2, 0, 0, 0, 10, 6, 3, 0, 3, 0, 10, 0, 10, 10, 0, 0, 0, 0, 10, 6, 10, 3, 10, 10, 3, 10, 0, 0, 0, 1, 5, 0, 0, 3, 0, 0, 10, 5, 6, 3, 10, 6, 0, 0, 0, 2, 1, 3, 10, 0, 3, 0, 5, 10, 10, 0, 10, 0, 3, 3, 0, 3, 10, 0, 0, 10, 3, 3, 10]
[266, 2, 0, 10, 2, 0, 10, 6, 5, 0, 2, 3, 4, 0, 3, 6, 5, 3, 3, 2, 0, 3, 0, 0, 2, 6, 4, 10, 0, 4, 6, 0, 2, 0, 0, 0, 10, 6, 3, 0, 3, 0, 10, 0, 10, 10, 0, 0, 0, 0, 10, 6, 10, 3, 10, 10, 3, 10, 0, 0, 0, 2, 5, 0, 0, 3, 0, 0, 10, 5, 6, 3, 10, 6, 0, 0, 0, 2, 2, 3, 10, 0, 3, 0, 5, 10, 10, 0, 10, 0, 3, 3, 0, 3, 10, 0, 0, 10, 3, 3, 10]
[268, 2, 0, 10, 2, 0, 10, 6, 5, 0, 2, 3, 4, 0, 3, 6, 5, 3, 3, 2, 0, 3, 0, 0, 2, 6, 4, 10, 0, 4, 6, 0, 2, 0, 0, 0, 10, 6, 3, 0, 3, 0, 10, 0, 10, 10, 0, 0, 0, 0, 10, 7, 10, 3, 10, 10, 3, 10, 0, 0, 0, 2, 5, 0, 0, 3, 0, 0, 10, 5, 7, 3, 10, 6, 0, 0, 0, 2, 2, 3, 10, 0, 3, 0, 5, 10, 10, 0, 10, 0, 3, 3, 0, 3, 10, 0, 0, 10, 3, 3, 10]
[270, 2, 0, 10, 2, 0, 10, 6, 5, 0, 2, 4, 4, 0, 4, 6, 5, 3, 3, 2, 0, 4, 0, 0, 2, 6, 4, 10, 0, 4, 6, 0, 2, 0, 0, 0, 10, 6, 3, 0, 3, 0, 10, 0, 10, 10, 0, 0, 0, 0, 10, 7, 10, 3, 10, 10, 3, 10, 0, 0, 0, 2, 5, 0, 0, 3, 0, 0, 10, 5, 7, 3, 10, 6, 0, 0, 0, 2, 2, 3, 10, 0, 3, 0, 5, 10, 10, 0, 10, 0, 3, 3, 0, 3, 10, 0, 0, 10, 3, 3, 10]
[271, 2, 0, 10, 2, 0, 10, 6, 5, 0, 2, 4, 4, 0, 4, 6, 5, 3, 4, 2, 0, 4, 0, 0, 2, 6, 4, 10, 0, 4, 6, 0, 2, 0, 0, 0, 10, 6, 4, 0, 4, 0, 10, 0, 10, 10, 0, 0, 0, 0, 10, 7, 10, 4, 10, 10, 3, 10, 0, 0, 0, 2, 5, 0, 0, 3, 0, 0, 10, 5, 7, 3, 10, 6, 0, 0, 0, 2, 2, 4, 10, 0, 3, 0, 5, 10, 10, 0, 10, 0, 3, 4, 0, 4, 10, 0, 0, 10, 3, 4, 10]
[273, 3, 0, 10, 2, 0, 10, 6, 5, 0, 3, 4, 4, 0, 4, 6, 5, 3, 4, 3, 0, 4, 0, 0, 2, 6, 4, 10, 0, 4, 6, 0, 2, 0, 0, 0, 10, 6, 4, 0, 4, 0, 10, 0, 10, 10, 0, 0, 0, 0, 10, 7, 10, 4, 10, 10, 3, 10, 0, 0, 0, 3, 5, 0, 0, 3, 0, 0, 10, 5, 7, 3, 10, 6, 0, 0, 0, 3, 3, 4, 10, 0, 3, 0, 5, 10, 10, 0, 10, 0, 3, 4, 0, 4, 10, 0, 0, 10, 3, 4, 10]
[274, 4, 0, 10, 2, 0, 10, 6, 5, 0, 3, 4, 4, 0, 4, 6, 5, 3, 5, 4, 0, 4, 0, 0, 2, 6, 4, 10, 0, 4, 6, 0, 2, 0, 0, 0, 10, 6, 5, 0, 4, 0, 10, 0, 10, 10, 0, 0, 0, 0, 10, 7, 10, 5, 10, 10, 4, 10, 0, 0, 0, 4, 5, 0, 0, 3, 0, 0, 10, 5, 7, 3, 10, 6, 0, 0, 0, 4, 3, 4, 10, 0, 4, 0, 5, 10, 10, 0, 10, 0, 3, 4, 0, 5, 10, 0, 0, 10, 3, 4, 10]
[276, 5, 0, 10, 2, 0, 10, 6, 5, 0, 3, 5, 4, 0, 4, 6, 5, 3, 5, 5, 0, 4, 0, 0, 2, 6, 4, 10, 1, 4, 6, 0, 2, 0, 0, 1, 10, 6, 5, 1, 5, 0, 10, 0, 10, 10, 0, 0, 0, 0, 10, 7, 10, 5, 10, 10, 5, 10, 0, 1, 0, 5, 5, 0, 0, 3, 1, 0, 10, 5, 7, 3, 10, 6, 0, 0, 0, 5, 3, 5, 10, 0, 5, 0, 5, 10, 10, 1, 10, 0, 3, 5, 0, 5, 10, 0, 0, 10, 3, 4, 10]
[277, 5, 0, 10, 3, 0, 10, 6, 5, 0, 3, 5, 4, 0, 4, 6, 5, 3, 5, 5, 0, 4, 0, 0, 2, 6, 4, 10, 1, 4, 6, 0, 3, 0, 0, 1, 10, 6, 5, 1, 5, 0, 10, 0, 10, 10, 0, 0, 0, 0, 10, 7, 10, 5, 10, 10, 5, 10, 0, 1, 0, 5, 5, 0, 0, 3, 1, 0, 10, 5, 7, 3, 10, 6, 0, 0, 0, 5, 3, 5, 10, 0, 5, 0, 5, 10, 10, 1, 10, 0, 3, 5, 0, 5, 10, 0, 0, 10, 3, 4, 10]
[277, 5, 0, 10, 3, 0, 10, 6, 5, 0, 3, 5, 4, 0, 4, 6, 5, 3, 5, 5, 0, 4, 0, 0, 2, 6, 4, 10, 2, 4, 6, 0, 3, 0, 0, 2, 10, 6, 5, 2, 5, 0, 10, 0, 10, 10, 0, 0, 0, 0, 10, 7, 10, 5, 10, 10, 5, 10, 0, 2, 0, 5, 5, 0, 0, 3, 1, 0, 10, 5, 7, 3, 10, 6, 0, 0, 0, 5, 3, 5, 10, 0, 5, 0, 5, 10, 10, 2, 10, 0, 3, 5, 0, 5, 10, 0, 0, 10, 3, 4, 10]
[280, 6, 0, 10, 3, 0, 10, 6, 5, 0, 3, 6, 4, 0, 4, 6, 5, 3, 6, 6, 0, 4, 0, 0, 2, 6, 4, 10, 2, 4, 6, 0, 3, 0, 0, 2, 10, 6, 6, 2, 6, 0, 10, 0, 10, 10, 0, 0, 0, 0, 10, 7, 10, 6, 10, 10, 6, 10, 0, 2, 0, 6, 5, 0, 0, 3, 1, 0, 10, 5, 7, 3, 10, 6, 0, 0, 0, 5, 3, 5, 10, 0, 6, 0, 5, 10, 10, 2, 10, 0, 3, 6, 0, 6, 10, 0, 0, 10, 3, 4, 10]
[282, 6, 1, 10, 3, 0, 10, 6, 5, 0, 3, 6, 4, 0, 4, 6, 5, 3, 6, 6, 0, 4, 0, 0, 2, 6, 4, 10, 2, 4, 6, 1, 3, 0, 0, 2, 10, 6, 6, 2, 6, 1, 10, 0, 10, 10, 0, 0, 0, 1, 10, 7, 10, 6, 10, 10, 6, 10, 0, 2, 1, 6, 5, 0, 0, 3, 1, 1, 10, 5, 7, 3, 10, 6, 0, 0, 0, 5, 3, 5, 10, 0, 6, 0, 5, 10, 10, 2, 10, 0, 3, 6, 0, 6, 10, 0, 0, 10, 3, 4, 10]
[283, 7, 1, 10, 3, 0, 10, 6, 5, 0, 3, 7, 4, 0, 4, 6, 5, 3, 7, 7, 0, 4, 0, 0, 2, 6, 4, 10, 2, 4, 6, 1, 3, 0, 0, 2, 10, 6, 7, 2, 7, 1, 10, 0, 10, 10, 0, 0, 0, 1, 10, 7, 10, 7, 10, 10, 7, 10, 0, 2, 1, 7, 5, 0, 0, 3, 1, 1, 10, 5, 7, 3, 10, 6, 0, 0, 0, 5, 3, 5, 10, 0, 7, 0, 5, 10, 10, 2, 10, 0, 3, 7, 0, 7, 10, 0, 0, 10, 3, 4, 10]
[283, 7, 1, 10, 3, 0, 10, 6, 5, 0, 3, 7, 4, 0, 4, 6, 5, 3, 7, 7, 0, 4, 0, 0, 2, 6, 4, 10, 2, 4, 6, 1, 3, 0, 0, 3, 10, 6, 7, 3, 7, 1, 10, 0, 10, 10, 0, 0, 0, 1, 10, 7, 10, 7, 10, 10, 7, 10, 0, 3, 1, 7, 5, 0, 0, 3, 1, 1, 10, 5, 7, 3, 10, 6, 0, 0, 0, 5, 3, 5, 10, 0, 7, 0, 5, 10, 10, 3, 10, 0, 3, 7, 0, 7, 10, 0, 0, 10, 3, 4, 10]
[284, 7, 1, 10, 3, 0, 10, 6, 5, 0, 3, 7, 4, 0, 4, 6, 5, 3, 7, 7, 0, 5, 0, 0, 2, 6, 4, 10, 2, 4, 6, 1, 3, 0, 0, 3, 10, 6, 7, 3, 7, 1, 10, 0, 10, 10, 0, 0, 0, 1, 10, 7, 10, 7, 10, 10, 7, 10, 0, 3, 1, 7, 5, 0, 0, 3, 1, 1, 10, 5, 7, 3, 10, 6, 0, 0, 0, 5, 3, 5, 10, 0, 7, 0, 5, 10, 10, 3, 10, 0, 3, 7, 0, 7, 10, 0, 0, 10, 3, 4, 10]
[286, 8, 1, 10, 3, 0, 10, 6, 5, 0, 3, 8, 4, 0, 4, 6, 5, 3, 8, 8, 0, 5, 0, 0, 2, 6, 4, 10, 2, 4, 6, 1, 3, 0, 0, 3, 10, 6, 7, 3, 8, 1, 10, 0, 10, 10, 0, 0, 0, 1, 10, 7, 10, 8, 10, 10, 8, 10, 0, 3, 1, 8, 5, 0, 0, 3, 1, 1, 10, 5, 7, 3, 10, 6, 0, 0, 0, 5, 3, 5, 10, 0, 8, 0, 5, 10, 10, 3, 10, 0, 3, 8, 0, 8, 10, 0, 0, 10, 3, 4, 10]
[287, 9, 1, 10, 3, 0, 10, 6, 5, 0, 3, 9, 4, 0, 4, 6, 5, 3, 9, 8, 0, 5, 0, 0, 2, 6, 4, 10, 2, 4, 6, 1, 3, 0, 0, 3, 10, 6, 7, 3, 9, 1, 10, 0, 10, 10, 0, 0, 0, 1, 10, 7, 10, 8, 10, 10, 8, 10, 0, 3, 1, 9, 5, 0, 0, 3, 1, 1, 10, 5, 7, 3, 10, 6, 0, 0, 0, 6, 3, 6, 10, 0, 9, 0, 5, 10, 10, 3, 10, 0, 3, 9, 0, 9, 10, 0, 0, 10, 3, 4, 10]
[290, 9, 1, 10, 3, 0, 10, 6, 5, 0, 3, 9, 4, 0, 4, 6, 5, 3, 9, 9, 0, 5, 0, 0, 2, 6, 4, 10, 2, 4, 6, 1, 3, 0, 0, 3, 10, 6, 7, 3, 9, 1, 10, 0, 10, 10, 0, 0, 0, 1, 10, 7, 10, 9, 10, 10, 8, 10, 0, 3, 1, 9, 5, 0, 0, 3, 1, 1, 10, 5, 7, 3, 10, 6, 0, 0, 0, 6, 3, 6, 10, 0, 9, 0, 5, 10, 10, 3, 10, 0, 3, 9, 0, 9, 10, 0, 0, 10, 3, 4, 10]
[293, 9, 1, 10, 3, 0, 10, 6, 5, 0, 3, 9, 4, 0, 4, 6, 5, 3, 9, 9, 0, 5, 0, 0, 2, 6, 4, 10, 2, 4, 6, 1, 3, 0, 0, 3, 10, 6, 7, 3, 9, 1, 10, 0, 10, 10, 0, 0, 0, 2, 10, 7, 10, 9, 10, 10, 8, 10, 0, 3, 1, 9, 5, 0, 0, 3, 2, 1, 10, 5, 7, 3, 10, 6, 0, 0, 0, 6, 3, 6, 10, 0, 9, 0, 5, 10, 10, 3, 10, 0, 3, 9, 0, 9, 10, 0, 0, 10, 3, 4, 10]
[295, 9, 1, 10, 3, 1, 10, 6, 5, 1, 3, 9, 4, 1, 4, 6, 5, 3, 9, 9, 0, 5, 0, 0, 2, 6, 4, 10, 2, 4, 6, 1, 3, 0, 1, 3, 10, 6, 7, 3, 9, 1, 10, 0, 10, 10, 1, 1, 1, 2, 10, 7, 10, 9, 10, 10, 8, 10, 1, 3, 1, 9, 5, 0, 0, 3, 2, 1, 10, 5, 7, 3, 10, 6, 0, 1, 0, 6, 3, 6, 10, 1, 9, 0, 5, 10, 10, 3, 10, 0, 3, 9, 1, 9, 10, 1, 0, 10, 3, 4, 10]
[296, 9, 1, 10, 3, 1, 10, 6, 5, 1, 3, 10, 4, 1, 4, 6, 5, 3, 10, 9, 0, 5, 0, 0, 2, 6, 4, 10, 2, 4, 6, 1, 3, 0, 1, 3, 10, 6, 7, 3, 9, 1, 10, 0, 10, 10, 1, 1, 1, 2, 10, 7, 10, 9, 10, 10, 8, 10, 1, 3, 1, 10, 5, 0, 0, 3, 2, 1, 10, 5, 7, 3, 10, 6, 0, 1, 0, 6, 3, 6, 10, 1, 9, 0, 5, 10, 10, 3, 10, 0, 3, 9, 1, 10, 10, 1, 0, 10, 3, 4, 10]
[298, 9, 1, 10, 3, 1, 10, 6, 5, 1, 3, 10, 4, 1, 4, 6, 5, 3, 10, 9, 0, 5, 0, 0, 2, 6, 4, 10, 2, 4, 6, 2, 3, 0, 1, 3, 10, 6, 7, 3, 9, 2, 10, 0, 10, 10, 2, 1, 1, 2, 10, 7, 10, 9, 10, 10, 8, 10, 1, 3, 2, 10, 5, 0, 0, 3, 2, 2, 10, 5, 7, 3, 10, 6, 0, 1, 0, 6, 3, 6, 10, 1, 9, 0, 5, 10, 10, 3, 10, 0, 3, 9, 1, 10, 10, 1, 0, 10, 3, 4, 10]
[298, 9, 1, 10, 3, 1, 10, 6, 5, 1, 3, 10, 4, 1, 4, 6, 5, 3, 10, 9, 0, 5, 1, 0, 2, 6, 4, 10, 2, 4, 6, 2, 3, 0, 1, 3, 10, 6, 7, 3, 9, 2, 10, 0, 10, 10, 2, 1, 1, 2, 10, 7, 10, 9, 10, 10, 8, 10, 1, 3, 2, 10, 5, 1, 0, 3, 2, 2, 10, 5, 7, 3, 10, 6, 1, 1, 0, 6, 3, 6, 10, 1, 9, 0, 5, 10, 10, 3, 10, 0, 3, 9, 1, 10, 10, 1, 0, 10, 3, 4, 10]
[300, 10, 1, 10, 3, 1, 10, 6, 5, 1, 3, 10, 4, 1, 4, 6, 5, 3, 10, 10, 0, 5, 1, 0, 2, 6, 4, 10, 2, 4, 6, 2, 3, 0, 1, 3, 10, 6, 7, 3, 9, 2, 10, 0, 10, 10, 2, 1, 1, 2, 10, 7, 10, 9, 10, 10, 8, 10, 1, 3, 2, 10, 5, 1, 0, 3, 2, 2, 10, 5, 7, 3, 10, 6, 1, 1, 0, 6, 3, 6, 10, 1, 9, 0, 5, 10, 10, 3, 10, 0, 3, 9, 1, 10, 10, 1, 0, 10, 3, 4, 10]
[300, 10, 1, 10, 3, 1, 10, 6, 5, 1, 3, 10, 4, 1, 4, 6, 5, 3, 10, 10, 0, 6, 1, 0, 2, 6, 4, 10, 2, 4, 6, 2, 3, 0, 1, 3, 10, 6, 7, 3, 9, 2, 10, 0, 10, 10, 2, 1, 1, 2, 10, 7, 10, 9, 10, 10, 8, 10, 1, 3, 2, 10, 5, 1, 0, 3, 2, 2, 10, 5, 7, 3, 10, 6, 1, 1, 0, 6, 3, 6, 10, 1, 9, 0, 5, 10, 10, 3, 10, 0, 3, 9, 1, 10, 10, 1, 0, 10, 3, 4, 10]
[303, 10, 1, 10, 3, 1, 10, 6, 5, 1, 3, 10, 4, 1, 4, 6, 5, 3, 10, 10, 0, 6, 1, 0, 2, 6, 4, 10, 2, 4, 6, 2, 3, 0, 1, 3, 10, 6, 7, 3, 9, 3, 10, 0, 10, 10, 3, 1, 1, 3, 10, 7, 10, 9, 10, 10, 8, 10, 1, 3, 3, 10, 5, 1, 0, 3, 3, 3, 10, 5, 7, 3, 10, 6, 1, 1, 0, 6, 3, 6, 10, 1, 9, 0, 5, 10, 10, 3, 10, 0, 3, 9, 1, 10, 10, 1, 0, 10, 3, 4, 10]
[304, 10, 1, 10, 3, 1, 10, 6, 5, 1, 3, 10, 4, 1, 4, 6, 5, 3, 10, 10, 0, 6, 1, 0, 2, 6, 4, 10, 3, 4, 6, 3, 3, 0, 1, 3, 10, 6, 7, 3, 9, 3, 10, 0, 10, 10, 3, 1, 1, 3, 10, 7, 10, 9, 10, 10, 8, 10, 1, 3, 3, 10, 5, 1, 0, 3, 3, 3, 10, 5, 7, 3, 10, 6, 1, 1, 0, 6, 3, 6, 10, 1, 9, 0, 5, 10, 10, 3, 10, 0, 3, 9, 1, 10, 10, 1, 0, 10, 3, 4, 10]
[304, 10, 1, 10, 3, 2, 10, 6, 5, 2, 3, 10, 4, 2, 4, 6, 5, 3, 10, 10, 0, 6, 1, 0, 2, 6, 4, 10, 4, 4, 6, 4, 3, 0, 2, 4, 10, 6, 7, 4, 9, 3, 10, 0, 10, 10, 3, 1, 2, 3, 10, 7, 10, 9, 10, 10, 8, 10, 2, 3, 4, 10, 5, 2, 0, 3, 3, 4, 10, 5, 7, 3, 10, 6, 2, 2, 0, 6, 3, 6, 10, 2, 9, 0, 5, 10, 10, 4, 10, 0, 3, 9, 2, 10, 10, 2, 0, 10, 3, 4, 10]
[306, 10, 1, 10, 3, 2, 10, 6, 5, 2, 3, 10, 4, 2, 4, 6, 5, 3, 10, 10, 1, 6, 1, 1, 2, 6, 4, 10, 4, 4, 6, 4, 3, 1, 2, 4, 10, 6, 7, 4, 9, 3, 10, 0, 10, 10, 3, 1, 2, 3, 10, 7, 10, 9, 10, 10, 8, 10, 2, 3, 4, 10, 5, 2, 0, 3, 3, 4, 10, 5, 7, 3, 10, 6, 2, 2, 1, 6, 3, 6, 10, 2, 9, 0, 5, 10, 10, 4, 10, 0, 3, 9, 2, 10, 10, 2, 1, 10, 3, 4, 10]
[307, 10, 1, 10, 3, 2, 10, 6, 5, 2, 3, 10, 4, 2, 4, 6, 5, 3, 10, 10, 1, 6, 1, 1, 2, 6, 4, 10, 4, 4, 6, 4, 3, 1, 2, 4, 10, 6, 7, 4, 10, 3, 10, 0, 10, 10, 3, 1, 2, 3, 10, 7, 10, 10, 10, 10, 8, 10, 2, 3, 4, 10, 5, 2, 0, 3, 3, 4, 10, 5, 7, 3, 10, 6, 2, 2, 1, 6, 3, 6, 10, 2, 10, 0, 5, 10, 10, 4, 10, 0, 3, 10, 2, 10, 10, 2, 1, 10, 3, 4, 10]
[308, 10, 1, 10, 3, 2, 10, 6, 5, 2, 4, 10, 4, 2, 4, 6, 5, 3, 10, 10, 1, 6, 1, 1, 2, 6, 4, 10, 4, 4, 6, 4, 3, 1, 2, 4, 10, 6, 8, 4, 10, 4, 10, 0, 10, 10, 3, 1, 2, 3, 10, 7, 10, 10, 10, 10, 8, 10, 2, 4, 4, 10, 5, 2, 0, 3, 3, 4, 10, 5, 7, 3, 10, 6, 2, 2, 1, 6, 3, 6, 10, 2, 10, 0, 5, 10, 10, 4, 10, 0, 3, 10, 2, 10, 10, 2, 1, 10, 3, 4, 10]
[308, 10, 1, 10, 3, 2, 10, 6, 5, 2, 4, 10, 4, 2, 4, 6, 5, 3, 10, 10, 1, 7, 1, 1, 2, 6, 4, 10, 5, 4, 6, 5, 3, 1, 2, 5, 10, 6, 8, 5, 10, 4, 10, 0, 10, 10, 3, 1, 2, 3, 10, 7, 10, 10, 10, 10, 8, 10, 2, 4, 5, 10, 5, 2, 0, 3, 3, 5, 10, 5, 7, 3, 10, 6, 2, 2, 1, 6, 3, 6, 10, 2, 10, 0, 5, 10, 10, 5, 10, 0, 3, 10, 2, 10, 10, 2, 1, 10, 3, 4, 10]
[309, 10, 2, 10, 3, 2, 10, 6, 5, 2, 4, 10, 4, 2, 4, 6, 5, 3, 10, 10, 2, 7, 1, 2, 2, 6, 4, 10, 6, 4, 6, 6, 3, 2, 2, 6, 10, 6, 8, 6, 10, 4, 10, 0, 10, 10, 3, 2, 2, 3, 10, 7, 10, 10, 10, 10, 8, 10, 2, 4, 6, 10, 5, 2, 0, 3, 3, 6, 10, 5, 7, 3, 10, 6, 2, 2, 2, 6, 3, 6, 10, 2, 10, 0, 5, 10, 10, 6, 10, 0, 3, 10, 2, 10, 10, 2, 1, 10, 3, 4, 10]
[311, 10, 2, 10, 3, 2, 10, 6, 5, 2, 4, 10, 4, 2, 4, 6, 5, 3, 10, 10, 2, 7, 1, 2, 2, 6, 4, 10, 6, 4, 6, 6, 3, 2, 3, 6, 10, 6, 8, 6, 10, 4, 10, 0, 10, 10, 3, 3, 2, 3, 10, 7, 10, 10, 10, 10, 8, 10, 2, 4, 6, 10, 5, 3, 0, 3, 3, 6, 10, 5, 7, 3, 10, 6, 3, 2, 2, 6, 3, 6, 10, 3, 10, 0, 5, 10, 10, 6, 10, 0, 3, 10, 3, 10, 10, 3, 1, 10, 3, 4, 10]
[311, 10, 2, 10, 3, 3, 10, 6, 5, 3, 4, 10, 4, 3, 4, 6, 5, 3, 10, 10, 3, 7, 1, 3, 2, 6, 4, 10, 6, 4, 6, 6, 3, 3, 3, 6, 10, 6, 8, 6, 10, 4, 10, 0, 10, 10, 3, 3, 3, 3, 10, 7, 10, 10, 10, 10, 8, 10, 3, 4, 6, 10, 5, 3, 0, 3, 3, 6, 10, 5, 7, 3, 10, 6, 3, 3, 3, 6, 3, 6, 10, 3, 10, 0, 5, 10, 10, 6, 10, 0, 3, 10, 3, 10, 10, 3, 1, 10, 3, 4, 10]
[312, 10, 2, 10, 3, 3, 10, 6, 5, 3, 4, 10, 4, 3, 4, 6, 5, 3, 10, 10, 3, 7, 1, 3, 2, 6, 4, 10, 7, 4, 6, 7, 3, 3, 3, 6, 10, 6, 8, 6, 10, 4, 10, 0, 10, 10, 3, 3, 3, 3, 10, 7, 10, 10, 10, 10, 8, 10, 3, 4, 6, 10, 5, 3, 0, 3, 3, 7, 10, 5, 7, 3, 10, 6, 3, 3, 3, 6, 3, 6, 10, 3, 10, 0, 5, 10, 10, 7, 10, 0, 3, 10, 3, 10, 10, 3, 1, 10, 3, 4, 10]
[315, 10, 2, 10, 3, 3, 10, 6, 5, 3, 4, 10, 4, 3, 4, 6, 5, 3, 10, 10, 3, 7, 1, 3, 2, 6, 4, 10, 7, 4, 6, 7, 3, 3, 3, 6, 10, 6, 8, 6, 10, 4, 10, 0, 10, 10, 3, 3, 3, 3, 10, 7, 10, 10, 10, 10, 8, 10, 3, 4, 6, 10, 5, 3, 0, 3, 3, 7, 10, 5, 7, 3, 10, 6, 3, 3, 3, 7, 3, 7, 10, 3, 10, 0, 5, 10, 10, 7, 10, 0, 3, 10, 3, 10, 10, 3, 1, 10, 3, 4, 10]
[317, 10, 2, 10, 3, 3, 10, 6, 5, 3, 4, 10, 4, 3, 4, 6, 5, 3, 10, 10, 3, 7, 1, 3, 2, 6, 4, 10, 8, 4, 6, 8, 3, 3, 3, 6, 10, 6, 8, 6, 10, 4, 10, 0, 10, 10, 3, 3, 3, 3, 10, 7, 10, 10, 10, 10, 8, 10, 3, 4, 6, 10, 5, 3, 0, 3, 3, 7, 10, 5, 7, 3, 10, 6, 3, 3, 3, 7, 3, 7, 10, 3, 10, 0, 5, 10, 10, 7, 10, 0, 3, 10, 3, 10, 10, 3, 1, 10, 3, 4, 10]
[318, 10, 2, 10, 3, 4, 10, 6, 5, 4, 4, 10, 4, 4, 4, 6, 5, 3, 10, 10, 4, 7, 1, 3, 2, 6, 4, 10, 8, 4, 6, 8, 3, 3, 3, 6, 10, 6, 8, 6, 10, 4, 10, 0, 10, 10, 3, 4, 4, 3, 10, 7, 10, 10, 10, 10, 8, 10, 4, 4, 6, 10, 5, 4, 0, 3, 3, 7, 10, 5, 7, 3, 10, 6, 4, 4, 4, 7, 3, 7, 10, 3, 10, 0, 5, 10, 10, 7, 10, 0, 3, 10, 4, 10, 10, 4, 1, 10, 3, 4, 10]
[319, 10, 2, 10, 3, 4, 10, 6, 5, 4, 4, 10, 4, 4, 4, 6, 5, 3, 10, 10, 4, 7, 1, 3, 2, 6, 4, 10, 8, 4, 6, 8, 3, 3, 4, 6, 10, 6, 8, 6, 10, 4, 10, 0, 10, 10, 4, 4, 4, 3, 10, 7, 10, 10, 10, 10, 8, 10, 4, 4, 6, 10, 5, 4, 0, 3, 3, 7, 10, 5, 7, 3, 10, 6, 4, 4, 4, 7, 3, 7, 10, 4, 10, 0, 5, 10, 10, 7, 10, 0, 3, 10, 4, 10, 10, 4, 1, 10, 3, 4, 10]
[321, 10, 2, 10, 3, 4, 10, 6, 5, 4, 4, 10, 4, 4, 4, 6, 5, 3, 10, 10, 4, 7, 1, 3, 2, 6, 4, 10, 8, 4, 6, 8, 3, 3, 4, 6, 10, 6, 8, 6, 10, 4, 10, 1, 10, 10, 4, 4, 4, 3, 10, 7, 10, 10, 10, 10, 8, 10, 4, 4, 6, 10, 5, 4, 1, 3, 3, 7, 10, 5, 7, 3, 10, 6, 4, 4, 4, 7, 3, 7, 10, 4, 10, 0, 5, 10, 10, 7, 10, 1, 3, 10, 4, 10, 10, 4, 1, 10, 3, 4, 10]
[323, 10, 2, 10, 3, 4, 10, 6, 5, 4, 4, 10, 4, 5, 4, 6, 5, 3, 10, 10, 5, 7, 1, 3, 2, 6, 4, 10, 8, 4, 6, 8, 3, 3, 4, 6, 10, 6, 8, 6, 10, 4, 10, 1, 10, 10, 4, 5, 5, 3, 10, 7, 10, 10, 10, 10, 8, 10, 5, 4, 6, 10, 5, 4, 1, 3, 3, 7, 10, 5, 7, 3, 10, 6, 4, 5, 4, 7, 3, 7, 10, 5, 10, 0, 5, 10, 10, 7, 10, 1, 3, 10, 5, 10, 10, 5, 1, 10, 3, 4, 10]
[326, 10, 2, 10, 3, 4, 10, 6, 5, 4, 5, 10, 4, 5, 5, 6, 5, 3, 10, 10, 5, 7, 1, 3, 2, 6, 4, 10, 8, 4, 6, 8, 3, 3, 4, 6, 10, 6, 8, 6, 10, 5, 10, 1, 10, 10, 4, 5, 5, 3, 10, 7, 10, 10, 10, 10, 8, 10, 5, 5, 6, 10, 5, 5, 1, 3, 3, 7, 10, 5, 7, 3, 10, 6, 4, 5, 4, 7, 3, 7, 10, 5, 10, 0, 5, 10, 10, 7, 10, 1, 3, 10, 5, 10, 10, 5, 1, 10, 3, 5, 10]
[327, 10, 2, 10, 3, 4, 10, 6, 5, 4, 5, 10, 4, 6, 5, 6, 5, 3, 10, 10, 5, 7, 1, 3, 2, 6, 4, 10, 8, 4, 6, 8, 3, 3, 4, 6, 10, 6, 8, 6, 10, 5, 10, 1, 10, 10, 4, 5, 6, 3, 10, 7, 10, 10, 10, 10, 8, 10, 6, 5, 6, 10, 5, 5, 1, 3, 3, 7, 10, 5, 7, 3, 10, 6, 4, 6, 4, 7, 3, 7, 10, 5, 10, 0, 5, 10, 10, 7, 10, 1, 3, 10, 5, 10, 10, 6, 1, 10, 3, 5, 10]
[331, 10, 2, 10, 3, 4, 10, 6, 5, 4, 5, 10, 4, 7, 5, 6, 5, 3, 10, 10, 5, 7, 1, 3, 2, 6, 4, 10, 8, 4, 6, 8, 3, 3, 4, 6, 10, 6, 8, 6, 10, 5, 10, 1, 10, 10, 4, 5, 7, 3, 10, 7, 10, 10, 10, 10, 8, 10, 7, 5, 6, 10, 5, 5, 1, 3, 3, 7, 10, 5, 7, 3, 10, 6, 4, 7, 4, 7, 3, 7, 10, 5, 10, 0, 5, 10, 10, 7, 10, 1, 3, 10, 5, 10, 10, 7, 1, 10, 3, 5, 10]
[332, 10, 2, 10, 3, 4, 10, 6, 5, 4, 5, 10, 4, 7, 5, 6, 5, 3, 10, 10, 5, 7, 1, 3, 2, 6, 4, 10, 8, 4, 6, 8, 3, 3, 4, 6, 10, 6, 8, 6, 10, 5, 10, 1, 10, 10, 4, 5, 7, 3, 10, 7, 10, 10, 10, 10, 8, 10, 7, 5, 6, 10, 5, 5, 1, 3, 3, 7, 10, 5, 7, 3, 10, 6, 4, 7, 4, 7, 3, 7, 10, 5, 10, 0, 5, 10, 10, 7, 10, 2, 3, 10, 5, 10, 10, 7, 1, 10, 3, 5, 10]
[332, 10, 2, 10, 3, 4, 10, 6, 5, 4, 5, 10, 4, 7, 5, 6, 5, 3, 10, 10, 5, 8, 1, 3, 2, 6, 4, 10, 8, 4, 6, 8, 3, 3, 4, 6, 10, 6, 8, 6, 10, 5, 10, 1, 10, 10, 4, 5, 7, 3, 10, 7, 10, 10, 10, 10, 8, 10, 7, 5, 6, 10, 5, 5, 1, 3, 3, 7, 10, 5, 7, 3, 10, 6, 4, 7, 4, 7, 3, 8, 10, 5, 10, 0, 5, 10, 10, 7, 10, 2, 3, 10, 5, 10, 10, 7, 1, 10, 3, 5, 10]
[333, 10, 2, 10, 3, 4, 10, 6, 5, 4, 5, 10, 4, 7, 5, 6, 5, 3, 10, 10, 5, 8, 1, 3, 2, 6, 4, 10, 8, 4, 6, 8, 3, 3, 4, 6, 10, 6, 8, 6, 10, 5, 10, 2, 10, 10, 4, 5, 7, 3, 10, 7, 10, 10, 10, 10, 8, 10, 7, 5, 6, 10, 5, 5, 2, 3, 3, 7, 10, 5, 7, 3, 10, 6, 4, 7, 4, 7, 3, 8, 10, 5, 10, 0, 5, 10, 10, 7, 10, 2, 3, 10, 5, 10, 10, 7, 1, 10, 3, 5, 10]
[336, 10, 2, 10, 3, 4, 10, 6, 5, 4, 5, 10, 4, 7, 5, 6, 5, 3, 10, 10, 5, 8, 1, 3, 2, 6, 4, 10, 8, 4, 6, 8, 3, 3, 4, 6, 10, 6, 8, 6, 10, 5, 10, 3, 10, 10, 4, 5, 7, 3, 10, 7, 10, 10, 10, 10, 8, 10, 7, 5, 6, 10, 5, 5, 3, 3, 3, 7, 10, 5, 7, 3, 10, 6, 4, 7, 4, 7, 3, 8, 10, 5, 10, 0, 5, 10, 10, 7, 10, 3, 3, 10, 5, 10, 10, 7, 1, 10, 3, 5, 10]
[341, 10, 2, 10, 3, 4, 10, 6, 5, 4, 5, 10, 4, 7, 5, 6, 5, 3, 10, 10, 5, 8, 1, 3, 2, 6, 4, 10, 8, 4, 6, 8, 3, 3, 4, 6, 10, 6, 8, 6, 10, 5, 10, 4, 10, 10, 4, 5, 7, 3, 10, 7, 10, 10, 10, 10, 8, 10, 7, 5, 6, 10, 5, 5, 4, 3, 3, 7, 10, 5, 7, 3, 10, 6, 4, 7, 4, 7, 3, 8, 10, 5, 10, 0, 5, 10, 10, 7, 10, 4, 3, 10, 5, 10, 10, 7, 1, 10, 3, 5, 10]
[342, 10, 2, 10, 3, 4, 10, 6, 5, 4, 5, 10, 4, 7, 5, 6, 5, 3, 10, 10, 5, 9, 1, 3, 2, 6, 4, 10, 8, 4, 6, 8, 3, 3, 4, 6, 10, 6, 8, 6, 10, 5, 10, 4, 10, 10, 4, 5, 7, 3, 10, 7, 10, 10, 10, 10, 9, 10, 7, 5, 6, 10, 5, 5, 4, 3, 3, 7, 10, 5, 7, 3, 10, 6, 4, 7, 4, 7, 3, 9, 10, 5, 10, 0, 5, 10, 10, 7, 10, 4, 3, 10, 5, 10, 10, 7, 1, 10, 3, 5, 10]
[344, 10, 2, 10, 3, 4, 10, 6, 5, 4, 5, 10, 4, 7, 5, 6, 5, 3, 10, 10, 5, 10, 1, 3, 2, 6, 4, 10, 8, 4, 6, 8, 3, 3, 4, 6, 10, 6, 8, 6, 10, 5, 10, 4, 10, 10, 4, 5, 7, 3, 10, 7, 10, 10, 10, 10, 10, 10, 7, 5, 6, 10, 5, 5, 4, 3, 3, 7, 10, 5, 7, 3, 10, 6, 4, 7, 4, 7, 3, 10, 10, 5, 10, 0, 5, 10, 10, 7, 10, 4, 3, 10, 5, 10, 10, 7, 1, 10, 3, 5, 10]
