[11, 0, 0, 0, 0, 0, 0, 0, 0, 0, 0, 0, 0, 0, 0, 0, 0, 0, 0, 0, 0, 0, 0, 0, 0, 0, 0, 0, 0, 0, 0, 0, 0, 0, 0, 0, 0, 0, 0, 0, 0, 0, 0, 0, 0, 0, 0, 0, 0, 0, 0, 0, 0, 0, 0, 0, 0, 0, 1, 0, 0, 0, 0, 0, 0, 0, 0, 0, 0, 0, 0, 0, 0, 0, 0, 0, 0, 0, 0, 0, 0, 0, 0, 1, 0, 0, 0, 0, 0, 0, 0, 0, 0, 0, 0, 0, 0, 0, 0, 0, 0]
[12, 0, 0, 0, 0, 0, 0, 0, 0, 0, 0, 0, 0, 0, 0, 0, 0, 0, 0, 0, 0, 0, 0, 0, 0, 0, 0, 0, 0, 0, 0, 0, 0, 0, 0, 0, 0, 0, 0, 0, 0, 0, 0, 0, 0, 0, 0, 0, 0, 0, 0, 0, 0, 0, 0, 0, 0, 0, 1, 0, 0, 0, 0, 0, 0, 0, 0, 0, 0, 0, 0, 0, 0, 0, 0, 0, 0, 0, 0, 0, 0, 0, 0, 2, 0, 0, 0, 0, 0, 0, 0, 0, 0, 0, 0, 0, 0, 0, 0, 0, 0]
[13, 0, 0, 0, 0, 0, 0, 0, 0, 0, 0, 0, 0, 0, 0, 0, 0, 0, 0, 0, 0, 0, 0, 0, 0, 0, 0, 0, 0, 0, 0, 0, 0, 0, 0, 0, 0, 0, 0, 0, 0, 0, 0, 0, 0, 0, 0, 0, 0, 0, 0, 0, 0, 0, 0, 0, 0, 0, 1, 0, 0, 0, 0, 0, 0, 0, 0, 0, 0, 0, 0, 0, 0, 0, 0, 0, 0, 0, 0, 0, 0, 0, 0, 3, 0, 0, 0, 0, 0, 0, 0, 0, 0, 0, 0, 0, 0, 0, 0, 0, 0]
[24, 0, 0, 0, 0, 0, 0, 0, 0, 0, 0, 0, 0, 0, 0, 0, 0, 0, 0, 0, 0, 0, 0, 0, 0, 0, 0, 0, 0, 0, 0, 0, 0, 0, 0, 0, 0, 0, 0, 0, 0, 0, 0, 0, 0, 0, 0, 0, 0, 0, 0, 0, 0, 0, 0, 0, 0, 0, 1, 0, 0, 0, 0, 0, 0, 0, 0, 0, 0, 0, 0, 0, 0, 0, 0, 0, 0, 0, 0, 0, 0, 0, 0, 4, 0, 0, 0, 0, 0, 0, 0, 0, 0, 0, 0, 0, 0, 0, 0, 0, 0]
[25, 0, 0, 0, 0, 0, 0, 0, 0, 0, 0, 0, 0, 0, 0, 0, 0, 0, 0, 0, 0, 0, 0, 0, 0, 0, 0, 0, 0, 0, 0, 0, 0, 0, 0, 0, 0, 0, 0, 0, 0, 0, 0, 0, 0, 0, 0, 0, 0, 0, 0, 0, 0, 0, 0, 0, 0, 0, 1, 0, 0, 0, 0, 0, 0, 0, 0, 0, 0, 0, 0, 0, 0, 0, 0, 0, 0, 0, 0, 0, 0, 0, 0, 5, 0, 0, 0, 0, 0, 0, 0, 0, 0, 0, 0, 0, 0, 0, 0, 0, 0]
[26, 0, 0, 0, 0, 0, 0, 0, 0, 0, 0, 0, 0, 0, 0, 0, 0, 0, 0, 0, 0, 0, 0, 0, 0, 0, 0, 0, 0, 0, 0, 0, 0, 0, 0, 0, 0, 0, 0, 0, 0, 0, 0, 0, 0, 0, 0, 0, 0, 0, 0, 0, 0, 0, 0, 0, 0, 0, 1, 0, 0, 0, 0, 0, 0, 0, 0, 0, 0, 0, 0, 0, 0, 0, 0, 0, 0, 0, 0, 0, 0, 0, 0, 6, 0, 0, 0, 0, 0, 0, 0, 0, 0, 0, 0, 0, 0, 0, 0, 0, 0]
[27, 0, 0, 0, 0, 0, 0, 0, 0, 0, 0, 0, 0, 0, 0, 0, 0, 0, 0, 0, 0, 0, 0, 0, 0, 0, 0, 0, 0, 0, 0, 0, 0, 0, 0, 0, 0, 0, 0, 0, 0, 0, 0, 0, 0, 0, 0, 0, 0, 0, 0, 0, 0, 0, 0, 0, 0, 0, 1, 0, 0, 0, 0, 0, 0, 0, 0, 0, 0, 0, 0, 0, 0, 0, 0, 0, 0, 0, 0, 0, 0, 0, 0, 7, 0, 0, 0, 0, 0, 0, 0, 0, 0, 0, 0, 0, 0, 0, 0, 0, 0]
[28, 0, 0, 0, 0, 0, 0, 0, 0, 0, 0, 0, 0, 0, 0, 0, 0, 0, 0, 0, 0, 0, 0, 0, 0, 0, 0, 0, 0, 0, 0, 0, 0, 0, 0, 0, 0, 0, 0, 0, 0, 0, 0, 0, 0, 0, 0, 0, 0, 0, 0, 0, 0, 0, 0, 0, 0, 0, 1, 0, 0, 0, 0, 0, 0, 0, 0, 0, 0, 0, 0, 0, 0, 0, 0, 0, 0, 0, 0, 0, 0, 0, 0, 8, 0, 0, 0, 0, 0, 0, 0, 0, 0, 0, 0, 0, 0, 0, 0, 0, 0]
[29, 0, 0, 0, 0, 0, 0, 0, 0, 0, 0, 0, 0, 0, 0, 0, 0, 0, 0, 0, 0, 0, 0, 0, 0, 0, 0, 0, 0, 0, 0, 0, 0, 0, 0, 0, 0, 0, 0, 0, 0, 0, 0, 0, 0, 0, 0, 0, 0, 0, 0, 0, 0, 0, 0, 0, 0, 0, 1, 0, 0, 0, 0, 0, 0, 0, 0, 0, 0, 0, 0, 0, 0, 0, 0, 0, 0, 0, 0, 0, 0, 0, 0, 9, 0, 0, 0, 0, 0, 0, 0, 0, 0, 0, 0, 0, 0, 0, 0, 0, 0]
[30, 0, 0, 0, 0, 0, 0, 0, 0, 0, 0, 0, 0, 0, 0, 0, 0, 0, 0, 0, 0, 0, 0, 0, 0, 0, 0, 0, 0, 0, 0, 0, 0, 0, 0, 0, 0, 0, 0, 0, 0, 0, 0, 0, 0, 0, 0, 0, 0, 0, 0, 0, 0, 0, 0, 0, 0, 0, 1, 0, 0, 0, 0, 0, 0, 0, 0, 0, 0, 0, 0, 0, 0, 0, 0, 0, 0, 0, 0, 0, 0, 0, 0, 10, 0, 0, 0, 0, 0, 0, 0, 0, 0, 0, 0, 0, 0, 0, 0, 0, 0]
[31, 0, 0, 0, 0, 0, 0, 0, 0, 0, 0, 0, 0, 0, 0, 1, 0, 0, 0, 0, 0, 0, 0, 0, 0, 0, 0, 0, 0, 0, 0, 0, 0, 0, 0, 0, 0, 0, 0, 0, 0, 0, 0, 0, 0, 0, 0, 0, 0, 0, 0, 0, 0, 0, 0, 0, 0, 0, 1, 0, 0, 0, 0, 0, 0, 0, 0, 0, 0, 0, 0, 0, 0, 0, 0, 0, 0, 0, 0, 0, 0, 0, 0, 10, 0, 0, 0, 0, 0, 0, 0, 0, 0, 0, 0, 0, 0, 0, 0, 0, 0]
[32, 0, 0, 0, 0, 0, 0, 0, 0, 0, 0, 0, 0, 0, 0, 2, 0, 0, 0, 0, 0, 0, 0, 0, 0, 0, 0, 0, 0, 0, 0, 0, 0, 0, 0, 0, 0, 0, 0, 0, 0, 0, 0, 0, 0, 0, 0, 0, 0, 0, 0, 0, 0, 0, 0, 0, 0, 0, 2, 0, 0, 0, 0, 0, 0, 0, 0, 0, 0, 0, 0, 0, 0, 0, 0, 0, 0, 0, 0, 0, 0, 0, 0, 10, 0, 0, 0, 0, 0, 0, 0, 0, 0, 0, 0, 0, 0, 0, 0, 0, 0]
[33, 0, 0, 0, 0, 0, 0, 0, 0, 0, 0, 0, 0, 0, 0, 3, 0, 0, 0, 0, 0, 0, 0, 0, 0, 0, 0, 0, 0, 0, 0, 0, 0, 0, 0, 0, 0, 0, 0, 0, 0, 0, 0, 0, 0, 0, 0, 0, 0, 0, 0, 0, 0, 0, 0, 0, 0, 0, 3, 0, 0, 0, 0, 0, 0, 0, 0, 0, 0, 0, 0, 0, 0, 0, 0, 0, 0, 0, 0, 0, 0, 0, 0, 10, 0, 0, 0, 0, 0, 0, 0, 0, 0, 0, 0, 0, 0, 0, 0, 0, 0]
[34, 0, 0, 0, 0, 0, 0, 0, 0, 0, 0, 0, 0, 0, 0, 3, 0, 0, 0, 0, 0, 0, 0, 0, 0, 0, 0, 0, 0, 0, 0, 0, 0, 0, 0, 0, 0, 0, 0, 0, 0, 0, 0, 0, 0, 0, 0, 0, 0, 0, 0, 0, 0, 0, 0, 0, 0, 0, 4, 0, 0, 0, 0, 0, 0, 0, 0, 0, 0, 0, 0, 0, 0, 0, 0, 0, 0, 0, 0, 0, 0, 0, 0, 10, 0, 0, 0, 0, 0, 0, 0, 0, 0, 0, 0, 0, 0, 0, 0, 0, 0]
[35, 0, 0, 0, 0, 0, 0, 0, 0, 0, 0, 0, 0, 0, 0, 3, 0, 0, 0, 0, 0, 0, 0, 0, 0, 0, 0, 0, 0, 0, 0, 0, 0, 0, 0, 0, 0, 0, 0, 0, 0, 0, 0, 0, 0, 0, 0, 0, 0, 0, 0, 0, 0, 0, 0, 0, 0, 0, 5, 0, 0, 0, 0, 0, 0, 0, 0, 0, 0, 0, 0, 0, 0, 0, 0, 0, 0, 0, 0, 0, 0, 0, 0, 10, 0, 0, 0, 0, 0, 0, 0, 0, 0, 0, 0, 0, 0, 0, 0, 0, 0]
[36, 0, 0, 0, 0, 0, 0, 0, 0, 0, 0, 0, 0, 0, 0, 3, 0, 0, 0, 0, 0, 0, 0, 0, 0, 0, 0, 0, 0, 0, 0, 0, 0, 0, 0, 0, 0, 0, 0, 0, 0, 0, 0, 0, 0, 0, 0, 0, 0, 0, 0, 0, 0, 0, 0, 0, 0, 0, 6, 0, 0, 0, 0, 0, 0, 0, 0, 0, 0, 0, 0, 0, 0, 0, 0, 0, 0, 0, 0, 0, 0, 0, 0, 10, 0, 0, 0, 0, 0, 0, 0, 0, 0, 0, 0, 0, 0, 0, 0, 0, 0]
[37, 0, 0, 0, 0, 0, 0, 0, 0, 0, 0, 0, 0, 0, 0, 3, 0, 0, 0, 0, 0, 0, 0, 0, 0, 0, 0, 0, 0, 0, 0, 0, 0, 0, 0, 0, 0, 0, 0, 0, 0, 0, 0, 0, 0, 0, 0, 0, 0, 0, 0, 0, 0, 0, 0, 0, 0, 0, 7, 0, 0, 0, 0, 0, 0, 0, 0, 0, 0, 0, 0, 0, 0, 0, 0, 0, 0, 0, 0, 0, 0, 0, 0, 10, 0, 0, 0, 0, 0, 0, 0, 0, 0, 0, 0, 0, 0, 0, 0, 0, 0]
[41, 0, 0, 0, 0, 0, 0, 0, 1, 0, 0, 0, 0, 0, 0, 3, 0, 0, 0, 0, 0, 0, 0, 0, 0, 0, 0, 0, 0, 0, 0, 0, 0, 0, 0, 0, 0, 0, 0, 0, 0, 0, 0, 0, 0, 0, 0, 0, 0, 0, 0, 0, 0, 0, 0, 0, 0, 0, 7, 0, 0, 0, 0, 0, 0, 0, 0, 0, 0, 0, 0, 0, 0, 0, 0, 0, 0, 0, 0, 0, 0, 0, 0, 10, 0, 0, 0, 0, 0, 0, 0, 0, 0, 0, 0, 0, 0, 0, 0, 0, 0]
[42, 0, 0, 0, 0, 0, 0, 0, 2, 0, 0, 0, 0, 0, 0, 3, 0, 0, 0, 0, 0, 0, 0, 0, 0, 0, 0, 0, 0, 0, 0, 0, 0, 0, 0, 0, 0, 0, 0, 0, 0, 0, 0, 0, 0, 0, 0, 0, 0, 0, 0, 0, 0, 0, 0, 0, 0, 0, 7, 0, 0, 0, 0, 0, 0, 0, 0, 0, 0, 0, 0, 0, 0, 0, 0, 0, 0, 0, 0, 0, 0, 0, 0, 10, 0, 0, 0, 0, 0, 0, 0, 0, 0, 0, 0, 0, 0, 0, 0, 0, 0]
[44, 0, 0, 0, 0, 0, 0, 0, 2, 0, 0, 0, 0, 0, 0, 4, 0, 0, 0, 0, 0, 0, 0, 0, 0, 0, 0, 0, 0, 0, 0, 0, 0, 0, 0, 0, 0, 0, 0, 0, 0, 0, 0, 0, 0, 0, 0, 0, 0, 0, 0, 0, 0, 0, 0, 0, 0, 0, 7, 0, 0, 0, 0, 0, 0, 0, 0, 0, 0, 0, 0, 0, 0, 0, 0, 0, 0, 0, 0, 0, 0, 0, 0, 10, 0, 0, 0, 0, 0, 0, 0, 0, 0, 0, 0, 0, 0, 0, 0, 0, 0]
[45, 0, 0, 0, 0, 0, 0, 0, 2, 0, 0, 0, 0, 0, 0, 5, 0, 0, 0, 0, 0, 0, 0, 0, 0, 0, 0, 0, 0, 0, 0, 0, 0, 0, 0, 0, 0, 0, 0, 0, 0, 0, 0, 0, 0, 0, 0, 0, 0, 0, 0, 0, 0, 0, 0, 0, 0, 0, 7, 0, 0, 0, 0, 0, 0, 0, 0, 0, 0, 0, 0, 0, 0, 0, 0, 0, 0, 0, 0, 0, 0, 0, 0, 10, 0, 0, 0, 0, 0, 0, 0, 0, 0, 0, 0, 0, 0, 0, 0, 0, 0]
[46, 0, 0, 0, 0, 0, 0, 0, 2, 0, 0, 0, 0, 0, 0, 6, 0, 0, 0, 0, 0, 0, 0, 0, 0, 0, 0, 0, 0, 0, 0, 0, 0, 0, 0, 0, 0, 0, 0, 0, 0, 0, 0, 0, 0, 0, 0, 0, 0, 0, 0, 0, 0, 0, 0, 0, 0, 0, 7, 0, 0, 0, 0, 0, 0, 0, 0, 0, 0, 0, 0, 0, 0, 0, 0, 0, 0, 0, 0, 0, 0, 0, 0, 10, 0, 0, 0, 0, 0, 0, 0, 0, 0, 0, 0, 0, 0, 0, 0, 0, 0]
[47, 0, 0, 0, 0, 0, 0, 0, 2, 0, 0, 0, 0, 0, 0, 7, 0, 0, 0, 0, 0, 0, 0, 0, 0, 0, 0, 0, 0, 0, 0, 0, 0, 0, 0, 0, 0, 0, 0, 0, 0, 0, 0, 0, 0, 0, 0, 0, 0, 0, 0, 0, 0, 0, 0, 0, 0, 0, 7, 0, 0, 0, 0, 0, 0, 0, 0, 0, 0, 0, 0, 0, 0, 0, 0, 0, 0, 0, 0, 0, 0, 0, 0, 10, 0, 0, 0, 0, 0, 0, 0, 0, 0, 0, 0, 0, 0, 0, 0, 0, 0]
[48, 0, 0, 0, 0, 0, 0, 0, 2, 0, 0, 0, 0, 0, 0, 8, 0, 0, 0, 0, 0, 0, 0, 0, 0, 0, 0, 0, 0, 0, 0, 0, 0, 0, 0, 0, 0, 0, 0, 0, 0, 0, 0, 0, 0, 0, 0, 0, 0, 0, 0, 0, 0, 0, 0, 0, 0, 0, 7, 0, 0, 0, 0, 0, 0, 0, 0, 0, 0, 0, 0, 0, 0, 0, 0, 0, 0, 0, 0, 0, 0, 0, 0, 10, 0, 0, 0, 0, 0, 0, 0, 0, 0, 0, 0, 0, 0, 0, 0, 0, 0]
[49, 0, 0, 0, 0, 0, 0, 0, 2, 0, 0, 0, 0, 0, 0, 9, 0, 0, 0, 0, 0, 0, 0, 0, 0, 0, 0, 0, 0, 0, 0, 0, 0, 0, 0, 0, 0, 0, 0, 0, 0, 0, 0, 0, 0, 0, 0, 0, 0, 0, 0, 0, 0, 0, 0, 0, 0, 0, 7, 0, 0, 0, 0, 0, 0, 0, 0, 0, 0, 0, 0, 0, 0, 0, 0, 0, 0, 0, 0, 0, 0, 0, 0, 10, 0, 0, 0, 0, 0, 0, 0, 0, 0, 0, 0, 0, 0, 0, 0, 0, 0]
[50, 0, 0, 0, 0, 0, 0, 0, 2, 0, 0, 0, 0, 0, 0, 10, 0, 0, 0, 0, 0, 0, 0, 0, 0, 0, 0, 0, 0, 0, 0, 0, 0, 0, 0, 0, 0, 0, 0, 0, 0, 0, 0, 0, 0, 0, 0, 0, 0, 0, 0, 0, 0, 0, 0, 0, 0, 0, 7, 0, 0, 0, 0, 0, 0, 0, 0, 0, 0, 0, 0, 0, 0, 0, 0, 0, 0, 0, 0, 0, 0, 0, 0, 10, 0, 0, 0, 0, 0, 0, 0, 0, 0, 0, 0, 0, 0, 0, 0, 0, 0]
[53, 0, 0, 0, 0, 0, 0, 0, 3, 0, 0, 0, 0, 0, 0, 10, 0, 0, 0, 0, 0, 0, 0, 0, 0, 0, 0, 0, 0, 0, 0, 0, 0, 0, 0, 0, 0, 0, 0, 0, 0, 0, 0, 0, 0, 0, 0, 0, 0, 0, 0, 0, 0, 0, 0, 0, 0, 0, 7, 0, 0, 0, 0, 0, 0, 0, 0, 0, 0, 0, 0, 0, 0, 0, 0, 0, 0, 0, 0, 0, 0, 0, 0, 10, 0, 0, 0, 0, 0, 0, 0, 0, 0, 0, 0, 0, 0, 0, 0, 0, 0]
[54, 0, 0, 0, 0, 0, 0, 0, 4, 0, 0, 0, 0, 0, 0, 10, 0, 0, 0, 0, 0, 0, 0, 0, 0, 0, 0, 0, 0, 0, 0, 0, 0, 0, 0, 0, 0, 0, 0, 0, 0, 0, 0, 0, 0, 0, 0, 0, 0, 0, 0, 0, 0, 0, 0, 0, 0, 0, 7, 0, 0, 0, 0, 0, 0, 0, 0, 0, 0, 0, 0, 0, 0, 0, 0, 0, 0, 0, 0, 0, 0, 0, 0, 10, 0, 0, 0, 0, 0, 0, 0, 0, 0, 0, 0, 0, 0, 0, 0, 0, 0]
[55, 0, 0, 0, 0, 0, 0, 0, 5, 0, 0, 0, 0, 0, 0, 10, 0, 0, 0, 0, 0, 0, 0, 0, 0, 0, 0, 0, 0, 0, 0, 0, 0, 0, 0, 0, 0, 0, 0, 0, 0, 0, 0, 0, 0, 0, 0, 0, 0, 0, 0, 0, 0, 0, 0, 0, 0, 0, 7, 0, 0, 0, 0, 0, 0, 0, 0, 0, 0, 0, 0, 0, 0, 0, 0, 0, 0, 0, 0, 0, 0, 0, 0, 10, 0, 0, 0, 0, 0, 0, 0, 0, 0, 0, 0, 0, 0, 0, 0, 0, 0]
[56, 0, 0, 0, 0, 0, 0, 0, 6, 0, 0, 0, 0, 0, 0, 10, 0, 0, 0, 0, 0, 0, 0, 0, 0, 0, 0, 0, 0, 0, 0, 0, 0, 0, 0, 0, 0, 0, 0, 0, 0, 0, 0, 0, 0, 0, 0, 0, 0, 0, 0, 0, 0, 0, 0, 0, 0, 0, 7, 0, 0, 0, 0, 0, 0, 0, 0, 0, 0, 0, 0, 0, 0, 0, 0, 0, 0, 0, 0, 0, 0, 0, 0, 10, 0, 0, 0, 0, 0, 0, 0, 0, 0, 0, 0, 0, 0, 0, 0, 0, 0]
[57, 0, 0, 0, 0, 0, 0, 0, 7, 0, 0, 0, 0, 0, 0, 10, 0, 0, 0, 0, 0, 0, 0, 0, 0, 0, 0, 0, 0, 0, 0, 0, 0, 0, 0, 0, 0, 0, 0, 0, 0, 0, 0, 0, 0, 0, 0, 0, 0, 0, 0, 0, 0, 0, 0, 0, 0, 0, 7, 0, 0, 0, 0, 0, 0, 0, 0, 0, 0, 0, 0, 0, 0, 0, 0, 0, 0, 0, 0, 0, 0, 0, 0, 10, 0, 0, 0, 0, 0, 0, 0, 0, 0, 0, 0, 0, 0, 0, 0, 0, 0]
[58, 0, 0, 0, 0, 0, 0, 0, 8, 0, 0, 0, 0, 0, 0, 10, 0, 0, 0, 0, 0, 0, 0, 0, 0, 0, 0, 0, 0, 0, 0, 0, 0, 0, 0, 0, 0, 0, 0, 0, 0, 0, 0, 0, 0, 0, 0, 0, 0, 0, 0, 0, 0, 0, 0, 0, 0, 0, 8, 0, 0, 0, 0, 0, 0, 0, 0, 0, 0, 0, 0, 0, 0, 0, 0, 0, 0, 0, 0, 0, 0, 0, 0, 10, 0, 0, 0, 0, 0, 0, 0, 0, 0, 0, 0, 0, 0, 0, 0, 0, 0]
[59, 0, 0, 0, 0, 0, 0, 0, 9, 0, 0, 0, 0, 0, 0, 10, 0, 0, 0, 0, 0, 0, 0, 0, 0, 0, 0, 0, 0, 0, 0, 0, 0, 0, 0, 0, 0, 0, 0, 0, 0, 0, 0, 0, 0, 0, 0, 0, 0, 0, 0, 0, 0, 0, 0, 0, 0, 0, 8, 0, 0, 0, 0, 0, 0, 0, 0, 0, 0, 0, 0, 0, 0, 0, 0, 0, 0, 0, 0, 0, 0, 0, 0, 10, 0, 0, 0, 0, 0, 0, 0, 0, 0, 0, 0, 0, 0, 0, 0, 0, 0]
[60, 0, 0, 0, 0, 0, 0, 0, 10, 0, 0, 0, 0, 0, 0, 10, 0, 0, 0, 0, 0, 0, 0, 0, 0, 0, 0, 0, 0, 0, 0, 0, 0, 0, 0, 0, 0, 0, 0, 0, 0, 0, 0, 0, 0, 0, 0, 0, 0, 0, 0, 0, 0, 0, 0, 0, 0, 0, 8, 0, 0, 0, 0, 0, 0, 0, 0, 0, 0, 0, 0, 0, 0, 0, 0, 0, 0, 0, 0, 0, 0, 0, 0, 10, 0, 0, 0, 0, 0, 0, 0, 0, 0, 0, 0, 0, 0, 0, 0, 0, 0]
[170, 0, 0, 0, 0, 0, 0, 0, 10, 0, 0, 0, 0, 0, 0, 10, 0, 0, 0, 0, 0, 0, 0, 0, 0, 0, 0, 0, 0, 0, 0, 0, 0, 0, 0, 0, 0, 0, 0, 0, 0, 0, 0, 0, 0, 0, 0, 0, 0, 0, 0, 0, 0, 0, 0, 0, 0, 0, 9, 0, 0, 0, 0, 0, 0, 0, 0, 0, 0, 0, 0, 0, 0, 0, 0, 0, 0, 0, 0, 0, 0, 0, 0, 10, 0, 0, 0, 0, 0, 0, 0, 0, 0, 0, 0, 0, 0, 0, 0, 0, 0]
[177, 0, 0, 0, 0, 0, 0, 0, 10, 0, 0, 0, 0, 0, 0, 10, 0, 0, 0, 0, 0, 0, 0, 0, 0, 0, 0, 0, 0, 0, 0, 0, 0, 0, 0, 0, 0, 0, 0, 0, 0, 0, 0, 0, 0, 0, 0, 0, 0, 0, 0, 0, 0, 0, 0, 0, 0, 0, 10, 0, 0, 0, 0, 0, 0, 0, 0, 0, 0, 0, 0, 0, 0, 0, 0, 0, 0, 0, 0, 0, 0, 0, 0, 10, 0, 0, 0, 0, 0, 0, 0, 0, 0, 0, 0, 0, 0, 0, 0, 0, 0]
[868, 0, 0, 0, 0, 1, 0, 0, 10, 0, 0, 0, 0, 0, 0, 10, 0, 0, 0, 0, 0, 0, 0, 0, 0, 0, 0, 0, 0, 0, 0, 0, 0, 0, 0, 0, 0, 0, 0, 0, 0, 0, 0, 0, 0, 0, 0, 0, 0, 0, 0, 0, 0, 0, 0, 0, 0, 0, 10, 0, 0, 0, 0, 0, 0, 0, 0, 0, 0, 0, 0, 0, 0, 0, 0, 0, 0, 0, 0, 0, 0, 0, 0, 10, 0, 0, 0, 0, 0, 0, 0, 1, 0, 0, 0, 0, 0, 0, 0, 0, 0]
[882, 0, 0, 0, 0, 2, 0, 0, 10, 0, 0, 0, 0, 0, 0, 10, 0, 0, 0, 0, 0, 0, 0, 0, 0, 0, 0, 0, 0, 0, 0, 0, 0, 0, 0, 0, 0, 0, 0, 0, 0, 0, 0, 0, 0, 0, 0, 0, 0, 0, 0, 0, 0, 0, 0, 0, 0, 0, 10, 0, 0, 0, 0, 0, 0, 0, 0, 0, 0, 0, 0, 0, 0, 0, 0, 0, 0, 0, 0, 0, 0, 0, 0, 10, 0, 0, 0, 0, 0, 0, 0, 2, 0, 0, 0, 0, 0, 0, 0, 0, 0]
[895, 0, 0, 0, 0, 2, 0, 0, 10, 0, 0, 0, 0, 0, 0, 10, 0, 0, 0, 0, 0, 0, 0, 0, 0, 0, 0, 0, 0, 0, 0, 0, 0, 0, 0, 1, 0, 0, 0, 0, 0, 0, 0, 0, 0, 0, 1, 0, 0, 0, 0, 0, 0, 0, 0, 0, 0, 0, 10, 0, 0, 0, 0, 0, 0, 0, 0, 0, 0, 0, 0, 0, 0, 0, 0, 0, 0, 0, 0, 0, 0, 0, 0, 10, 0, 0, 0, 0, 0, 0, 0, 2, 0, 0, 0, 0, 0, 0, 0, 0, 0]
[910, 0, 0, 0, 0, 2, 0, 0, 10, 0, 0, 0, 0, 0, 0, 10, 0, 0, 0, 0, 0, 0, 0, 0, 0, 0, 0, 0, 0, 0, 0, 1, 0, 0, 0, 1, 0, 0, 0, 0, 0, 0, 0, 0, 0, 0, 1, 1, 0, 0, 0, 0, 0, 0, 0, 0, 0, 0, 10, 0, 0, 0, 0, 1, 0, 0, 0, 0, 0, 0, 0, 0, 0, 0, 0, 0, 0, 0, 0, 0, 1, 0, 0, 10, 0, 0, 0, 0, 0, 0, 0, 2, 0, 0, 0, 0, 0, 0, 0, 0, 0]
[914, 0, 0, 0, 0, 2, 0, 0, 10, 0, 0, 0, 0, 0, 0, 10, 0, 0, 0, 0, 0, 0, 0, 0, 0, 0, 0, 0, 0, 0, 0, 1, 0, 0, 0, 1, 0, 0, 0, 0, 0, 0, 0, 0, 0, 0, 1, 1, 0, 0, 0, 0, 1, 0, 0, 0, 0, 0, 10, 0, 0, 0, 0, 1, 0, 0, 0, 0, 0, 0, 0, 0, 0, 0, 0, 0, 0, 0, 0, 0, 1, 0, 0, 10, 0, 0, 0, 0, 0, 0, 0, 2, 0, 0, 0, 0, 0, 0, 0, 0, 0]
[923, 0, 0, 0, 0, 2, 0, 0, 10, 0, 0, 0, 0, 0, 0, 10, 0, 0, 0, 0, 0, 0, 0, 0, 0, 0, 0, 0, 0, 0, 0, 1, 0, 0, 0, 1, 0, 0, 0, 0, 0, 0, 0, 0, 0, 0, 1, 2, 0, 0, 0, 0, 2, 0, 0, 0, 0, 0, 10, 0, 0, 0, 0, 1, 0, 0, 0, 0, 0, 0, 0, 0, 0, 0, 0, 0, 0, 0, 0, 0, 2, 0, 0, 10, 0, 0, 0, 0, 0, 0, 0, 2, 0, 0, 0, 0, 0, 0, 0, 0, 0]
[929, 0, 0, 0, 0, 2, 0, 0, 10, 0, 0, 0, 0, 0, 0, 10, 0, 0, 0, 0, 0, 0, 0, 0, 0, 0, 0, 0, 0, 0, 0, 1, 0, 0, 0, 1, 0, 0, 0, 0, 0, 0, 0, 0, 0, 0, 1, 3, 0, 0, 0, 0, 3, 0, 0, 0, 0, 0, 10, 0, 0, 0, 0, 1, 0, 0, 0, 0, 0, 0, 0, 0, 0, 0, 0, 0, 0, 0, 0, 0, 3, 0, 0, 10, 0, 0, 0, 0, 0, 0, 0, 2, 0, 0, 0, 0, 0, 0, 0, 0, 0]
[935, 0, 0, 0, 0, 2, 0, 0, 10, 0, 0, 0, 0, 0, 0, 10, 0, 0, 0, 0, 0, 0, 0, 0, 0, 0, 0, 0, 0, 0, 0, 1, 0, 0, 0, 1, 0, 0, 0, 0, 0, 0, 0, 0, 0, 0, 1, 3, 0, 0, 0, 0, 3, 0, 0, 0, 0, 0, 10, 0, 0, 0, 0, 1, 0, 0, 0, 0, 0, 0, 0, 0, 0, 0, 0, 0, 0, 0, 0, 0, 4, 0, 0, 10, 0, 0, 0, 0, 0, 0, 0, 2, 0, 0, 0, 0, 0, 0, 0, 0, 0]
[940, 0, 0, 0, 0, 2, 0, 0, 10, 0, 0, 0, 0, 0, 0, 10, 0, 0, 0, 0, 0, 0, 0, 0, 0, 0, 0, 0, 0, 0, 0, 1, 0, 0, 0, 1, 0, 0, 0, 0, 0, 0, 0, 0, 0, 0, 1, 3, 0, 0, 0, 0, 3, 0, 0, 0, 0, 0, 10, 0, 0, 1, 0, 1, 0, 0, 0, 0, 0, 0, 0, 0, 0, 0, 0, 0, 0, 0, 0, 0, 4, 0, 0, 10, 0, 0, 0, 0, 0, 0, 0, 2, 0, 0, 0, 0, 0, 0, 0, 0, 0]
[942, 0, 0, 0, 0, 2, 0, 0, 10, 0, 0, 0, 0, 0, 0, 10, 0, 0, 0, 0, 0, 0, 0, 0, 0, 0, 0, 0, 0, 0, 0, 1, 0, 0, 0, 1, 0, 0, 0, 0, 0, 0, 0, 0, 0, 0, 1, 3, 0, 0, 0, 0, 3, 0, 0, 0, 0, 0, 10, 0, 0, 2, 0, 2, 0, 0, 0, 0, 0, 0, 0, 0, 0, 0, 0, 0, 0, 0, 0, 0, 4, 0, 0, 10, 0, 0, 0, 0, 0, 0, 0, 2, 0, 0, 0, 0, 0, 0, 0, 0, 0]
[976, 0, 0, 0, 0, 2, 0, 0, 10, 0, 0, 0, 0, 0, 0, 10, 0, 0, 0, 0, 0, 0, 0, 0, 0, 0, 1, 0, 0, 0, 0, 1, 0, 0, 0, 1, 0, 0, 0, 0, 0, 0, 0, 0, 0, 0, 1, 3, 0, 0, 0, 0, 3, 0, 0, 0, 0, 0, 10, 0, 0, 2, 0, 2, 0, 0, 0, 0, 0, 0, 0, 0, 0, 0, 0, 0, 0, 0, 0, 0, 4, 0, 0, 10, 0, 0, 0, 0, 0, 0, 0, 2, 0, 0, 0, 0, 0, 0, 0, 0, 0]
[996, 0, 0, 0, 0, 2, 0, 0, 10, 0, 0, 0, 0, 0, 0, 10, 0, 0, 0, 0, 0, 0, 0, 0, 0, 0, 2, 0, 0, 0, 0, 1, 0, 0, 0, 1, 0, 0, 0, 0, 0, 0, 0, 0, 0, 0, 1, 3, 0, 0, 0, 0, 3, 0, 0, 0, 0, 0, 10, 0, 0, 2, 0, 2, 0, 0, 0, 0, 0, 0, 0, 0, 0, 0, 0, 0, 0, 0, 0, 0, 4, 0, 0, 10, 0, 0, 0, 0, 0, 0, 0, 2, 0, 0, 0, 0, 0, 0, 0, 0, 0]
[1048, 0, 0, 0, 0, 2, 0, 0, 10, 0, 0, 0, 0, 0, 0, 10, 0, 0, 0, 0, 0, 0, 0, 0, 0, 0, 2, 0, 0, 0, 0, 1, 0, 0, 0, 1, 0, 0, 0, 0, 0, 0, 0, 0, 0, 0, 1, 3, 0, 0, 0, 0, 3, 0, 0, 0, 0, 1, 10, 0, 1, 2, 0, 2, 0, 0, 0, 0, 0, 0, 0, 0, 0, 0, 0, 0, 0, 0, 0, 0, 4, 0, 0, 10, 0, 0, 0, 0, 0, 0, 0, 2, 0, 0, 0, 1, 0, 0, 0, 0, 0]
[1066, 0, 0, 0, 0, 2, 0, 0, 10, 0, 0, 0, 0, 0, 0, 10, 0, 0, 0, 0, 0, 0, 0, 0, 0, 0, 2, 0, 0, 0, 0, 1, 1, 0, 0, 1, 0, 0, 0, 1, 0, 0, 0, 0, 0, 0, 1, 3, 0, 0, 0, 0, 3, 0, 0, 0, 0, 1, 10, 0, 1, 2, 0, 2, 0, 0, 0, 0, 0, 0, 0, 0, 0, 0, 0, 0, 0, 0, 0, 0, 4, 0, 0, 10, 0, 0, 0, 0, 0, 0, 0, 2, 0, 0, 0, 1, 0, 0, 0, 0, 0]
[1072, 0, 0, 0, 0, 2, 0, 0, 10, 0, 0, 0, 0, 0, 0, 10, 0, 0, 0, 0, 0, 0, 0, 0, 0, 0, 2, 0, 0, 0, 0, 1, 1, 0, 0, 1, 0, 0, 0, 2, 0, 0, 0, 0, 0, 0, 1, 3, 0, 0, 0, 0, 3, 0, 0, 0, 0, 1, 10, 0, 1, 2, 0, 2, 0, 0, 0, 0, 0, 0, 0, 0, 0, 0, 0, 0, 0, 0, 0, 0, 4, 0, 0, 10, 0, 0, 0, 0, 0, 0, 0, 2, 0, 0, 0, 2, 0, 0, 0, 0, 0]
[1077, 0, 0, 0, 0, 2, 0, 0, 10, 0, 0, 0, 0, 0, 0, 10, 0, 0, 1, 0, 0, 0, 0, 0, 0, 0, 2, 0, 0, 0, 0, 1, 1, 0, 0, 1, 0, 0, 0, 2, 0, 0, 0, 0, 0, 0, 1, 3, 0, 0, 0, 0, 3, 0, 0, 0, 0, 1, 10, 0, 1, 2, 0, 2, 0, 0, 0, 0, 0, 0, 0, 0, 0, 0, 0, 0, 0, 0, 0, 0, 4, 0, 0, 10, 0, 0, 0, 0, 0, 0, 0, 2, 0, 0, 0, 2, 0, 0, 0, 0, 0]
[1090, 0, 0, 0, 0, 2, 0, 0, 10, 0, 0, 0, 0, 0, 0, 10, 0, 0, 2, 0, 0, 0, 0, 0, 0, 0, 2, 0, 0, 0, 0, 1, 1, 0, 0, 1, 0, 0, 0, 2, 0, 0, 0, 0, 0, 0, 1, 3, 0, 0, 0, 0, 3, 0, 0, 0, 0, 1, 10, 0, 1, 2, 0, 2, 0, 0, 0, 0, 0, 0, 0, 0, 0, 0, 0, 0, 0, 0, 0, 0, 4, 0, 0, 10, 0, 0, 0, 0, 0, 0, 0, 2, 0, 0, 0, 2, 0, 0, 0, 0, 0]
[1098, 0, 0, 0, 0, 2, 0, 0, 10, 0, 0, 0, 0, 0, 0, 10, 0, 0, 3, 0, 0, 0, 0, 0, 0, 0, 2, 0, 0, 0, 0, 1, 1, 0, 0, 1, 0, 0, 0, 2, 0, 0, 0, 0, 0, 0, 1, 3, 0, 0, 0, 0, 3, 0, 0, 0, 0, 1, 10, 0, 1, 2, 0, 2, 0, 0, 0, 0, 0, 0, 0, 0, 0, 0, 0, 0, 0, 0, 0, 0, 4, 0, 0, 10, 0, 0, 0, 0, 0, 0, 0, 2, 0, 0, 0, 2, 0, 0, 0, 0, 0]
[1106, 0, 0, 0, 0, 2, 0, 0, 10, 0, 0, 0, 1, 0, 0, 10, 0, 0, 3, 0, 0, 0, 0, 0, 0, 0, 2, 0, 0, 0, 0, 1, 1, 0, 0, 1, 0, 0, 0, 2, 0, 0, 0, 0, 0, 0, 1, 3, 0, 0, 0, 0, 3, 0, 0, 0, 0, 1, 10, 0, 1, 2, 0, 2, 0, 0, 0, 0, 0, 0, 0, 0, 0, 0, 0, 0, 0, 0, 0, 0, 4, 0, 0, 10, 0, 0, 0, 0, 0, 0, 0, 2, 0, 0, 0, 2, 0, 0, 0, 0, 0]
[1117, 0, 0, 0, 0, 2, 0, 0, 10, 0, 0, 0, 2, 0, 0, 10, 0, 0, 3, 0, 0, 0, 0, 0, 0, 0, 2, 0, 0, 0, 0, 1, 1, 0, 0, 1, 0, 0, 0, 2, 0, 0, 0, 0, 0, 0, 1, 3, 0, 0, 0, 0, 3, 0, 0, 0, 0, 1, 10, 0, 1, 2, 0, 2, 0, 0, 0, 0, 0, 0, 0, 0, 0, 0, 0, 0, 0, 0, 0, 0, 4, 0, 0, 10, 0, 0, 0, 0, 0, 0, 0, 2, 0, 0, 0, 2, 0, 0, 0, 0, 0]
[1123, 0, 0, 0, 0, 2, 0, 0, 10, 0, 0, 0, 2, 0, 0, 10, 0, 0, 3, 0, 0, 0, 0, 0, 0, 0, 2, 0, 0, 0, 0, 1, 1, 0, 0, 1, 0, 0, 0, 2, 0, 0, 0, 0, 0, 0, 1, 3, 0, 0, 0, 0, 3, 0, 0, 0, 0, 1, 10, 0, 1, 2, 0, 2, 0, 0, 1, 0, 0, 0, 0, 0, 0, 0, 0, 0, 0, 0, 0, 0, 4, 0, 0, 10, 0, 0, 0, 0, 0, 1, 0, 2, 0, 0, 0, 2, 0, 0, 0, 0, 0]
[1129, 0, 0, 0, 0, 2, 0, 0, 10, 0, 0, 0, 2, 0, 0, 10, 0, 0, 3, 0, 0, 0, 0, 0, 0, 0, 2, 0, 0, 0, 0, 1, 1, 0, 0, 1, 0, 0, 0, 2, 0, 0, 0, 0, 0, 0, 1, 3, 0, 0, 0, 0, 3, 0, 0, 0, 0, 1, 10, 0, 1, 2, 0, 2, 0, 0, 1, 0, 0, 0, 0, 0, 0, 0, 0, 0, 0, 0, 0, 0, 4, 0, 0, 10, 0, 0, 0, 0, 0, 2, 0, 2, 0, 0, 0, 2, 0, 0, 0, 0, 0]
[1146, 0, 0, 0, 0, 2, 0, 0, 10, 0, 0, 0, 2, 1, 0, 10, 0, 0, 3, 0, 0, 0, 0, 0, 0, 0, 2, 0, 0, 0, 0, 1, 1, 0, 0, 1, 0, 0, 0, 2, 0, 0, 0, 0, 0, 0, 1, 3, 0, 0, 0, 0, 3, 0, 0, 0, 0, 1, 10, 0, 1, 2, 0, 2, 0, 0, 1, 0, 0, 0, 0, 0, 0, 0, 0, 0, 0, 0, 0, 0, 4, 0, 0, 10, 0, 0, 0, 0, 0, 2, 0, 2, 0, 0, 1, 2, 0, 0, 0, 0, 0]
[1147, 0, 0, 0, 0, 2, 0, 0, 10, 0, 0, 0, 2, 1, 0, 10, 0, 0, 3, 0, 0, 0, 0, 0, 0, 0, 2, 0, 0, 0, 0, 1, 1, 0, 0, 1, 0, 0, 0, 2, 0, 0, 0, 0, 0, 0, 1, 3, 0, 0, 0, 0, 3, 0, 0, 0, 0, 1, 10, 0, 1, 2, 0, 2, 0, 0, 2, 0, 0, 0, 0, 0, 0, 0, 0, 0, 0, 0, 0, 0, 4, 0, 0, 10, 0, 0, 0, 0, 0, 2, 0, 2, 0, 0, 1, 2, 0, 0, 0, 0, 0]
[1160, 0, 0, 0, 0, 2, 0, 0, 10, 0, 0, 0, 2, 1, 0, 10, 0, 0, 3, 0, 0, 0, 0, 0, 0, 0, 2, 0, 0, 0, 0, 1, 1, 0, 0, 1, 0, 0, 0, 2, 0, 0, 0, 0, 0, 0, 1, 3, 0, 0, 0, 0, 3, 0, 0, 0, 0, 1, 10, 0, 1, 2, 0, 2, 0, 0, 2, 0, 0, 0, 0, 0, 0, 0, 1, 0, 0, 0, 0, 0, 4, 0, 0, 10, 0, 0, 0, 0, 0, 2, 0, 2, 0, 0, 1, 2, 0, 0, 0, 0, 0]
[1166, 0, 0, 0, 0, 2, 1, 0, 10, 0, 0, 0, 2, 2, 0, 10, 0, 0, 3, 0, 0, 0, 0, 0, 0, 0, 2, 0, 0, 0, 0, 1, 1, 0, 0, 1, 0, 0, 0, 2, 0, 0, 0, 0, 0, 0, 1, 3, 0, 0, 0, 1, 3, 0, 0, 0, 0, 1, 10, 0, 1, 2, 0, 2, 0, 0, 2, 0, 0, 0, 0, 0, 0, 0, 2, 0, 0, 0, 0, 0, 4, 0, 0, 10, 1, 0, 0, 0, 0, 2, 0, 2, 0, 0, 1, 2, 0, 0, 0, 0, 0]
[1173, 0, 0, 0, 0, 2, 1, 0, 10, 0, 0, 0, 2, 2, 0, 10, 0, 0, 3, 0, 0, 0, 0, 0, 0, 0, 2, 0, 0, 0, 0, 1, 1, 0, 0, 1, 0, 0, 0, 2, 0, 0, 0, 0, 0, 0, 1, 3, 0, 0, 0, 1, 3, 0, 0, 0, 0, 1, 10, 0, 1, 2, 0, 2, 0, 0, 2, 0, 0, 0, 0, 0, 0, 0, 2, 0, 0, 0, 0, 0, 4, 0, 0, 10, 1, 0, 0, 0, 0, 2, 0, 2, 0, 0, 2, 2, 0, 0, 0, 0, 0]
[1180, 0, 0, 0, 0, 2, 2, 0, 10, 0, 0, 0, 2, 2, 0, 10, 0, 0, 3, 0, 0, 0, 0, 0, 0, 0, 2, 0, 0, 0, 0, 1, 1, 0, 0, 1, 0, 0, 0, 2, 0, 0, 0, 0, 0, 0, 1, 3, 0, 0, 0, 1, 3, 0, 0, 0, 0, 1, 10, 0, 1, 2, 0, 2, 0, 0, 2, 0, 0, 0, 0, 0, 0, 0, 2, 0, 0, 0, 0, 0, 4, 0, 0, 10, 2, 0, 0, 0, 0, 2, 0, 2, 0, 0, 2, 2, 0, 0, 0, 0, 0]
[1187, 0, 0, 0, 0, 2, 2, 0, 10, 0, 0, 0, 2, 2, 0, 10, 0, 0, 3, 0, 1, 0, 0, 0, 0, 0, 2, 0, 0, 0, 0, 1, 1, 0, 0, 1, 0, 0, 0, 2, 1, 0, 0, 0, 0, 0, 1, 3, 0, 0, 0, 1, 3, 0, 0, 0, 1, 1, 10, 0, 1, 2, 0, 2, 0, 0, 2, 0, 0, 0, 0, 0, 0, 0, 2, 0, 0, 0, 0, 1, 4, 0, 0, 10, 2, 0, 0, 0, 1, 2, 1, 2, 0, 0, 2, 2, 0, 0, 0, 0, 0]
[1205, 0, 0, 0, 0, 2, 2, 0, 10, 0, 0, 0, 2, 2, 0, 10, 0, 0, 3, 0, 2, 0, 0, 0, 0, 0, 2, 0, 0, 0, 0, 1, 1, 0, 0, 1, 0, 0, 0, 2, 1, 0, 0, 0, 0, 0, 1, 3, 0, 0, 0, 1, 3, 0, 0, 0, 1, 1, 10, 0, 1, 2, 0, 2, 0, 0, 2, 0, 0, 0, 0, 0, 0, 0, 2, 0, 0, 0, 0, 1, 4, 0, 0, 10, 2, 0, 0, 0, 2, 2, 2, 2, 0, 0, 2, 2, 0, 0, 0, 0, 0]
[1212, 0, 0, 0, 0, 2, 2, 0, 10, 0, 0, 0, 2, 2, 0, 10, 0, 0, 3, 0, 2, 0, 0, 0, 0, 0, 2, 0, 0, 0, 0, 1, 1, 0, 0, 1, 0, 0, 0, 2, 1, 0, 0, 0, 0, 0, 1, 3, 0, 0, 0, 1, 3, 0, 0, 0, 1, 1, 10, 0, 1, 2, 0, 2, 0, 0, 2, 0, 0, 0, 0, 0, 0, 0, 2, 0, 0, 0, 0, 1, 4, 0, 0, 10, 2, 0, 0, 0, 3, 2, 3, 2, 0, 0, 2, 2, 0, 0, 0, 0, 0]
[1222, 0, 0, 0, 0, 2, 2, 0, 10, 0, 0, 1, 2, 2, 0, 10, 0, 0, 3, 0, 2, 1, 0, 0, 0, 0, 2, 0, 0, 0, 0, 1, 1, 0, 0, 1, 1, 0, 0, 2, 1, 0, 0, 0, 0, 0, 1, 3, 0, 1, 0, 1, 3, 0, 0, 0, 1, 1, 10, 0, 1, 2, 0, 2, 0, 0, 2, 0, 0, 0, 0, 0, 0, 0, 2, 0, 0, 0, 0, 1, 4, 0, 0, 10, 2, 0, 0, 0, 3, 2, 3, 2, 0, 0, 2, 2, 0, 0, 0, 0, 1]
[1224, 0, 0, 0, 0, 2, 2, 0, 10, 0, 0, 1, 2, 2, 0, 10, 0, 0, 3, 0, 2, 1, 0, 0, 0, 0, 2, 0, 0, 0, 0, 1, 1, 0, 0, 1, 1, 0, 0, 2, 1, 0, 0, 0, 0, 0, 1, 3, 0, 1, 0, 1, 3, 0, 0, 0, 1, 1, 10, 1, 1, 2, 0, 2, 0, 0, 2, 0, 0, 0, 0, 0, 0, 0, 2, 0, 0, 0, 0, 1, 4, 0, 0, 10, 2, 0, 0, 0, 3, 2, 3, 2, 0, 0, 2, 2, 0, 0, 0, 0, 1]
[1228, 0, 0, 0, 0, 2, 2, 0, 10, 0, 0, 1, 2, 2, 0, 10, 0, 0, 3, 0, 2, 1, 0, 0, 0, 0, 2, 0, 0, 0, 0, 1, 1, 0, 0, 1, 2, 0, 0, 2, 1, 0, 0, 0, 0, 0, 1, 3, 0, 1, 0, 1, 3, 0, 0, 0, 1, 1, 10, 1, 1, 2, 0, 2, 0, 0, 2, 0, 0, 0, 0, 0, 0, 0, 2, 0, 0, 0, 0, 1, 4, 0, 0, 10, 2, 0, 0, 0, 3, 2, 3, 2, 0, 0, 2, 2, 0, 0, 0, 0, 2]
[1235, 0, 0, 2, 0, 2, 2, 0, 10, 0, 0, 1, 2, 2, 0, 10, 0, 0, 3, 0, 2, 2, 0, 0, 0, 0, 2, 0, 0, 0, 0, 1, 1, 0, 0, 1, 2, 0, 0, 2, 1, 0, 0, 0, 0, 0, 1, 3, 0, 1, 0, 1, 3, 0, 0, 0, 1, 1, 10, 1, 1, 2, 0, 2, 1, 0, 2, 0, 0, 1, 0, 0, 0, 0, 2, 0, 0, 0, 0, 1, 4, 0, 0, 10, 2, 0, 0, 0, 3, 2, 3, 2, 0, 0, 2, 2, 0, 0, 0, 0, 2]
[1243, 0, 0, 2, 0, 2, 2, 0, 10, 0, 0, 1, 2, 2, 0, 10, 0, 0, 3, 0, 2, 2, 1, 0, 0, 0, 2, 0, 0, 0, 0, 1, 1, 1, 0, 1, 2, 0, 0, 2, 1, 0, 0, 0, 0, 0, 1, 3, 0, 1, 0, 1, 3, 0, 0, 0, 1, 1, 10, 1, 1, 2, 0, 2, 1, 0, 2, 0, 0, 1, 0, 0, 0, 0, 2, 0, 0, 0, 0, 1, 4, 0, 0, 10, 2, 0, 0, 0, 3, 2, 3, 2, 0, 0, 2, 2, 0, 0, 0, 0, 2]
[1245, 0, 0, 2, 0, 2, 2, 0, 10, 0, 0, 1, 2, 2, 0, 10, 0, 0, 3, 0, 2, 3, 1, 0, 0, 0, 2, 0, 0, 0, 0, 1, 1, 1, 0, 1, 3, 0, 0, 2, 1, 0, 0, 0, 0, 0, 1, 3, 0, 1, 0, 1, 3, 0, 0, 0, 1, 1, 10, 1, 1, 2, 0, 2, 1, 0, 2, 0, 0, 1, 0, 0, 0, 0, 2, 0, 0, 0, 0, 1, 4, 0, 0, 10, 2, 0, 0, 0, 3, 2, 3, 2, 0, 0, 2, 2, 0, 0, 0, 0, 2]
[1253, 0, 0, 2, 0, 2, 2, 0, 10, 0, 0, 1, 2, 2, 0, 10, 0, 0, 3, 1, 2, 3, 1, 0, 0, 0, 2, 0, 0, 0, 0, 1, 1, 1, 0, 1, 3, 0, 0, 2, 1, 0, 0, 0, 0, 0, 1, 3, 0, 1, 0, 1, 3, 0, 0, 0, 1, 1, 10, 1, 1, 2, 0, 2, 1, 0, 2, 0, 0, 1, 0, 0, 0, 0, 2, 0, 0, 0, 0, 1, 4, 0, 0, 10, 2, 0, 0, 0, 3, 2, 3, 2, 0, 0, 2, 2, 0, 0, 0, 0, 2]
[1260, 0, 0, 2, 0, 2, 2, 0, 10, 0, 0, 1, 2, 2, 0, 10, 0, 0, 3, 2, 2, 3, 1, 0, 0, 0, 2, 0, 0, 0, 0, 1, 1, 1, 0, 1, 3, 0, 0, 2, 1, 0, 0, 0, 0, 0, 1, 3, 0, 1, 0, 1, 3, 0, 0, 0, 1, 1, 10, 1, 1, 2, 0, 2, 1, 0, 2, 0, 0, 1, 0, 0, 0, 0, 2, 0, 0, 0, 0, 1, 4, 0, 0, 10, 2, 0, 0, 0, 3, 2, 3, 2, 0, 0, 2, 2, 0, 0, 0, 0, 2]
[1270, 0, 0, 2, 0, 2, 2, 0, 10, 0, 0, 1, 2, 2, 0, 10, 0, 0, 3, 3, 2, 3, 1, 0, 0, 0, 2, 0, 0, 0, 0, 1, 1, 1, 0, 1, 3, 0, 0, 2, 1, 0, 0, 0, 0, 0, 1, 3, 0, 1, 0, 1, 3, 0, 0, 0, 1, 1, 10, 1, 1, 2, 0, 2, 1, 0, 2, 0, 0, 1, 0, 0, 0, 0, 2, 0, 0, 0, 0, 1, 4, 0, 0, 10, 2, 0, 0, 0, 3, 2, 3, 2, 0, 0, 2, 2, 0, 0, 0, 0, 2]
[1276, 0, 0, 2, 0, 2, 2, 0, 10, 0, 0, 1, 2, 2, 0, 10, 0, 0, 3, 4, 2, 3, 1, 0, 0, 0, 2, 0, 0, 0, 0, 1, 1, 1, 0, 1, 3, 0, 0, 2, 1, 0, 0, 0, 0, 0, 1, 3, 0, 1, 0, 1, 3, 0, 0, 0, 1, 1, 10, 1, 1, 2, 0, 2, 1, 0, 2, 0, 0, 1, 0, 0, 0, 0, 2, 0, 0, 0, 0, 1, 4, 0, 0, 10, 2, 0, 0, 0, 3, 2, 3, 2, 0, 0, 2, 2, 0, 0, 0, 0, 2]
[1283, 0, 0, 2, 0, 2, 2, 0, 10, 0, 0, 1, 2, 2, 0, 10, 0, 0, 3, 5, 2, 3, 1, 0, 0, 0, 2, 0, 0, 0, 0, 1, 1, 1, 0, 1, 3, 0, 0, 2, 1, 0, 0, 0, 0, 0, 1, 3, 0, 1, 0, 1, 3, 0, 0, 0, 1, 1, 10, 1, 1, 2, 0, 2, 1, 0, 2, 0, 0, 1, 0, 0, 0, 0, 2, 0, 0, 0, 0, 1, 4, 0, 0, 10, 2, 0, 0, 0, 3, 2, 3, 2, 0, 0, 2, 2, 0, 0, 0, 0, 2]
[1294, 0, 0, 2, 0, 2, 2, 0, 10, 0, 0, 1, 2, 2, 0, 10, 0, 0, 3, 5, 2, 3, 1, 0, 0, 0, 2, 0, 0, 0, 0, 1, 1, 1, 0, 1, 3, 0, 0, 2, 1, 0, 0, 0, 0, 0, 1, 3, 0, 1, 1, 1, 3, 0, 0, 1, 1, 1, 10, 1, 1, 2, 0, 2, 1, 0, 2, 0, 0, 1, 0, 0, 0, 0, 2, 0, 0, 0, 0, 1, 4, 0, 0, 10, 2, 0, 0, 0, 3, 2, 3, 2, 0, 0, 2, 2, 0, 0, 0, 1, 2]
[1298, 0, 0, 2, 0, 2, 2, 0, 10, 0, 0, 1, 2, 2, 0, 10, 0, 0, 3, 5, 2, 3, 1, 0, 0, 0, 2, 0, 0, 0, 0, 1, 1, 1, 0, 1, 3, 0, 0, 2, 1, 0, 0, 0, 0, 0, 1, 3, 0, 1, 1, 1, 3, 0, 0, 2, 1, 1, 10, 1, 1, 2, 0, 2, 1, 0, 2, 0, 0, 1, 0, 0, 0, 0, 2, 0, 0, 0, 0, 1, 4, 0, 0, 10, 2, 0, 0, 0, 3, 2, 3, 2, 0, 0, 2, 2, 0, 0, 0, 2, 2]
[1305, 0, 0, 2, 0, 2, 2, 0, 10, 0, 0, 1, 2, 2, 0, 10, 0, 0, 3, 5, 2, 3, 1, 0, 0, 0, 2, 0, 0, 0, 0, 1, 1, 1, 0, 1, 3, 0, 0, 2, 1, 0, 1, 0, 0, 0, 1, 3, 0, 1, 1, 1, 3, 0, 0, 2, 1, 1, 10, 1, 1, 2, 0, 2, 1, 0, 2, 0, 0, 1, 0, 0, 0, 0, 2, 0, 0, 0, 0, 1, 4, 0, 0, 10, 2, 0, 0, 0, 3, 2, 3, 2, 1, 0, 2, 2, 0, 0, 0, 2, 2]
[1310, 0, 0, 2, 0, 2, 2, 0, 10, 0, 0, 1, 2, 2, 0, 10, 0, 0, 3, 5, 2, 3, 1, 0, 0, 0, 2, 0, 0, 0, 0, 1, 1, 1, 0, 1, 3, 0, 0, 2, 1, 0, 1, 0, 0, 0, 1, 3, 0, 1, 1, 1, 3, 0, 0, 2, 1, 1, 10, 1, 1, 2, 0, 2, 1, 1, 2, 0, 0, 1, 0, 0, 0, 0, 2, 0, 0, 0, 0, 1, 4, 0, 0, 10, 2, 0, 0, 0, 3, 2, 3, 2, 1, 0, 2, 2, 0, 0, 0, 2, 2]
[1324, 0, 0, 2, 0, 2, 2, 0, 10, 0, 0, 1, 2, 2, 0, 10, 0, 0, 3, 5, 2, 3, 1, 0, 0, 0, 2, 0, 0, 0, 0, 1, 1, 1, 0, 1, 3, 0, 0, 2, 1, 0, 1, 0, 0, 0, 1, 3, 0, 1, 1, 1, 3, 0, 0, 2, 1, 1, 10, 1, 1, 2, 0, 2, 1, 2, 2, 0, 0, 1, 0, 0, 0, 0, 2, 0, 0, 0, 0, 1, 4, 0, 0, 10, 2, 0, 0, 0, 3, 2, 3, 2, 1, 0, 2, 2, 0, 0, 0, 2, 2]
[1339, 0, 0, 2, 0, 2, 2, 0, 10, 0, 0, 1, 2, 2, 0, 10, 0, 1, 3, 5, 2, 3, 1, 0, 0, 0, 2, 0, 1, 0, 0, 1, 1, 1, 0, 1, 3, 0, 0, 2, 1, 0, 1, 0, 0, 1, 1, 3, 0, 1, 1, 1, 3, 0, 0, 2, 1, 1, 10, 1, 1, 2, 0, 2, 1, 2, 2, 0, 0, 1, 0, 0, 0, 0, 2, 0, 1, 0, 0, 1, 4, 0, 0, 10, 2, 0, 0, 0, 3, 2, 3, 2, 1, 0, 2, 2, 0, 0, 0, 2, 2]
[1349, 0, 0, 2, 0, 2, 2, 0, 10, 0, 0, 1, 2, 2, 0, 10, 0, 1, 3, 5, 2, 3, 1, 0, 0, 0, 2, 0, 2, 0, 0, 1, 1, 1, 0, 1, 3, 0, 0, 2, 1, 0, 1, 0, 0, 1, 1, 3, 0, 1, 1, 1, 3, 0, 0, 2, 1, 1, 10, 1, 1, 2, 0, 2, 1, 2, 2, 0, 0, 1, 0, 0, 0, 0, 2, 0, 1, 0, 0, 1, 4, 0, 0, 10, 2, 0, 0, 0, 3, 2, 3, 2, 1, 0, 2, 2, 0, 0, 0, 2, 2]
[1353, 0, 0, 2, 0, 2, 2, 0, 10, 0, 0, 1, 2, 2, 0, 10, 0, 1, 3, 5, 2, 3, 1, 0, 0, 0, 2, 0, 2, 0, 0, 1, 1, 1, 1, 1, 3, 0, 0, 2, 1, 0, 1, 0, 0, 1, 1, 3, 0, 1, 1, 1, 3, 1, 0, 2, 1, 1, 10, 1, 1, 2, 0, 2, 1, 2, 2, 0, 0, 1, 0, 0, 0, 0, 2, 0, 1, 0, 0, 1, 4, 0, 0, 10, 2, 0, 0, 0, 3, 2, 3, 2, 1, 0, 2, 2, 0, 0, 0, 2, 2]
[1361, 0, 0, 2, 0, 2, 2, 0, 10, 0, 0, 1, 2, 2, 0, 10, 0, 2, 3, 5, 2, 3, 1, 0, 0, 0, 2, 0, 2, 0, 0, 1, 1, 1, 2, 1, 3, 0, 0, 2, 1, 0, 1, 0, 0, 2, 1, 3, 0, 1, 1, 1, 3, 1, 0, 2, 1, 1, 10, 1, 1, 2, 0, 2, 1, 2, 2, 0, 0, 1, 0, 0, 0, 0, 2, 0, 2, 0, 0, 1, 4, 0, 0, 10, 2, 0, 0, 0, 3, 2, 3, 2, 1, 0, 2, 2, 0, 0, 0, 2, 2]
[1364, 0, 0, 2, 0, 2, 2, 0, 10, 0, 0, 1, 2, 2, 0, 10, 0, 3, 3, 5, 2, 3, 1, 0, 0, 0, 2, 0, 3, 0, 0, 1, 1, 1, 2, 1, 3, 0, 0, 2, 1, 0, 1, 0, 0, 3, 1, 3, 0, 1, 1, 1, 3, 1, 0, 2, 1, 1, 10, 1, 1, 2, 0, 2, 1, 2, 2, 0, 0, 1, 0, 0, 0, 0, 2, 0, 3, 0, 0, 1, 4, 0, 0, 10, 2, 0, 0, 0, 3, 2, 3, 2, 1, 0, 2, 2, 0, 0, 0, 2, 2]
[1367, 0, 0, 2, 0, 2, 2, 0, 10, 0, 0, 1, 2, 2, 0, 10, 0, 3, 3, 5, 2, 3, 1, 0, 0, 0, 2, 0, 3, 0, 0, 1, 1, 1, 2, 1, 3, 0, 0, 2, 1, 0, 1, 0, 0, 3, 1, 3, 0, 1, 1, 1, 3, 2, 0, 2, 1, 1, 10, 1, 1, 2, 0, 2, 1, 2, 2, 0, 0, 1, 0, 0, 0, 0, 2, 0, 3, 0, 0, 1, 4, 0, 0, 10, 2, 0, 0, 0, 3, 2, 3, 2, 1, 0, 2, 2, 0, 0, 0, 2, 2]
[1373, 0, 0, 2, 0, 2, 2, 0, 10, 0, 1, 1, 2, 2, 0, 10, 0, 3, 3, 5, 2, 3, 1, 0, 0, 0, 2, 0, 3, 0, 0, 1, 1, 1, 2, 1, 3, 0, 0, 2, 1, 0, 1, 0, 0, 3, 1, 3, 0, 1, 1, 1, 3, 2, 0, 2, 1, 1, 10, 1, 1, 2, 0, 2, 1, 2, 2, 0, 0, 1, 0, 0, 0, 0, 2, 0, 3, 0, 0, 1, 4, 0, 0, 10, 2, 0, 0, 1, 3, 2, 3, 2, 1, 0, 2, 2, 0, 0, 0, 2, 2]
[1379, 0, 0, 2, 0, 2, 2, 0, 10, 0, 1, 1, 2, 2, 0, 10, 0, 3, 3, 5, 2, 3, 1, 0, 0, 0, 2, 0, 3, 0, 0, 1, 1, 1, 3, 1, 3, 0, 0, 2, 1, 0, 1, 0, 0, 3, 1, 3, 0, 1, 1, 1, 3, 3, 0, 2, 1, 1, 10, 1, 1, 2, 0, 2, 1, 2, 2, 0, 0, 1, 0, 0, 0, 0, 2, 0, 3, 0, 0, 1, 4, 0, 0, 10, 2, 0, 0, 1, 3, 2, 3, 2, 1, 0, 2, 2, 0, 0, 0, 2, 2]
[1393, 0, 0, 2, 0, 2, 2, 0, 10, 0, 2, 1, 2, 2, 0, 10, 0, 3, 3, 5, 2, 3, 1, 0, 0, 0, 2, 0, 3, 0, 0, 1, 1, 1, 3, 1, 3, 0, 0, 2, 1, 0, 1, 0, 0, 3, 1, 3, 0, 1, 1, 1, 3, 3, 0, 2, 1, 1, 10, 1, 1, 2, 0, 2, 1, 2, 2, 0, 0, 1, 0, 0, 0, 0, 2, 0, 3, 0, 0, 1, 4, 0, 0, 10, 2, 0, 0, 2, 3, 2, 3, 2, 1, 0, 2, 2, 0, 0, 0, 2, 2]
[1400, 0, 0, 2, 0, 2, 2, 0, 10, 0, 3, 1, 2, 2, 0, 10, 0, 3, 3, 5, 2, 3, 1, 0, 0, 0, 2, 0, 3, 0, 0, 1, 1, 1, 3, 1, 3, 0, 0, 2, 1, 0, 1, 0, 0, 3, 1, 3, 0, 1, 1, 1, 3, 3, 0, 2, 1, 1, 10, 1, 1, 2, 0, 2, 1, 2, 2, 0, 0, 1, 0, 0, 0, 0, 2, 0, 3, 0, 0, 1, 4, 0, 0, 10, 2, 0, 0, 3, 3, 2, 3, 2, 1, 0, 2, 2, 0, 0, 0, 2, 2]
[1417, 0, 0, 2, 0, 2, 2, 0, 10, 0, 3, 1, 2, 2, 0, 10, 0, 3, 3, 5, 2, 3, 1, 0, 0, 0, 2, 0, 3, 0, 0, 1, 1, 1, 3, 1, 3, 0, 0, 2, 1, 0, 1, 0, 0, 3, 1, 3, 0, 1, 1, 1, 3, 3, 0, 2, 1, 1, 10, 1, 1, 2, 1, 2, 1, 2, 2, 0, 0, 1, 0, 0, 0, 0, 2, 0, 3, 0, 0, 1, 4, 0, 0, 10, 2, 0, 0, 3, 3, 2, 3, 2, 1, 0, 2, 2, 0, 0, 0, 2, 2]
[1441, 0, 0, 2, 0, 2, 2, 0, 10, 0, 3, 1, 2, 2, 0, 10, 0, 3, 3, 5, 2, 3, 1, 0, 0, 0, 2, 0, 3, 0, 0, 1, 1, 1, 3, 1, 3, 0, 0, 2, 1, 0, 1, 0, 0, 3, 1, 3, 0, 1, 1, 1, 3, 3, 0, 2, 1, 1, 10, 1, 1, 2, 1, 2, 1, 2, 2, 0, 0, 1, 0, 0, 0, 1, 2, 0, 3, 0, 0, 1, 4, 0, 0, 10, 2, 0, 0, 3, 3, 2, 3, 2, 1, 0, 2, 2, 0, 0, 0, 2, 2]
[1457, 0, 0, 2, 0, 2, 2, 0, 10, 0, 3, 1, 2, 2, 0, 10, 0, 3, 3, 5, 2, 3, 1, 0, 0, 0, 2, 0, 3, 0, 0, 1, 1, 1, 3, 1, 3, 0, 0, 2, 1, 0, 1, 0, 0, 3, 1, 3, 0, 1, 1, 1, 3, 3, 0, 2, 1, 1, 10, 1, 1, 2, 1, 2, 1, 2, 2, 0, 0, 1, 0, 0, 0, 1, 2, 0, 3, 0, 0, 1, 4, 0, 0, 10, 2, 0, 0, 3, 3, 2, 3, 2, 1, 0, 2, 2, 1, 0, 0, 2, 2]
[1463, 0, 0, 2, 0, 2, 2, 0, 10, 0, 3, 1, 2, 2, 0, 10, 0, 3, 3, 5, 2, 3, 1, 0, 0, 0, 2, 0, 3, 0, 0, 1, 1, 1, 3, 1, 3, 0, 1, 2, 1, 0, 1, 0, 0, 3, 1, 3, 0, 1, 1, 1, 3, 3, 0, 2, 1, 1, 10, 1, 1, 2, 1, 2, 1, 2, 2, 0, 0, 1, 0, 0, 0, 1, 2, 0, 3, 0, 0, 1, 4, 0, 0, 10, 2, 0, 1, 3, 3, 2, 3, 2, 1, 0, 2, 2, 1, 1, 0, 2, 2]
[1472, 0, 0, 2, 0, 2, 2, 0, 10, 0, 3, 1, 2, 2, 0, 10, 0, 3, 3, 5, 2, 3, 1, 0, 0, 0, 2, 0, 3, 0, 0, 1, 1, 1, 3, 1, 3, 0, 1, 2, 1, 0, 1, 0, 0, 3, 1, 3, 0, 1, 1, 1, 3, 3, 0, 2, 1, 1, 10, 1, 1, 2, 1, 2, 1, 2, 2, 0, 0, 1, 1, 0, 0, 1, 2, 0, 3, 0, 0, 1, 4, 0, 0, 10, 2, 0, 1, 3, 3, 2, 3, 2, 1, 0, 2, 2, 1, 1, 0, 2, 2]
[1484, 0, 0, 2, 0, 2, 2, 0, 10, 0, 3, 1, 2, 2, 0, 10, 0, 3, 3, 5, 2, 3, 1, 0, 0, 0, 2, 0, 3, 0, 0, 1, 1, 1, 3, 1, 3, 0, 2, 2, 1, 0, 1, 0, 0, 3, 1, 3, 0, 1, 1, 1, 3, 3, 0, 2, 1, 1, 10, 1, 1, 2, 1, 2, 1, 2, 2, 0, 0, 1, 1, 0, 0, 1, 2, 0, 3, 0, 0, 1, 4, 0, 0, 10, 2, 0, 2, 3, 3, 2, 3, 2, 1, 0, 2, 2, 1, 2, 0, 2, 2]
[1486, 0, 0, 2, 0, 2, 2, 0, 10, 0, 3, 1, 2, 2, 0, 10, 0, 3, 3, 5, 2, 3, 1, 0, 0, 0, 2, 0, 3, 0, 0, 1, 1, 1, 3, 1, 3, 0, 3, 2, 1, 0, 1, 0, 0, 3, 1, 3, 0, 1, 1, 1, 3, 3, 0, 2, 1, 1, 10, 1, 1, 2, 1, 2, 1, 2, 2, 0, 0, 1, 1, 0, 0, 1, 2, 0, 3, 0, 0, 1, 4, 0, 0, 10, 2, 0, 3, 3, 3, 2, 3, 2, 1, 0, 2, 2, 1, 3, 0, 2, 2]
[1494, 0, 0, 2, 0, 2, 2, 0, 10, 0, 3, 1, 2, 2, 0, 10, 0, 3, 3, 5, 2, 3, 1, 0, 0, 0, 2, 0, 3, 0, 1, 1, 1, 1, 3, 1, 3, 0, 3, 2, 1, 0, 1, 0, 0, 3, 1, 3, 0, 1, 1, 1, 3, 3, 0, 2, 1, 1, 10, 1, 1, 2, 1, 2, 1, 2, 2, 0, 0, 1, 1, 0, 0, 1, 2, 0, 3, 0, 0, 1, 4, 0, 0, 10, 2, 0, 3, 3, 3, 2, 3, 2, 1, 0, 2, 2, 1, 3, 0, 2, 2]
[1502, 0, 0, 2, 0, 2, 2, 1, 10, 0, 3, 1, 2, 2, 0, 10, 0, 3, 3, 5, 2, 3, 1, 0, 0, 0, 2, 0, 3, 0, 1, 1, 1, 1, 3, 1, 3, 0, 3, 2, 1, 0, 1, 0, 0, 3, 1, 3, 0, 1, 1, 1, 3, 3, 0, 2, 1, 1, 10, 1, 1, 2, 1, 2, 1, 2, 2, 0, 0, 1, 1, 0, 0, 1, 2, 0, 3, 0, 0, 1, 4, 0, 0, 10, 2, 0, 3, 3, 3, 2, 3, 2, 1, 0, 2, 2, 1, 3, 0, 2, 2]
[1541, 0, 0, 2, 0, 2, 2, 1, 10, 0, 3, 1, 2, 2, 0, 10, 0, 3, 3, 5, 2, 3, 1, 0, 0, 0, 2, 0, 3, 0, 1, 1, 1, 1, 3, 1, 3, 0, 3, 2, 1, 0, 1, 0, 0, 3, 1, 3, 0, 1, 1, 1, 3, 3, 0, 2, 1, 1, 10, 1, 1, 2, 1, 2, 1, 2, 2, 1, 0, 1, 1, 1, 0, 1, 2, 0, 3, 0, 0, 1, 4, 0, 0, 10, 2, 0, 3, 3, 3, 2, 3, 2, 1, 1, 2, 2, 1, 3, 0, 2, 2]
