0
0
0
0
0
0
960
960
1020
1040
1060
1060
2820
2920
3120
4540
4660
4780
5280
5380
5400
5480
5500
5500
5500
5520
5580
5580
5620
5660
5720
5840
5880
5900
6000
6040
6060
6120
6140
6300
7320
7800
7880
8100
8200
8320
8460
9240
9440
9540
9640
9900
9980
10720
10880
11080
11160
11320
11460
11800
11800
11800
11960
12160
12320
12620
12720
12940
13060
14460
14460
14520
14620
14720
14820
14860
14900
14960
15020
15060
15160
15260
15320
15520
15540
15600
15680
15940
16140
16360
16380
16400
16440
16520
16600
16780
16880
16940
17020
17040
17060
17180
17200
17240
17500
17560
17720
17800
17840
17880
17900
17920
17980
18100
18400
18420
18460
18520
18580
18600
18660
18780
18840
18900
18960
18980
19020
19060
19120
19160
19200
19260
19380
19480
19520
19540
19720
19740
19740
19780
19840
19860
20000
20160
20260
20280
20340
20560
20560
20560
20600
20720
20820
20860
21000
21040
21060
21080
21220
21220
21220
21240
21280
21360
21420
21420
21420
21440
21460
21520
21560
21580
21660
21660
21860
21880
21920
21960
22000
22040
22120
22280
22320
22360
22500
22520
22560
22560
22640
22720
22720
22740
22780
22780
22880
22900
22960
23000
23040
23040
23080
23120
23280
23300
23460
23540
23580
23620
23640
23700
23760
23760
23840
23860
23880
23900
23920
23920
23980
24120
24120
24140
24260
24380
24500
24580
24580
24660
24680
24820
24820
24820
24840
24860
24900
24920
24960
24980
24980
25180
25200
25200
25240
25300
25300
25340
25400
25420
25540
25560
25600
25660
25680
25800
25860
25900
25920
25920
25960
26000
26000
26020
26080
26100
26120
26140
26160
26180
26260
26300
26360
26380
26420
26480
26500
26600
26660
26740
26800
26940
26980
27040
27160
27180
27300
27300
27400
27460
27500
27540
27540
27560
27580
27600
27680
27700
27700
27700
27760
27780
27860
28000
28060
28060
28180
28180
28200
28320
28340
28380
28520
28560
28600
28660
28720
28740
28740
28780
28840
28940
28960
29000
29120
29160
29200
29220
29320
29340
29440
29440
29520
29540
29560
29580
29580
29620
29640
29660
29720
29740
29760
29880
29980
30060
30060
30140
30160
30160
30220
30240
30260
30300
30300
30340
30360
30480
30480
30540
30580
30580
30600
30680
30760
30760
30780
30780
30820
30820
30900
30980
30980
31000
31040
31040
31060
31140
31160
31300
31340
31420
31420
31540
31560
31560
31560
31580
31620
31680
31740
31840
31880
31900
31940
32040
32080
32100
32160
32260
32280
32360
32420
32460
32520
32540
32580
32660
32720
32760
32760
32800
32820
32920
32920
32980
33000
33040
33160
33180
33240
33260
33280
33300
33360
33400
33440
33440
33460
33480
33480
33580
33620
33660
33720
33760
33760
33760
33780
33820
33840
33860
33860
33880
33880
33900
34020
34100
34140
34140
34180
34200
34220
34300
34340
34360
34400
34420
34420
34440
34460
34480
34540
34580
34580
34620
34660
34660
34700
34780
34800
34840
34880
35000
35080
35080
35120
35120
35140
35260
35280
35340
35380
35400
35400
35600
35660
35700
35720
35720
35760
35760
35800
35840
35860
35880
35900
35900
35960
36000
36000
36200
36240
36260
36280
36280
36340
36400
36400
36540
36620
36660
36680
36680
36720
36780
36860
36860
36880
36920
36980
37000
37040
37040
37040
37040
37180
37180
37260
37280
37280
37320
37340
37340
37340
37380
37400
37520
37580
37600
37680
37780
37820
37820
37860
37920
37940
37960
38000
38000
38060
38060
38060
38080
38100
38160
38300
38300
38340
38340
38360
38400
38420
38420
38440
38500
38520
38580
38580
38620
38720
38760
38820
38820
38820
38900
38960
38980
39020
39140
39180
39180
39200
39220
39240
39260
39340
39440
39500
39560
39600
39620
40080
40140
40160
40220
40240
40440
40560
40620
40660
40740
40740
40780
41160
41180
41220
43060
43120
44100
44180
44280
45680
45720
