0
0
0
0
0
0
940
1080
1100
1140
1160
1580
1660
4460
5060
7000
7900
8000
8100
8180
8240
8260
8280
8320
9600
9780
10020
10120
11980
12500
12560
12700
12980
12980
13120
13120
13140
13340
13380
13460
13460
13600
13660
13700
13740
13800
13800
13860
13940
13940
14000
14060
14080
14120
14120
14120
14260
14300
14300
14380
14520
14680
14740
14840
15020
15020
15240
15280
15360
15540
15580
15600
15680
15780
15860
15940
16000
16240
16280
16380
16420
16860
16980
17080
17160
17420
17480
17560
17560
17560
17780
17980
18000
18060
18120
18300
18740
18820
18940
18940
18980
19020
19180
19240
19380
20080
20120
20380
20380
20440
20540
20560
20700
20820
20960
21020
21240
21300
21400
21520
21860
21860
21900
21960
22020
22180
22200
22220
22240
22280
22340
22380
22420
22460
22540
22560
22600
22680
22700
22760
22840
22860
22880
22900
23040
23160
23180
23220
23240
23320
23560
23580
23700
23780
23780
23860
23900
23940
24060
24080
24140
24200
24340
24460
24480
24540
24700
24740
24900
24940
24940
24980
25020
25040
25040
25060
25100
25100
25120
25220
25320
25420
25480
25520
25540
25660
25740
25840
26060
26200
26220
26220
26240
26240
26300
26420
26460
26480
26520
26540
26600
26640
26720
26820
26940
27000
27040
27140
27220
27280
27380
27400
27460
27460
27480
27480
27520
27560
27600
27700
27720
27800
27900
27900
27900
27920
27960
27960
28000
28040
28200
28260
28280
28300
28340
28380
28420
28460
28460
28520
28560
28640
28680
28700
28780
28800
28860
28940
29000
29040
29200
29280
29320
29440
29480
29500
29500
29540
29540
29600
29600
29620
29660
29720
29840
29860
29940
30000
30020
30020
30040
30060
30100
30120
30140
30200
30240
30240
30260
30440
30540
30580
30600
30600
30660
30660
30660
30700
30720
30720
30720
30740
30760
30780
30800
30860
30900
30940
31100
31120
31220
31260
31280
31300
31320
31340
31380
31460
31500
31540
31600
31600
31600
31620
31680
31680
31720
31760
31760
31800
31820
31840
31900
31920
31960
31960
32020
32080
32120
32140
32140
32160
32160
32240
32300
32300
32320
32380
32380
32480
32480
32500
32520
32580
32660
32700
32720
32800
32840
32900
32920
32980
33040
33060
33120
33140
33160
33200
33260
33260
33320
33340
33380
33400
33400
33440
33480
33480
33540
33560
33580
33580
33620
33620
33700
33820
33860
33920
33960
33960
33960
34000
34100
34180
34220
34340
34480
34560
34580
34660
34720
34720
34780
34780
34800
34820
34880
34880
34900
34900
34920
34940
34980
35020
35040
35060
35100
35100
35160
35200
35200
35240
35260
35340
35400
35420
35460
35480
35580
35680
35700
35780
35860
35940
36060
36060
36100
36140
36180
36220
36240
36260
36280
36300
36320
36340
36340
36400
36460
36520
36540
36560
36600
36760
36820
36820
36840
36940
36960
37040
37100
37120
37120
37140
37200
37220
37300
37300
37320
37400
37400
37400
37420
37460
37460
37460
37500
37540
37580
37580
37600
37740
37800
37820
37880
37940
37980
38080
38100
38100
38140
38200
38220
38220
38300
38300
38340
38400
38440
38520
38520
38540
38620
38700
38780
38800
38800
38840
38860
38900
38960
38980
39000
39040
39060
39060
39100
39140
39160
39260
39280
39300
39320
39360
39400
39480
39500
39540
39580
39600
39620
39620
39640
39640
39800
39800
39920
39940
40000
40240
40420
40460
40680
40740
40960
41060
41320
41400
41540
41560
41700
41740
41820
42120
42280
42800
42840
42980
42980
43180
43600
44820
