0
0
0
0
0
0
20
1160
1200
1200
1240
1320
1340
2980
3180
3320
3520
4240
4340
4600
4660
4840
5000
5080
5200
5320
5500
5580
5600
5720
5760
5840
5880
5900
5960
6020
6060
6060
6080
6100
6120
6140
6260
6400
7620
7740
8240
8360
8820
8920
9040
9240
9980
10040
10300
11180
11700
11700
11860
11860
11960
11980
12520
12700
12900
13340
13360
13720
13780
14760
14860
15060
15120
15220
15540
15540
15580
15620
15700
15740
15820
15900
15920
16160
16240
16460
16720
16800
16860
17320
17320
17460
17700
17780
17820
17900
18020
18020
18100
18160
18200
18260
18520
18560
18700
18780
19200
19280
19800
19840
19840
19940
20100
20220
20300
20380
20400
20460
20680
20760
20800
20800
21040
21120
21140
21240
21380
21380
21440
21500
21540
21540
21620
21720
21740
21740
21780
21780
21920
22060
22060
22180
22300
22480
22560
22600
22680
22780
22860
22900
22960
22980
23000
23040
23100
23200
23240
23260
23280
23340
23360
23380
23480
23520
23520
23600
23620
23680
23820
23840
23940
23980
24140
24160
24200
24320
24440
24580
24640
24660
24780
24900
25080
25140
25240
25420
25520
25520
25660
25740
25780
25880
25920
25940
26020
26040
26040
26100
26180
26200
26280
26340
26360
26380
26440
26480
26620
26640
26660
26780
26860
26880
26960
27000
27020
27020
27020
27100
27100
27180
27180
27220
27240
27340
27360
27360
27400
27540
27600
27620
27700
27740
27780
27840
27860
27920
27920
27980
28000
28060
28060
28100
28120
28120
28660
28700
28720
28780
28780
28800
28840
28840
28860
28860
29000
29040
29040
29200
29200
29280
29280
29360
29500
29660
29660
29720
29800
29860
29880
30000
30040
30060
30120
30200
30240
30280
30340
30400
30500
30580
30580
30660
30660
30760
30820
31040
31080
31140
31220
31300
31320
31360
31420
31460
31520
31580
31640
31640
31800
31800
31840
31920
32000
32080
32100
32100
32160
32320
32320
32340
32440
32520
32540
32560
32580
32640
32660
32720
32800
32820
32820
32860
32880
32980
33000
33040
33100
33120
33240
33280
33300
33340
33380
33460
33480
33500
33560
33600
33640
33680
33740
33760
33760
33800
33800
33920
33940
33980
34040
34080
34140
34160
34220
34280
34280
34320
34420
34520
34540
34640
34700
34740
34740
34740
34740
34740
34860
34900
34940
34980
34980
35000
35040
35160
35180
35240
35260
35260
35300
35360
35380
35480
35520
35540
35580
35620
35700
35740
35780
35800
35900
35940
35980
36080
36120
36140
36180
36200
36260
36360
36380
36480
36520
36560
36620
36620
36740
36740
36860
37020
37060
37180
37360
37360
37460
37600
37600
37640
37700
37800
37820
37860
37920
38000
38000
38180
38200
38260
38300
38300
38300
38340
38340
38380
38440
38460
38500
38500
38500
38500
38520
38580
38640
38680
38760
38800
38820
38900
38940
39000
39000
39020
39020
39100
39140
39140
39160
39160
39180
39240
39260
39300
39300
39420
39440
39460
39460
39480
39480
39520
39580
39640
39680
39800
39840
39940
39960
40100
40160
40180
40220
40240
40260
40300
40380
40380
40400
40400
40400
40400
40400
40400
40420
40420
40440
40460
40480
40520
40560
40560
40680
40680
40740
40780
40780
40800
40820
40840
40840
40880
40900
40920
41000
41020
41020
41020
41060
41100
41140
41180
41240
41320
41360
41400
41440
41480
41580
41700
41740
41800
41820
41820
41840
41860
41880
41980
41980
42020
42040
42080
42080
42120
42140
42160
42220
42300
42320
42400
42440
42480
42480
42500
42500
42540
42580
42680
42680
42700
42720
42780
42820
42840
42980
43080
43120
43220
43280
43300
43380
43460
43500
43500
43560
43580
43680
43720
43740
43800
43960
44020
44040
44120
44140
44160
44260
44300
44360
44400
44400
44440
44500
44700
44740
44760
44760
44800
44860
44880
44920
44920
44940
45060
45160
45340
45440
45500
45540
45720
45720
45740
45780
45800
45880
45920
46020
46060
46060
46060
46160
46180
46180
46220
46340
46440
47020
47060
47160
47380
47800
53860
