0
0
0
0
0
0
0
0
0
0
0
20
20
480
740
740
740
760
760
780
780
820
900
920
980
1000
1020
1040
1920
2040
2100
2160
2160
2160
2200
2220
2260
2280
2460
2480
2880
3180
3200
3200
3240
4100
4580
4760
4780
4980
5640
5680
5760
5820
5940
6020
6100
6700
6740
6880
6980
7100
7180
7340
7480
7480
7520
7600
7660
8620
8700
8780
8820
8880
9020
9120
9200
9220
9260
9280
9280
9280
9380
9460
9500
9500
9600
9760
10040
10200
10260
10280
10300
10320
10320
10340
10420
10500
10580
10640
10680
10700
10720
10840
10940
11000
11280
11300
11380
11440
11460
11460
11520
11540
12160
12180
12300
12380
12400
12480
12520
12540
12560
12580
12660
12720
12820
12840
12880
13020
13040
13080
13160
13260
13340
13360
13360
13380
13440
13480
13500
13500
13520
13560
13660
13680
13800
13860
13880
14000
14080
14100
14160
14180
14220
14280
14380
14560
14600
14680
14740
14840
14940
15040
15080
15080
15200
15300
15700
15960
16000
16000
16100
16140
16200
16220
16240
16260
16300
16320
16360
16380
16620
16700
16880
17000
17000
17120
17160
17300
17340
17380
17400
17460
17460
17540
17580
17660
17660
17720
17840
17860
17960
18020
18120
18160
18200
18320
18360
18520
18540
18580
18600
18600
18680
18760
18800
18820
18840
18920
18920
18960
18960
19040
19140
19180
19220
19300
19300
19340
19440
19620
19620
19700
19720
19780
19860
19920
19960
20000
20080
20120
20120
20220
20240
20340
20360
20420
20540
20640
20640
20660
20680
20800
20880
20940
20960
20980
21020
21040
21040
21080
21200
21220
21260
21280
21320
21380
21460
21660
21700
21740
21860
21900
22040
22160
22280
22340
22340
22340
22440
22440
22520
22540
22600
22620
22660
22700
22720
22800
22820
22840
22920
22940
22940
22980
22980
23060
23060
23100
23140
23160
23180
23320
23440
23480
23500
23620
23720
23800
23800
23820
23940
23980
23980
24040
24040
24080
24100
24140
24200
24260
24280
24400
24540
24580
24620
24680
24740
24880
24900
25200
25200
25320
25400
25420
25620
25620
25660
25680
25740
25780
25800
25820
25900
25900
25960
25960
26100
26280
26300
26360
26400
26420
26440
26620
26640
26640
26680
26680
26760
26760
26760
26760
26840
26860
26960
26960
27040
27080
27120
27200
27200
27280
27280
27320
27360
27360
27460
27460
27460
27480
27480
27500
27560
27580
27580
27620
27640
27700
27700
27720
27740
27780
27800
27820
27840
27880
27960
27980
28020
28100
28120
28180
28220
28260
28300
28340
28400
28500
28520
28560
28560
28600
28660
28720
28740
28760
28760
28820
28820
28820
28900
28940
28960
28980
29040
29120
29120
29160
29160
29160
29200
29280
29340
29400
29480
29620
29660
29780
29860
29860
29900
29940
29940
29980
29980
30000
30060
30060
30080
30280
30300
30300
30340
30400
30440
30500
30580
30600
30780
30880
30920
31040
31040
31100
31100
31120
31180
31180
31180
31200
31220
31240
31260
31260
31300
31320
31340
31340
31360
31460
31500
31500
31540
31580
31620
31620
31660
31680
31680
31720
31720
31740
31740
31800
31800
31820
31940
31940
31940
31980
31980
31980
32060
32060
32060
32060
32120
32160
32160
32200
32240
32300
32340
32360
32380
32400
32420
32420
32420
32420
32420
32460
32480
32500
32500
32600
32620
32640
32660
32660
32660
32680
32680
32720
32720
32800
32820
32820
32820
32940
32960
32960
33000
33080
33140
33160
33180
33260
33260
33300
33300
33320
33400
33400
33460
33500
33520
33560
33580
33580
33620
33640
33680
33700
33700
33720
33720
33740
33840
33860
33940
34040
34120
34180
34180
34240
34240
34260
34300
34320
34360
34360
34400
34420
34460
34520
34520
34600
34700
34760
34760
34780
34800
34800
34800
34840
34840
34880
34920
34940
35000
35040
35040
35060
35060
35080
35120
35120
35160
35180
35200
35260
35300
35360
35380
35400
35400
35400
35420
35420
35440
35440
35440
35500
35500
35520
35600
35620
35620
35640
35640
35660
35700
35780
35800
35800
35820
35820
35860
35880
35920
35920
35940
35960
35980
36000
36000
36080
36100
36120
36140
36160
36200
36260
36300
36300
36360
36420
36540
36540
36580
36740
36860
36940
37080
37140
37160
37240
37300
37420
37440
37500
37560
37640
37900
37960
38080
38340
38400
38640
38700
38700
38840
39000
39060
39080
39500
39740
40000
40040
40100
40200
40240
40360
40500
40520
40560
40580
40700
40940
41080
41440
42260
42340
42460
42500
42840
42940
43040
43120
43400
43680
43720
44040
44200
46300
46300
