0
0
0
0
0
0
640
1040
1360
1380
1500
1560
1680
4720
5080
5460
6800
6960
7320
7380
7400
7440
7700
7940
7980
8020
8120
8120
8140
8220
9180
9540
9620
9880
10260
12280
12360
12480
12560
12640
12740
12960
13080
13220
13280
13420
13480
13500
13520
13520
13520
13560
13580
13600
13600
13600
13740
13740
13840
13860
13980
13980
14100
14180
14200
14260
14340
14440
14480
14520
14580
14680
14740
14880
14880
14980
15020
15080
15180
15220
15300
15360
15780
16000
16100
16720
16800
16900
16920
17140
17180
17200
17240
17300
17420
17520
17640
17660
17700
17720
17800
17880
17980
18120
18320
18380
18500
19780
19920
20340
20380
20500
20540
20700
20840
20880
20980
21020
21040
21100
21220
21340
21480
21500
21520
21640
21780
21900
21980
22060
22140
22280
22320
22420
22440
22500
22540
22580
22640
22660
22680
22780
22900
22980
23060
23160
23180
23360
23400
23440
23480
23580
23600
23720
23760
23800
23920
23960
24080
24180
24220
24240
24260
24300
24300
24380
24520
24520
24560
24660
24680
24740
24760
24820
24920
24920
24940
24940
25040
25080
25080
25160
25180
25240
25260
25380
25400
25420
25460
25460
25700
25720
25840
25900
25980
26080
26120
26160
26240
26260
26280
26300
26320
26340
26340
26400
26460
26480
26560
26600
26620
26640
26680
26680
26700
26700
26740
26880
26920
27020
27160
27240
27260
27300
27300
27380
27460
27480
27480
27500
27540
27560
27700
27720
27740
27840
27860
27900
27960
27960
27960
28020
28020
28080
28080
28100
28180
28180
28200
28220
28360
28400
28460
28520
28560
28580
28680
28720
28740
28780
28840
28980
28980
29000
29060
29140
29160
29200
29240
29340
29380
29400
29400
29460
29460
29460
29480
29500
29520
29600
29620
29660
29780
29820
29840
29900
29960
30040
30080
30140
30160
30160
30160
30180
30200
30340
30340
30380
30440
30440
30480
30520
30560
30600
30640
30660
30680
30720
30720
30740
30760
30800
30840
30860
30880
30880
30900
30960
31000
31040
31060
31120
31260
31320
31360
31360
31380
31440
31440
31440
31640
31700
31760
31840
31860
31940
31960
32000
32000
32080
32080
32120
32140
32200
32280
32360
32380
32440
32520
32560
32580
32640
32740
32760
32840
32960
32980
33020
33020
33100
33100
33140
33160
33220
33280
33300
33340
33380
33380
33440
33560
33600
33600
33660
33720
33780
33800
33820
33860
33860
33920
33920
33960
34020
34020
34140
34140
34200
34220
34220
34280
34320
34360
34400
34440
34520
34540
34580
34620
34640
34720
34740
34760
34780
34860
34860
34940
34980
35000
35080
35100
35140
35200
35240
35280
35300
35300
35320
35380
35440
35480
35520
35520
35580
35620
35640
35660
35660
35680
35720
35760
35780
35820
35840
35880
35940
35940
35960
36040
36080
36140
36200
36200
36240
36260
36320
36320
36320
36360
36420
36460
36520
36560
36560
36620
36700
36740
36760
36800
36820
36840
36880
37000
37000
37020
37160
37160
37160
37180
37220
37220
37320
37340
37420
37420
37480
37480
37480
37500
37520
37620
37700
37700
37700
37700
37760
37780
37860
37880
37940
37960
38040
38060
38080
38140
38200
38220
38260
38300
38400
38420
38420
38420
38480
38480
38600
38640
38660
38680
38780
38780
38840
38860
38900
39000
39020
39040
39060
39080
39120
39220
39260
39320
39320
39380
39440
39480
39480
39580
39640
39640
39680
39720
39740
39800
39820
39900
39920
39940
40040
40100
40100
40260
40260
40420
40460
40460
40540
40560
40720
40900
41000
41200
41260
41360
41400
41740
41880
41960
42100
42160
42460
42560
42580
42580
42740
43120
43860
