0
0
0
0
0
0
0
0
0
0
0
560
600
720
720
760
760
760
780
860
860
920
940
1060
1100
1180
1480
1580
1840
1920
1920
1980
2160
2280
2340
2380
2440
2580
3200
3680
3720
3780
3800
4500
4640
4940
5080
5240
5320
5420
6220
6320
6420
6520
6660
7440
7480
7560
7600
7700
7760
7820
7960
8080
8120
8120
8180
8360
8420
8460
8520
8640
8940
9260
9400
9480
9500
9520
9600
9700
9800
9860
9880
9880
10020
10060
10200
10200
10220
10380
10420
10480
10620
10680
10720
11360
11360
11500
11580
12100
12200
12240
12300
12340
12380
12400
12400
12420
12540
12540
12660
12740
13180
13220
13260
13280
13280
13280
13300
13320
13340
13420
13520
13680
13760
13780
13960
14040
14120
14140
14260
14320
14380
14400
14420
14440
14500
14560
14640
14640
14700
14880
14980
15080
15140
15280
15300
15320
15360
15440
15480
15520
15620
15680
15680
15720
15900
16020
16020
16120
16240
16240
16340
16360
16400
16400
16440
16460
16480
16740
16800
17040
17200
17240
17360
17360
17380
17620
17640
17660
17740
17760
17780
17820
17820
17920
17940
17940
18000
18040
18060
18140
18200
18460
18500
18560
18560
18600
18680
18740
18800
18800
18900
19000
19040
19060
19100
19200
19300
19400
19420
19540
19600
19660
19760
19860
19880
19880
19940
20040
20040
20040
20080
20140
20160
20200
20240
20240
20340
20360
20360
20360
20360
20400
20440
20480
20480
20540
20580
20640
20680
20700
20880
20920
21060
21080
21140
21400
21460
21520
21700
21900
21920
21940
21980
22080
22260
22300
22320
22360
22400
22420
22540
22540
22560
22600
22680
22700
22780
22860
22920
22960
22960
22960
22980
22980
23000
23000
23020
23060
23120
23140
23140
23140
23180
23220
23220
23220
23280
23360
23380
23400
23440
23520
23620
23640
23700
23820
23820
23840
23880
24000
24040
24060
24160
24160
24300
24320
24340
24420
24420
24460
24520
24600
24620
24640
24720
24740
24880
24920
24980
25000
25140
25140
25140
25140
25240
25280
25300
25320
25360
25400
25500
25600
25620
25680
25720
25780
25820
25820
25820
25840
25860
25980
26120
26180
26220
26220
26240
26300
26320
26340
26360
26360
26400
26400
26440
26440
26440
26500
26520
26540
26560
26600
26620
26680
26720
26720
26740
26820
26880
26880
26920
26940
27040
27140
27140
27180
27200
27240
27240
27260
27300
27340
27340
27420
27440
27440
27480
27500
27520
27580
27660
27720
27840
27840
27940
28000
28000
28000
28020
28040
28080
28200
28220
28320
28360
28380
28380
28420
28440
28440
28460
28460
28460
28480
28520
28520
28520
28520
28580
28580
28620
28680
28680
28780
28800
28860
28880
28900
28940
28980
28980
29000
29020
29120
29160
29180
29200
29200
29300
29340
29440
29480
29480
29500
29580
29600
29640
29680
29700
29700
29720
29780
29920
29920
29980
30000
30120
30140
30180
30220
30280
30280
30280
30320
30340
30380
30400
30460
30460
30480
30480
30500
30600
30680
30700
30740
30860
30880
30900
30920
30940
30940
30960
30980
30980
30980
30980
31060
31060
31140
31220
31280
31280
31320
31380
31380
31440
31480
31500
31580
31640
31660
31660
31660
31700
31720
31760
31780
31820
31880
31900
31940
32020
32080
32160
32220
32260
32300
32360
32360
32380
32400
32400
32440
32440
32460
32500
32520
32560
32560
32600
32620
32660
32740
32780
32820
32820
32840
32860
32960
32960
32960
32960
33000
33040
33060
33100
33100
33120
33160
33260
33260
33280
33320
33340
33360
33360
33380
33420
33440
33460
33480
33500
33520
33560
33620
33740
33780
33860
33900
33940
34060
34100
34140
34160
34200
34200
34200
34220
34300
34360
34360
34380
34460
34500
34500
34500
34560
34560
34580
34580
34600
34620
34660
34740
34800
34820
34820
34820
34840
34860
34880
34880
34920
35000
35000
35040
35160
35220
35300
35340
35360
35400
35440
35500
35520
35520
35580
35600
35680
35720
35740
35780
35780
35820
35820
35820
35880
35960
35960
36000
36060
36080
36120
36180
36240
36260
36260
36280
36320
36400
36480
36480
36520
36520
36540
36600
36860
36900
36940
37000
37020
37080
37100
37140
37140
37180
37200
37240
37300
37340
37380
37440
37440
37700
37740
37860
37940
38020
38400
38480
38540
38560
38620
38760
38860
38960
38980
39220
39340
39380
40080
41960
42060
44040
44040
44140
44940
