0
0
0
0
0
0
1600
1600
1620
1660
1660
1720
4900
5340
8100
8280
8300
8320
8340
8420
8560
8680
10060
12880
12980
13260
13300
13520
13600
13620
13640
13660
13720
13760
13820
13860
13940
13960
14020
14140
14180
14280
14380
14380
14420
14500
14580
14700
14780
14820
14900
15040
15120
15280
15320
15420
15520
15720
15760
15800
15960
16200
16580
17240
17260
17300
17500
17600
17620
17720
17780
18060
18700
18720
18780
18860
18960
19040
19080
19640
19720
20220
20220
20380
20480
20500
20580
20620
20720
20780
20900
20960
21140
21180
21220
21260
21360
21500
21520
21560
21580
21620
21640
21760
21800
21800
21800
21840
21940
21980
22040
22160
22180
22220
22220
22240
22340
22520
22680
22700
22700
22760
22800
22860
22940
22960
23040
23120
23140
23180
23180
23320
23420
23500
23560
23560
23620
23660
23660
23700
23720
23820
23900
24080
24140
24280
24360
24500
24560
24580
24640
24660
24700
24720
24720
24780
24780
24800
25100
25160
25280
25300
25320
25340
25340
25340
25360
25360
25420
25480
25580
25620
25760
25800
25800
25800
25840
25880
25980
26000
26020
26060
26100
26120
26180
26220
26320
26340
26380
26420
26420
26460
26540
26580
26600
26640
26640
26680
26720
26800
26800
26900
26920
26920
26940
26960
27020
27080
27100
27140
27200
27240
27300
27340
27380
27440
27460
27460
27520
27560
27580
27660
27700
27760
27780
27860
27860
27920
27940
28020
28020
28020
28060
28060
28100
28160
28200
28300
28300
28320
28360
28420
28500
28560
28580
28620
28680
28720
28860
28940
28940
29120
29160
29300
29320
29380
29400
29460
29460
29500
29500
29500
29520
29540
29560
29560
29620
29720
29720
29760
29820
29820
29860
29860
29880
29880
29900
29960
29960
29980
29980
30040
30080
30080
30100
30160
30180
30260
30340
30360
30420
30420
30460
30520
30540
30560
30620
30680
30760
30760
30760
30780
30800
30820
30860
30860
30900
30900
30920
30940
30960
30980
30980
30980
31040
31040
31080
31100
31100
31140
31240
31300
31320
31420
31420
31440
31480
31520
31520
31520
31520
31580
31600
31640
31660
31660
31680
31680
31840
31840
31860
31880
31940
32060
32100
32180
32220
32260
32280
32320
32360
32380
32400
32440
32520
32540
32540
32540
32600
32620
32640
32700
32740
32780
32800
32820
32820
32860
32960
33040
33120
33140
33160
33240
33280
33300
33320
33380
33480
33480
33520
33520
33520
33560
33700
33740
33760
33940
33940
33960
33980
34080
34080
34080
34100
34140
34220
34220
34240
34280
34340
34340
34360
34420
34500
34520
34580
34620
34660
34700
34780
34900
34900
34940
34960
35000
35020
35040
35060
35080
35100
35100
35100
35120
35140
35180
35220
35240
35260
35420
35440
35520
35580
35580
35600
35640
35740
35740
35760
35760
35780
35840
35940
36140
36220
36360
36360
36440
36460
36500
36500
36560
36580
36620
36680
36700
36780
36800
36820
36860
36900
36920
36980
36980
37000
37060
37080
37120
37260
37400
37440
37520
37560
37600
37620
37700
37760
37800
37800
38000
38040
38040
38060
38140
38160
38220
38300
38340
38400
38420
38460
38560
38660
38680
38780
38880
38900
38920
39020
39020
39060
39140
39200
39200
39260
39320
39500
39640
39740
39880
39980
40060
40080
40160
40200
40300
40340
40580
40660
41040
41060
41620
41640
41700
41780
41960
42100
42180
42280
42380
42580
42640
43320
43400
44800
46320
46400
