0
0
0
0
0
0
640
940
1000
1020
1060
1200
1220
3220
3420
4620
4720
5140
5560
5620
5640
5780
5800
5860
5900
5940
5940
5980
6140
6160
6220
6340
6340
6360
6360
6400
6420
7980
8360
8520
8820
8880
9020
9380
10060
10180
11280
11840
11900
11960
11980
12040
12120
12320
12420
12520
12680
13200
13280
13400
13660
13820
13940
15600
15660
15720
15900
15940
15940
15960
16020
16140
16240
16380
16700
16800
17000
17080
17200
17380
17500
17540
17560
17700
18200
18320
18420
18520
18640
18860
19040
19120
19220
19300
19500
19620
19780
20240
20240
20340
20340
20840
20900
21080
21160
21200
21440
21640
21860
21940
21940
21980
22020
22060
22060
22140
22160
22180
22200
22220
22220
22220
22240
22260
22320
22640
22860
22900
22960
23040
23120
23180
23240
23260
23320
23400
23460
23520
23560
23600
23660
23720
23760
23800
23820
23840
23860
23900
23980
24140
24160
24200
24320
24500
24540
24600
24620
24660
24680
24700
24760
24800
25080
25100
25100
25260
25320
25380
25380
25400
25420
25440
25480
25540
25540
25580
25620
25640
25720
25760
25860
26000
26040
26040
26040
26080
26180
26460
26560
26720
26740
26900
26980
27060
27340
27460
27480
27520
27560
27560
27660
27680
27700
27820
27940
27960
28020
28140
28240
28300
28320
28320
28680
28700
28800
28900
28960
29040
29080
29100
29100
29100
29200
29360
29660
29980
30020
30120
30180
30480
30640
30760
30840
30840
30920
31200
31260
31320
31360
31380
31400
31400
31420
31480
31540
31620
31660
31860
31880
31920
32020
32140
32200
32220
32280
32320
32380
32420
32440
32500
32560
32600
32620
32620
32620
32640
32720
32740
32860
32900
32980
32980
33040
33060
33080
33120
33120
33160
33200
33280
33320
33440
33480
33480
33480
33560
33600
33620
33740
33860
33900
33940
33960
33960
34020
34080
34120
34120
34180
34200
34280
34320
34320
34320
34360
34420
34460
34620
34620
34720
34740
34780
34820
34860
34920
34920
34940
35100
35160
35200
35200
35240
35260
35280
35340
35400
35400
35420
35520
35580
35620
35660
35740
35780
35840
35960
36000
36040
36160
36220
36240
36280
36300
36320
36380
36420
36500
36620
36660
36680
36780
36840
36900
36940
37020
37080
37100
37160
37200
37240
37340
37360
37400
37420
37440
37460
37540
37580
37580
37720
37800
37820
37860
37960
38040
38140
38160
38220
38220
38260
38280
38380
38440
38480
38500
38580
38600
38620
38620
38660
38680
38700
38700
38740
38780
38880
39060
39080
39120
39120
39140
39180
39260
39260
39300
39340
39360
39460
39460
39460
39520
39540
39600
39620
39680
39700
39720
39740
39780
39820
39820
39920
39960
39960
39980
40000
40060
40060
40100
40160
40200
40200
40240
40280
40340
40340
40480
40480
40540
40620
40740
40740
40740
40760
40780
40860
40860
40860
40880
40880
40940
40980
41060
41100
41120
41140
41200
41200
41240
41260
41280
41280
41280
41320
41320
41340
41400
41420
41440
41460
41480
41520
41560
41620
41660
41660
41700
41740
41860
41920
41960
41980
42020
42020
42020
42040
42060
42060
42080
42140
42160
42200
42240
42280
42320
42380
42420
42420
42460
42560
42580
42580
42600
42620
42620
42680
42740
42780
42840
42900
42960
42980
42980
43000
43020
43060
43080
43080
43120
43140
43160
43160
43240
43340
43340
43380
43420
43440
43480
43500
43580
43580
43620
43640
43660
43660
43680
43740
43740
43760
43840
43880
43960
43980
44020
44060
44060
44120
44120
44120
44120
44140
44200
44200
44200
44340
44380
44420
44440
44520
44540
44560
44560
44560
44580
44640
44720
44740
44800
44820
44940
45060
45060
45080
45080
45120
45220
45320
45340
45340
45380
45380
45420
45460
45480
45500
45540
45600
45620
45660
45700
45740
45760
45760
45780
45820
45820
45820
45840
45880
45940
46000
46040
46060
46120
46140
46240
46300
46400
46540
46560
46580
46680
46900
46980
47000
47280
47460
47880
47980
48200
48340
49000
49220
49300
49320
