0
0
0
0
0
0
0
0
0
420
580
580
620
720
720
840
980
1020
1060
1080
1140
1160
1200
1920
2060
2080
2080
2200
2280
2300
2380
2440
2580
2600
2700
2760
2940
3100
3300
3340
3580
3640
3680
4360
4480
4880
5000
5140
5240
5280
5280
6020
6160
6260
6500
6960
7080
7140
7240
7300
7300
7360
7440
7500
7620
7640
7640
7920
8000
8000
8160
8220
8540
8700
8740
8780
8840
8920
8920
8940
8960
9020
9060
9080
9140
9180
9260
9280
9320
9520
9540
9740
9740
9740
9760
9760
9840
9840
9860
10000
10080
10160
10160
10320
10340
10440
10460
10540
10720
10800
10800
10880
10940
10940
11020
11060
11100
11120
11160
11160
11620
11700
11700
11820
11860
11900
11900
11960
12080
12120
12620
12640
12680
12760
12800
12820
12840
12840
12960
13020
13080
13220
13260
13340
13440
13460
13620
13660
13780
13820
13820
13920
13940
14020
14040
14120
14160
14320
14380
14380
14400
14440
14440
14480
14640
14720
14780
14840
15020
15020
15160
15160
15320
15380
15480
15540
15640
15680
15720
15760
15780
15780
15820
15860
16040
16060
16120
16260
16340
16420
16480
16520
16560
16600
16640
16760
16780
16840
16840
16860
16880
16880
17000
17040
17120
17180
17200
17260
17300
17360
17400
17420
17480
17560
17600
17660
17760
17800
17860
17920
18000
18120
18220
18300
18320
18340
18420
18440
18480
18500
18520
18600
18600
18620
18680
18720
18760
18800
18820
18880
18900
18900
18940
19020
19100
19120
19140
19140
19180
19220
19240
19260
19260
19280
19300
19300
19300
19340
19400
19460
19520
19560
19640
19640
19720
19760
19800
19900
19940
20120
20240
20280
20360
20360
20380
20420
20420
20540
20540
20660
20740
20780
20860
20880
20940
21000
21020
21140
21180
21200
21380
21480
21480
21540
21560
21660
21700
21700
21780
21860
21900
21920
21980
21980
22000
22000
22020
22080
22140
22140
22200
22200
22220
22260
22260
22260
22320
22340
22380
22440
22440
22480
22520
22620
22660
22720
22740
22780
22800
22860
22880
22920
22940
23040
23080
23100
23200
23260
23320
23380
23420
23480
23560
23580
23580
23640
23660
23660
23680
23700
23780
23820
23840
23860
23880
23920
23940
23940
23980
24000
24020
24120
24140
24180
24260
24260
24260
24320
24340
24400
24440
24460
24480
24520
24560
24560
24600
24620
24660
24680
24700
24720
24780
24780
24820
24820
24840
24840
24900
24900
24940
25000
25020
25040
25100
25120
25140
25180
25220
25260
25380
25400
25520
25540
25600
25600
25640
25680
25820
25840
25880
25900
25940
25940
26000
26040
26120
26200
26200
26260
26280
26300
26360
26440
26460
26480
26580
26580
26680
26760
26760
26920
27000
27020
27040
27080
27100
27160
27200
27240
27240
27260
27300
27360
27380
27460
27480
27560
27600
27600
27600
27640
27660
27840
27920
27940
27940
28060
28060
28060
28120
28140
28200
28340
28340
28380
28380
28420
28460
28520
28560
28620
28620
28640
28740
28760
28800
28840
28880
28900
28920
28960
29000
29180
29220
29360
29440
29440
29460
29460
29520
29560
29600
29600
29680
29700
29720
29720
29760
29780
29820
29820
29920
29940
29960
29960
29980
30060
30060
30080
30120
30120
30120
30160
30240
30240
30320
30340
30500
30500
30540
30620
30640
30660
30720
30780
30860
30880
30940
30940
31000
31160
31260
31280
31280
31340
31380
31380
31380
31460
31480
31520
31540
31580
31600
31640
31680
31700
31700
31720
31760
31780
31840
31860
31860
31880
31920
31980
32040
32120
32120
32120
32200
32260
32280
32280
32320
32340
32380
32420
32420
32420
32420
32500
32540
32600
32600
32620
32640
32700
32720
32720
32720
32740
32760
32780
32820
32880
32920
32920
33040
33040
33060
33160
33200
33280
33300
33340
33440
33460
33500
33500
33520
33580
33600
33600
33620
33660
33680
33700
33700
33700
33760
33760
33860
33880
33920
33980
34020
34040
34040
34080
34120
34140
34200
34220
34280
34300
34300
34320
34360
34360
34400
34440
34460
34500
34520
34520
34540
34540
34540
34560
34560
34620
34700
34800
34840
34900
34900
34960
35060
35100
35100
35180
35220
35300
35360
35420
35500
35540
35580
35620
35660
35740
35800
35840
35860
35880
35920
35920
35940
35980
36000
36040
36040
36180
36180
36360
36420
36480
36680
36880
36960
37000
37100
37180
37220
37400
37460
37640
37700
38760
38800
38820
38840
39200
39200
39380
39420
39440
39500
39620
39640
39740
39880
39940
40180
41960
44620
44720
45180
45200
45780
45980
