[111, 0, 0, 0, 0, 0, 0, 0, 0, 0, 0, 0, 0, 0, 0, 20, 0, 0, 0, 0, 0, 20]
[134, 0, 0, 20, 0, 0, 0, 0, 0, 0, 0, 0, 0, 0, 0, 20, 0, 0, 0, 0, 0, 40]
[140, 0, 0, 20, 0, 0, 0, 0, 0, 20, 0, 0, 0, 0, 0, 20, 0, 0, 0, 0, 0, 60]
[168, 0, 0, 40, 0, 0, 0, 0, 0, 20, 0, 0, 0, 0, 0, 20, 0, 0, 0, 0, 0, 80]
[177, 0, 0, 40, 0, 0, 0, 0, 0, 20, 0, 0, 0, 0, 0, 20, 0, 20, 0, 0, 0, 100]
[184, 0, 0, 40, 0, 0, 0, 0, 0, 20, 0, 20, 0, 0, 0, 20, 0, 20, 0, 20, 0, 140]
[187, 0, 0, 40, 0, 20, 0, 0, 0, 20, 0, 20, 0, 0, 0, 20, 0, 20, 0, 20, 0, 160]
[199, 0, 0, 40, 0, 20, 0, 0, 0, 20, 0, 20, 0, 0, 0, 40, 0, 20, 0, 20, 0, 180]
[210, 0, 0, 40, 0, 20, 0, 0, 0, 20, 0, 20, 0, 0, 0, 40, 0, 20, 0, 20, 20, 200]
[215, 0, 0, 60, 0, 20, 0, 0, 0, 20, 0, 20, 0, 0, 0, 40, 0, 20, 0, 20, 20, 220]
[249, 0, 0, 80, 0, 20, 0, 0, 0, 20, 0, 20, 0, 0, 0, 40, 0, 20, 0, 20, 20, 240]
[258, 0, 0, 80, 0, 20, 0, 0, 0, 20, 20, 20, 0, 0, 0, 40, 0, 20, 0, 20, 20, 260]
[268, 0, 0, 80, 0, 20, 20, 0, 0, 20, 20, 20, 0, 0, 0, 40, 0, 20, 0, 20, 20, 280]
[273, 0, 0, 80, 0, 20, 20, 0, 0, 20, 20, 20, 0, 20, 0, 40, 0, 20, 0, 20, 20, 300]
[334, 0, 0, 80, 0, 20, 20, 0, 0, 20, 20, 20, 0, 20, 0, 40, 0, 20, 0, 20, 60, 320]
[340, 0, 0, 80, 0, 20, 20, 0, 20, 20, 20, 20, 0, 20, 0, 40, 0, 20, 0, 20, 60, 340]
[345, 0, 120, 80, 0, 20, 20, 0, 20, 20, 20, 20, 0, 20, 0, 40, 0, 20, 0, 20, 60, 360]
[373, 0, 120, 80, 0, 20, 20, 0, 20, 20, 20, 40, 0, 20, 0, 40, 0, 20, 0, 20, 60, 380]
[383, 0, 120, 80, 0, 20, 20, 0, 20, 20, 20, 40, 0, 20, 0, 40, 0, 20, 0, 80, 60, 400]
[387, 0, 120, 80, 0, 20, 20, 0, 20, 20, 20, 40, 0, 20, 0, 40, 0, 20, 0, 80, 80, 420]
[391, 0, 140, 80, 0, 20, 20, 0, 20, 20, 20, 40, 0, 20, 0, 40, 0, 20, 0, 80, 80, 440]
[406, 0, 140, 140, 0, 20, 20, 0, 20, 20, 20, 40, 0, 20, 0, 40, 0, 20, 0, 80, 80, 460]
[416, 0, 140, 140, 0, 20, 20, 0, 20, 20, 20, 40, 0, 20, 0, 60, 0, 20, 0, 80, 80, 480]
[474, 0, 140, 140, 0, 20, 20, 0, 20, 20, 20, 40, 0, 20, 0, 60, 0, 20, 0, 100, 80, 500]
[485, 0, 140, 140, 0, 20, 20, 0, 40, 20, 20, 40, 0, 20, 0, 60, 0, 20, 0, 100, 80, 520]
[486, 0, 140, 140, 0, 20, 20, 0, 40, 20, 20, 40, 0, 20, 0, 60, 0, 40, 0, 100, 80, 540]
[492, 0, 140, 140, 0, 20, 20, 0, 40, 20, 20, 40, 0, 40, 0, 60, 0, 40, 0, 100, 80, 560]
[508, 20, 140, 140, 0, 20, 20, 0, 40, 20, 20, 40, 0, 40, 0, 60, 0, 40, 0, 100, 80, 580]
[546, 20, 140, 140, 0, 20, 20, 0, 40, 20, 20, 40, 0, 40, 0, 80, 0, 40, 0, 100, 80, 600]
[562, 20, 140, 200, 0, 20, 20, 0, 40, 20, 20, 40, 0, 40, 0, 80, 0, 40, 0, 100, 80, 620]
[589, 20, 140, 200, 0, 20, 20, 0, 40, 40, 20, 40, 0, 40, 0, 80, 0, 40, 0, 100, 80, 640]
[639, 20, 140, 200, 0, 20, 20, 0, 40, 40, 20, 40, 0, 40, 0, 80, 0, 40, 0, 100, 100, 660]
[644, 20, 140, 200, 0, 20, 20, 0, 40, 40, 40, 40, 0, 40, 0, 80, 0, 40, 0, 100, 100, 680]
[655, 20, 140, 200, 0, 20, 20, 0, 40, 40, 40, 40, 0, 40, 0, 100, 0, 40, 0, 100, 100, 700]
[663, 20, 140, 200, 0, 20, 20, 0, 40, 40, 40, 60, 0, 40, 0, 100, 0, 40, 0, 100, 100, 720]
[672, 20, 140, 240, 0, 20, 20, 0, 40, 40, 40, 60, 0, 40, 0, 100, 0, 40, 0, 100, 100, 740]
[686, 20, 260, 240, 0, 20, 20, 0, 40, 40, 40, 60, 0, 40, 0, 100, 0, 40, 0, 100, 100, 760]
[704, 20, 260, 240, 0, 20, 20, 0, 40, 40, 40, 60, 40, 40, 0, 100, 0, 40, 0, 100, 100, 780]
[708, 20, 260, 240, 0, 80, 20, 0, 40, 40, 40, 60, 40, 40, 0, 100, 0, 40, 0, 100, 100, 800]
[731, 20, 260, 260, 0, 80, 20, 0, 40, 40, 40, 60, 40, 40, 0, 100, 0, 40, 0, 100, 100, 820]
[748, 20, 280, 260, 0, 80, 20, 0, 40, 40, 40, 60, 40, 40, 0, 100, 0, 40, 0, 100, 100, 840]
[753, 20, 280, 260, 0, 80, 20, 0, 40, 40, 40, 60, 40, 40, 0, 100, 0, 80, 0, 100, 100, 860]
[767, 20, 280, 260, 0, 80, 20, 0, 40, 40, 40, 60, 40, 40, 0, 100, 0, 80, 0, 100, 120, 880]
[794, 20, 280, 260, 0, 80, 20, 0, 40, 40, 40, 60, 40, 40, 20, 100, 0, 80, 0, 100, 120, 900]
[802, 20, 280, 260, 0, 80, 20, 0, 40, 40, 40, 60, 40, 40, 20, 100, 0, 80, 20, 100, 120, 920]
[803, 20, 280, 260, 0, 80, 20, 0, 40, 40, 60, 60, 40, 40, 20, 100, 0, 80, 20, 100, 120, 940]
[819, 20, 300, 260, 0, 80, 20, 0, 40, 40, 60, 60, 40, 40, 20, 100, 0, 80, 20, 100, 120, 960]
[863, 20, 300, 260, 0, 80, 20, 0, 40, 40, 60, 60, 60, 40, 20, 100, 0, 80, 20, 100, 120, 980]
[890, 20, 300, 260, 0, 80, 20, 0, 40, 40, 60, 60, 60, 40, 20, 120, 0, 80, 20, 100, 120, 1000]
[893, 20, 300, 300, 0, 80, 20, 0, 40, 40, 60, 60, 60, 40, 20, 120, 0, 80, 20, 100, 120, 1020]
[909, 20, 300, 300, 0, 80, 20, 0, 40, 40, 60, 60, 60, 40, 20, 120, 0, 80, 20, 100, 140, 1040]
[920, 20, 300, 300, 0, 80, 20, 0, 40, 40, 60, 80, 60, 40, 20, 120, 0, 80, 20, 100, 140, 1060]
[923, 20, 300, 300, 0, 80, 20, 0, 60, 40, 60, 80, 60, 40, 20, 120, 0, 80, 20, 100, 140, 1080]
[941, 20, 300, 300, 0, 80, 20, 0, 60, 40, 60, 80, 60, 40, 20, 120, 20, 80, 20, 100, 140, 1100]
[948, 20, 300, 300, 0, 80, 40, 0, 60, 40, 60, 80, 60, 40, 20, 120, 20, 80, 20, 100, 140, 1120]
[966, 20, 340, 300, 0, 80, 40, 0, 60, 40, 60, 80, 60, 40, 20, 120, 20, 80, 20, 100, 140, 1140]
[969, 20, 340, 320, 0, 80, 40, 0, 60, 40, 60, 80, 60, 40, 20, 120, 20, 80, 20, 100, 140, 1160]
[977, 20, 340, 320, 0, 80, 40, 0, 60, 40, 60, 80, 60, 40, 40, 120, 20, 80, 20, 100, 140, 1180]
[1012, 20, 340, 320, 0, 80, 40, 0, 60, 40, 60, 80, 80, 40, 40, 120, 20, 80, 20, 100, 140, 1200]
[1022, 20, 340, 320, 0, 80, 40, 0, 60, 40, 60, 80, 80, 60, 40, 120, 20, 80, 20, 100, 140, 1220]
[1042, 20, 340, 320, 20, 80, 40, 0, 60, 40, 60, 80, 80, 60, 40, 120, 20, 80, 20, 100, 140, 1240]
[1053, 20, 340, 320, 20, 80, 40, 0, 60, 40, 60, 80, 80, 60, 40, 120, 20, 80, 20, 140, 140, 1260]
[1091, 20, 340, 320, 20, 80, 40, 0, 60, 40, 60, 80, 80, 60, 40, 120, 40, 80, 20, 140, 140, 1280]
[1118, 20, 340, 320, 20, 80, 40, 0, 60, 40, 60, 120, 80, 60, 40, 120, 40, 80, 20, 140, 140, 1300]
[1119, 20, 340, 320, 20, 80, 40, 0, 60, 40, 60, 120, 100, 60, 40, 120, 40, 80, 20, 140, 140, 1320]
[1134, 20, 340, 320, 20, 80, 40, 0, 60, 40, 60, 120, 100, 60, 40, 120, 40, 80, 20, 140, 180, 1340]
[1174, 20, 340, 320, 20, 80, 40, 0, 100, 40, 60, 120, 100, 60, 40, 120, 40, 80, 20, 140, 180, 1360]
[1182, 20, 340, 320, 20, 80, 40, 0, 100, 40, 60, 140, 100, 60, 40, 120, 40, 80, 20, 140, 180, 1380]
[1189, 20, 340, 320, 20, 80, 40, 0, 100, 40, 60, 140, 100, 100, 40, 120, 40, 80, 20, 140, 180, 1400]
[1201, 20, 380, 320, 20, 80, 40, 0, 100, 40, 60, 140, 100, 100, 40, 120, 40, 80, 20, 140, 180, 1420]
[1206, 20, 380, 320, 20, 80, 40, 0, 100, 40, 60, 140, 100, 100, 40, 120, 40, 80, 20, 140, 200, 1440]
[1214, 20, 380, 320, 20, 80, 40, 0, 100, 40, 60, 140, 120, 100, 40, 120, 40, 80, 20, 140, 200, 1460]
[1220, 20, 380, 320, 20, 80, 40, 0, 100, 40, 60, 140, 120, 100, 40, 120, 40, 100, 20, 140, 200, 1480]
[1228, 20, 380, 320, 20, 100, 40, 0, 100, 40, 60, 140, 120, 100, 40, 120, 40, 100, 20, 140, 200, 1500]
[1243, 20, 380, 360, 20, 100, 40, 0, 100, 40, 60, 140, 120, 100, 40, 120, 40, 100, 20, 140, 200, 1520]
[1266, 20, 380, 360, 20, 100, 40, 0, 100, 40, 60, 160, 120, 120, 40, 120, 40, 100, 20, 140, 200, 1560]
[1276, 20, 380, 360, 20, 100, 40, 0, 100, 40, 60, 160, 120, 120, 40, 180, 40, 100, 20, 140, 200, 1580]
[1309, 20, 400, 360, 20, 100, 40, 0, 100, 40, 60, 160, 120, 120, 40, 180, 40, 100, 20, 140, 200, 1600]
[1322, 20, 400, 360, 20, 100, 40, 0, 100, 40, 60, 160, 120, 120, 40, 180, 40, 100, 40, 140, 200, 1620]
[1332, 20, 400, 360, 20, 100, 40, 0, 100, 40, 60, 160, 120, 120, 40, 180, 60, 100, 40, 140, 200, 1640]
[1373, 20, 400, 380, 20, 100, 40, 0, 100, 40, 60, 160, 120, 120, 40, 180, 60, 100, 40, 140, 200, 1660]
[1381, 20, 400, 380, 20, 100, 80, 0, 100, 40, 60, 160, 120, 120, 40, 180, 60, 100, 40, 140, 200, 1680]
[1389, 20, 400, 380, 20, 120, 80, 0, 100, 40, 60, 160, 120, 120, 40, 180, 60, 100, 40, 140, 200, 1700]
[1393, 20, 400, 380, 20, 120, 80, 0, 100, 40, 60, 160, 120, 120, 40, 180, 60, 100, 40, 140, 220, 1720]
[1413, 20, 400, 380, 20, 120, 80, 0, 100, 40, 60, 160, 120, 120, 40, 180, 60, 120, 40, 140, 220, 1740]
[1428, 20, 400, 380, 40, 120, 80, 0, 100, 40, 60, 160, 120, 120, 40, 180, 60, 120, 40, 140, 220, 1760]
[1429, 20, 420, 380, 40, 120, 80, 0, 100, 40, 60, 160, 120, 120, 40, 180, 60, 120, 40, 140, 220, 1780]
[1441, 20, 420, 380, 40, 120, 80, 0, 100, 40, 60, 160, 120, 120, 40, 180, 60, 120, 40, 160, 220, 1800]
[1443, 40, 420, 380, 40, 120, 80, 0, 100, 40, 60, 160, 120, 120, 40, 180, 60, 120, 40, 160, 220, 1820]
[1466, 40, 420, 380, 40, 120, 80, 0, 100, 40, 60, 160, 120, 120, 40, 180, 60, 120, 60, 160, 220, 1840]
[1469, 40, 420, 380, 40, 120, 100, 0, 100, 40, 60, 160, 120, 120, 40, 180, 60, 120, 60, 160, 220, 1860]
[1493, 40, 420, 400, 40, 120, 100, 0, 100, 40, 60, 160, 120, 120, 40, 180, 60, 120, 60, 160, 220, 1880]
[1524, 40, 420, 400, 40, 120, 100, 0, 100, 40, 60, 160, 120, 120, 40, 180, 60, 140, 60, 160, 220, 1900]
[1524, 40, 440, 400, 40, 120, 100, 0, 100, 40, 60, 160, 120, 120, 40, 180, 60, 140, 60, 160, 220, 1920]
[1531, 40, 440, 400, 40, 120, 100, 0, 100, 40, 60, 160, 120, 120, 60, 180, 60, 140, 60, 160, 220, 1940]
[1568, 40, 440, 400, 40, 120, 100, 0, 100, 40, 60, 160, 160, 120, 60, 180, 60, 140, 60, 160, 220, 1960]
[1581, 40, 440, 400, 40, 120, 100, 0, 100, 40, 60, 160, 160, 120, 60, 180, 60, 140, 60, 180, 220, 1980]
[1617, 40, 440, 400, 40, 120, 100, 0, 100, 40, 60, 160, 160, 120, 60, 180, 60, 140, 60, 180, 240, 2000]
[1642, 40, 440, 400, 40, 120, 100, 0, 100, 40, 60, 160, 160, 120, 60, 180, 80, 140, 60, 180, 240, 2020]
[1714, 40, 440, 400, 40, 120, 100, 0, 100, 40, 60, 160, 180, 120, 60, 180, 80, 140, 60, 180, 240, 2040]
[1718, 60, 440, 400, 40, 120, 100, 0, 100, 40, 60, 160, 180, 120, 60, 180, 80, 140, 60, 180, 240, 2060]
[1730, 60, 440, 400, 40, 120, 100, 0, 100, 40, 60, 160, 180, 120, 80, 180, 80, 140, 60, 180, 240, 2080]
[1750, 60, 440, 400, 40, 120, 100, 0, 100, 40, 60, 160, 180, 120, 80, 180, 80, 160, 60, 180, 240, 2100]
[1751, 60, 440, 400, 40, 120, 100, 0, 100, 40, 60, 160, 200, 120, 80, 180, 80, 160, 60, 180, 240, 2120]
[1755, 60, 440, 400, 40, 120, 100, 0, 100, 40, 60, 160, 200, 120, 80, 180, 80, 160, 60, 200, 240, 2140]
[1788, 60, 440, 400, 40, 120, 100, 0, 100, 40, 60, 160, 200, 120, 80, 180, 80, 160, 60, 200, 260, 2160]
[1791, 60, 440, 400, 40, 120, 100, 0, 100, 40, 60, 160, 200, 120, 80, 180, 80, 160, 100, 200, 260, 2180]
[1805, 60, 440, 400, 40, 120, 100, 0, 100, 40, 60, 160, 200, 120, 80, 180, 140, 160, 100, 200, 260, 2200]
[1875, 60, 440, 400, 40, 120, 100, 0, 100, 40, 60, 160, 200, 120, 80, 180, 160, 160, 100, 200, 260, 2220]
[1879, 60, 440, 400, 40, 120, 100, 0, 100, 40, 60, 160, 200, 120, 80, 180, 160, 160, 100, 220, 260, 2240]
[1888, 60, 440, 400, 40, 120, 100, 0, 100, 40, 60, 160, 240, 120, 80, 180, 160, 160, 100, 220, 260, 2260]
[1931, 60, 440, 400, 40, 120, 100, 0, 100, 40, 60, 160, 240, 120, 80, 180, 160, 160, 120, 220, 260, 2280]
[1947, 60, 440, 400, 40, 120, 100, 0, 100, 40, 60, 160, 240, 120, 80, 180, 160, 160, 120, 220, 280, 2300]
[1949, 60, 460, 400, 40, 120, 100, 0, 100, 40, 60, 160, 240, 120, 80, 180, 160, 160, 120, 220, 280, 2320]
[1993, 60, 460, 400, 40, 120, 100, 0, 100, 40, 60, 160, 240, 140, 80, 180, 160, 160, 120, 220, 280, 2340]
[2000, 60, 460, 400, 40, 120, 100, 0, 100, 40, 100, 160, 240, 140, 80, 180, 160, 160, 120, 220, 280, 2360]
[2024, 60, 460, 400, 40, 120, 100, 0, 100, 80, 100, 160, 240, 140, 80, 180, 160, 160, 120, 220, 280, 2380]
[2042, 60, 460, 400, 40, 120, 100, 0, 100, 80, 100, 160, 240, 140, 80, 180, 160, 200, 120, 220, 280, 2400]
[2051, 60, 460, 400, 40, 120, 100, 0, 140, 80, 100, 160, 240, 140, 80, 180, 160, 200, 120, 220, 280, 2420]
[2073, 60, 460, 400, 40, 120, 100, 0, 140, 80, 100, 160, 240, 140, 80, 180, 160, 200, 140, 220, 280, 2440]
[2098, 60, 460, 400, 40, 120, 100, 0, 140, 80, 100, 160, 240, 140, 80, 180, 180, 200, 140, 220, 280, 2460]
[2112, 60, 460, 400, 40, 120, 100, 0, 140, 80, 120, 160, 240, 140, 80, 180, 180, 200, 140, 220, 280, 2480]
[2113, 60, 460, 400, 40, 120, 100, 0, 140, 100, 120, 160, 240, 140, 80, 180, 180, 200, 140, 220, 280, 2500]
[2115, 60, 460, 400, 40, 120, 100, 0, 140, 100, 120, 160, 240, 140, 80, 180, 180, 200, 140, 240, 280, 2520]
[2126, 60, 460, 400, 40, 120, 100, 0, 140, 100, 120, 160, 240, 140, 80, 180, 180, 220, 140, 240, 280, 2540]
[2182, 60, 460, 400, 40, 140, 100, 0, 140, 100, 120, 160, 240, 140, 80, 180, 180, 220, 140, 240, 280, 2560]
[2208, 60, 460, 400, 40, 140, 100, 0, 140, 100, 120, 160, 240, 140, 80, 180, 180, 220, 140, 240, 300, 2580]
[2237, 60, 460, 400, 40, 140, 100, 0, 140, 100, 140, 160, 240, 140, 80, 180, 180, 220, 140, 240, 300, 2600]
[2243, 60, 460, 400, 40, 140, 100, 0, 140, 100, 140, 160, 240, 140, 80, 180, 180, 220, 160, 240, 300, 2620]
[2261, 60, 460, 400, 40, 140, 100, 0, 140, 100, 140, 160, 240, 140, 100, 180, 180, 220, 160, 240, 300, 2640]
[2283, 60, 460, 400, 40, 140, 100, 0, 140, 100, 140, 160, 260, 140, 100, 180, 180, 220, 160, 240, 300, 2660]
[2314, 60, 460, 400, 40, 140, 100, 0, 140, 100, 140, 160, 260, 140, 100, 180, 200, 220, 160, 240, 300, 2680]
[2326, 60, 460, 400, 40, 140, 100, 0, 160, 100, 140, 160, 260, 140, 100, 180, 200, 220, 160, 240, 300, 2700]
[2327, 80, 460, 400, 40, 140, 100, 0, 160, 100, 140, 160, 260, 140, 100, 180, 200, 220, 160, 240, 300, 2720]
[2344, 80, 460, 400, 40, 140, 100, 0, 160, 100, 140, 160, 260, 140, 100, 260, 200, 220, 160, 240, 300, 2740]
[2393, 80, 460, 400, 40, 140, 100, 0, 160, 120, 140, 160, 260, 140, 100, 260, 200, 220, 160, 240, 300, 2760]
[2414, 80, 460, 400, 40, 140, 100, 0, 160, 120, 140, 160, 260, 140, 100, 260, 200, 240, 160, 240, 300, 2780]
[2447, 80, 460, 400, 40, 160, 100, 0, 160, 120, 140, 160, 260, 140, 100, 260, 200, 240, 160, 240, 300, 2800]
[2454, 80, 460, 400, 40, 160, 100, 40, 160, 120, 140, 160, 260, 140, 100, 260, 200, 240, 160, 240, 300, 2820]
[2497, 80, 460, 400, 40, 160, 100, 40, 180, 120, 140, 160, 260, 140, 100, 260, 200, 240, 160, 240, 300, 2840]
[2508, 80, 460, 400, 40, 160, 100, 40, 180, 120, 140, 160, 260, 140, 100, 260, 200, 240, 180, 240, 300, 2860]
[2509, 80, 460, 400, 40, 160, 100, 40, 180, 120, 140, 160, 260, 160, 100, 260, 200, 240, 180, 240, 300, 2880]
[2510, 80, 460, 400, 40, 160, 100, 40, 180, 120, 140, 160, 260, 160, 120, 260, 200, 240, 180, 240, 300, 2900]
[2563, 80, 460, 400, 40, 160, 100, 40, 180, 120, 140, 160, 260, 160, 120, 260, 200, 260, 180, 240, 300, 2920]
[2571, 80, 460, 400, 40, 160, 100, 40, 180, 120, 140, 160, 260, 160, 120, 260, 200, 260, 180, 260, 300, 2940]
[2583, 80, 460, 420, 40, 160, 100, 40, 180, 120, 140, 160, 260, 160, 120, 260, 200, 260, 180, 260, 300, 2960]
[2593, 100, 460, 420, 40, 160, 100, 40, 180, 120, 140, 160, 260, 160, 120, 260, 200, 260, 180, 260, 300, 2980]
[2604, 100, 460, 420, 40, 160, 100, 40, 200, 120, 140, 160, 260, 160, 120, 260, 200, 260, 180, 260, 300, 3000]
[2606, 100, 460, 420, 40, 160, 100, 40, 200, 120, 140, 160, 260, 160, 120, 260, 220, 260, 180, 260, 300, 3020]
[2677, 100, 460, 420, 40, 160, 100, 40, 200, 120, 140, 160, 260, 160, 120, 260, 220, 260, 180, 280, 300, 3040]
[2679, 100, 460, 420, 40, 160, 100, 40, 200, 120, 140, 160, 260, 160, 120, 280, 220, 260, 180, 280, 300, 3060]
[2684, 100, 460, 420, 40, 160, 100, 40, 200, 120, 140, 160, 260, 160, 120, 280, 220, 260, 180, 280, 320, 3080]
[2688, 100, 460, 420, 40, 160, 100, 40, 200, 120, 140, 160, 260, 160, 120, 280, 220, 260, 200, 280, 320, 3100]
[2720, 100, 460, 420, 40, 160, 100, 40, 200, 120, 140, 160, 280, 160, 120, 280, 220, 260, 200, 280, 320, 3120]
[2832, 100, 460, 420, 40, 160, 100, 40, 200, 120, 140, 160, 280, 160, 120, 280, 240, 260, 200, 280, 320, 3140]
[2836, 100, 460, 420, 40, 160, 140, 40, 200, 120, 140, 160, 280, 160, 120, 280, 240, 260, 200, 280, 320, 3160]
[2848, 100, 460, 420, 40, 180, 140, 40, 200, 120, 140, 160, 280, 160, 120, 280, 240, 260, 200, 280, 320, 3180]
[2856, 100, 460, 420, 40, 180, 140, 40, 200, 120, 140, 160, 280, 160, 140, 280, 240, 260, 200, 280, 320, 3200]
[2874, 100, 460, 420, 40, 180, 140, 40, 200, 120, 140, 160, 280, 180, 140, 280, 240, 260, 200, 280, 320, 3220]
[2898, 100, 460, 420, 40, 180, 140, 40, 200, 120, 140, 160, 280, 180, 140, 300, 240, 260, 200, 280, 320, 3240]
[2927, 100, 460, 420, 40, 180, 140, 40, 200, 120, 140, 160, 280, 200, 140, 300, 240, 260, 200, 280, 320, 3260]
[2930, 100, 460, 420, 80, 180, 140, 40, 200, 120, 140, 160, 280, 200, 140, 300, 240, 260, 200, 280, 320, 3280]
[2989, 100, 460, 420, 80, 180, 140, 40, 200, 120, 140, 160, 300, 200, 140, 300, 240, 260, 200, 280, 320, 3300]
[2991, 100, 460, 420, 100, 180, 140, 40, 200, 120, 140, 160, 300, 200, 140, 300, 240, 260, 200, 280, 320, 3320]
[3014, 100, 460, 420, 100, 180, 140, 40, 200, 120, 140, 160, 300, 220, 140, 300, 240, 260, 200, 280, 320, 3340]
[3030, 100, 460, 420, 100, 200, 140, 40, 220, 120, 140, 160, 300, 220, 140, 300, 240, 260, 200, 280, 320, 3380]
[3037, 100, 460, 420, 100, 200, 140, 40, 220, 120, 140, 160, 300, 220, 140, 300, 240, 280, 200, 280, 320, 3400]
[3052, 100, 460, 420, 100, 200, 160, 40, 220, 120, 140, 160, 300, 220, 140, 300, 240, 280, 200, 280, 320, 3420]
[3083, 100, 460, 420, 100, 200, 160, 40, 220, 120, 140, 160, 300, 220, 140, 300, 260, 280, 200, 280, 320, 3440]
[3094, 100, 460, 420, 100, 200, 160, 40, 220, 120, 160, 160, 300, 220, 140, 300, 260, 280, 200, 280, 320, 3460]
[3132, 100, 460, 420, 100, 200, 160, 40, 220, 120, 160, 160, 300, 220, 140, 300, 260, 280, 220, 280, 320, 3480]
[3146, 100, 460, 420, 100, 200, 160, 40, 220, 120, 160, 160, 300, 220, 140, 300, 260, 280, 220, 280, 360, 3500]
[3163, 100, 460, 420, 100, 200, 160, 40, 220, 140, 160, 160, 300, 220, 140, 300, 260, 280, 220, 280, 360, 3520]
[3178, 100, 460, 440, 100, 200, 160, 40, 220, 140, 160, 160, 300, 220, 140, 300, 260, 280, 220, 280, 360, 3540]
[3179, 100, 460, 440, 100, 200, 160, 40, 240, 140, 160, 160, 300, 220, 140, 300, 260, 280, 220, 280, 360, 3560]
[3272, 100, 460, 440, 100, 200, 160, 40, 240, 140, 160, 220, 300, 220, 140, 300, 260, 280, 220, 280, 360, 3580]
[3309, 100, 460, 460, 100, 200, 160, 40, 240, 140, 160, 220, 300, 220, 140, 300, 260, 280, 220, 280, 360, 3600]
[3378, 100, 460, 460, 100, 220, 160, 40, 240, 140, 160, 220, 300, 220, 140, 300, 260, 280, 220, 280, 360, 3620]
[3379, 100, 460, 460, 100, 220, 160, 40, 240, 140, 160, 220, 300, 220, 160, 300, 260, 280, 220, 280, 360, 3640]
[3403, 100, 460, 460, 100, 220, 160, 40, 240, 140, 160, 220, 300, 220, 160, 300, 280, 280, 220, 280, 360, 3660]
[3428, 100, 460, 460, 100, 220, 160, 40, 240, 140, 160, 220, 300, 220, 160, 300, 280, 300, 220, 280, 360, 3680]
[3435, 100, 460, 460, 100, 220, 180, 40, 240, 140, 160, 220, 300, 220, 160, 300, 280, 300, 220, 320, 360, 3720]
[3475, 100, 460, 460, 100, 220, 180, 40, 260, 140, 160, 220, 320, 220, 160, 300, 280, 300, 220, 320, 360, 3760]
[3476, 100, 460, 460, 100, 220, 180, 40, 260, 140, 160, 240, 320, 220, 160, 300, 280, 300, 220, 320, 360, 3780]
[3483, 100, 520, 460, 100, 220, 180, 40, 260, 140, 160, 240, 320, 220, 160, 300, 280, 300, 220, 320, 360, 3800]
[3488, 100, 520, 480, 100, 220, 180, 40, 260, 140, 160, 240, 320, 220, 160, 300, 280, 300, 220, 320, 360, 3820]
[3512, 100, 520, 480, 100, 220, 180, 40, 260, 140, 160, 240, 320, 240, 160, 300, 280, 300, 220, 320, 360, 3840]
[3524, 100, 520, 480, 100, 220, 180, 40, 260, 160, 160, 240, 320, 240, 160, 300, 280, 300, 220, 320, 360, 3860]
[3529, 100, 520, 480, 100, 220, 180, 40, 260, 160, 160, 240, 320, 240, 160, 320, 280, 300, 220, 320, 360, 3880]
[3537, 120, 520, 480, 100, 220, 180, 40, 260, 160, 160, 240, 320, 240, 160, 320, 280, 300, 220, 320, 360, 3900]
[3564, 120, 520, 480, 100, 220, 180, 40, 260, 160, 160, 240, 320, 240, 160, 320, 280, 320, 220, 320, 360, 3920]
[3582, 120, 520, 480, 100, 220, 180, 40, 260, 160, 160, 240, 320, 240, 160, 320, 280, 320, 220, 340, 360, 3940]
[3623, 120, 520, 480, 120, 220, 180, 40, 260, 160, 160, 240, 320, 240, 160, 320, 280, 320, 220, 340, 360, 3960]
[3630, 120, 520, 480, 120, 220, 200, 40, 260, 160, 160, 240, 320, 240, 160, 320, 280, 320, 220, 340, 360, 3980]
[3707, 120, 520, 480, 120, 220, 200, 40, 260, 160, 160, 240, 320, 240, 160, 320, 280, 340, 220, 340, 360, 4000]
[3712, 120, 520, 480, 120, 220, 200, 40, 260, 160, 160, 240, 320, 260, 160, 320, 280, 340, 220, 340, 360, 4020]
[3739, 120, 520, 480, 120, 220, 200, 40, 260, 160, 160, 240, 320, 260, 180, 320, 280, 340, 220, 340, 360, 4040]
[3743, 120, 520, 480, 120, 220, 200, 40, 260, 160, 160, 240, 360, 260, 180, 320, 280, 340, 220, 340, 360, 4060]
[3769, 120, 520, 480, 120, 220, 200, 40, 260, 160, 160, 240, 360, 260, 180, 320, 280, 340, 220, 360, 360, 4080]
[3789, 120, 520, 480, 120, 220, 200, 40, 260, 160, 160, 240, 360, 260, 180, 340, 280, 340, 220, 360, 360, 4100]
[3815, 120, 520, 480, 120, 220, 200, 40, 260, 160, 160, 240, 360, 280, 180, 340, 280, 340, 220, 360, 360, 4120]
[3820, 120, 520, 480, 120, 220, 200, 40, 260, 160, 160, 240, 360, 280, 180, 340, 300, 340, 220, 360, 360, 4140]
[3829, 120, 520, 480, 120, 220, 200, 40, 260, 160, 160, 240, 360, 280, 180, 340, 300, 340, 220, 360, 380, 4160]
[3843, 120, 520, 480, 120, 220, 200, 40, 260, 160, 160, 240, 360, 280, 180, 340, 300, 360, 220, 360, 380, 4180]
[3934, 120, 520, 480, 120, 220, 200, 40, 300, 160, 160, 240, 360, 280, 180, 340, 300, 360, 220, 360, 380, 4200]
[3937, 120, 520, 480, 140, 220, 200, 40, 300, 160, 160, 240, 360, 280, 180, 340, 300, 360, 220, 360, 380, 4220]
[3942, 120, 520, 480, 140, 220, 200, 40, 300, 160, 160, 240, 360, 280, 180, 340, 300, 360, 220, 360, 400, 4240]
[3973, 120, 520, 500, 140, 220, 200, 40, 300, 160, 160, 240, 360, 280, 180, 340, 300, 360, 220, 360, 400, 4260]
[3973, 120, 540, 500, 140, 220, 200, 40, 300, 160, 160, 240, 360, 280, 180, 340, 300, 360, 220, 360, 400, 4280]
[3974, 120, 540, 500, 140, 220, 200, 100, 300, 160, 160, 240, 360, 280, 180, 340, 300, 360, 220, 360, 400, 4300]
[3989, 120, 540, 500, 140, 220, 200, 100, 300, 160, 160, 240, 360, 280, 220, 340, 300, 360, 220, 360, 400, 4320]
[4023, 120, 540, 500, 140, 220, 200, 100, 300, 160, 200, 240, 360, 280, 220, 340, 300, 360, 220, 360, 400, 4340]
[4039, 120, 540, 500, 140, 220, 240, 100, 300, 160, 200, 240, 360, 280, 220, 340, 300, 360, 220, 360, 400, 4360]
[4049, 120, 540, 500, 140, 220, 240, 100, 300, 160, 200, 240, 360, 320, 220, 340, 300, 360, 220, 360, 400, 4380]
[4085, 120, 540, 500, 140, 220, 240, 100, 300, 160, 200, 240, 380, 320, 220, 340, 300, 360, 220, 360, 400, 4400]
[4108, 120, 540, 500, 140, 220, 240, 120, 300, 160, 200, 240, 380, 320, 220, 340, 300, 360, 220, 360, 400, 4420]
[4133, 120, 540, 500, 140, 220, 240, 120, 300, 160, 200, 240, 380, 320, 240, 340, 300, 360, 220, 360, 400, 4440]
[4134, 120, 540, 500, 140, 220, 240, 120, 300, 160, 200, 240, 380, 320, 240, 340, 300, 380, 220, 360, 400, 4460]
[4155, 120, 540, 500, 140, 220, 240, 120, 300, 180, 200, 240, 380, 320, 240, 340, 300, 380, 220, 360, 400, 4480]
[4164, 120, 540, 500, 140, 220, 240, 120, 300, 180, 200, 240, 380, 320, 240, 340, 300, 380, 260, 360, 400, 4500]
[4176, 120, 540, 500, 140, 220, 240, 120, 300, 180, 220, 240, 380, 320, 240, 340, 300, 380, 260, 360, 400, 4520]
[4205, 120, 540, 500, 140, 220, 240, 120, 300, 180, 220, 240, 380, 340, 240, 340, 300, 380, 260, 360, 400, 4540]
[4253, 120, 540, 500, 140, 220, 240, 140, 300, 180, 220, 240, 380, 340, 240, 340, 300, 380, 260, 360, 400, 4560]
[4258, 120, 580, 500, 140, 220, 240, 140, 300, 180, 220, 240, 380, 340, 240, 340, 300, 380, 260, 360, 400, 4580]
[4280, 120, 580, 500, 140, 220, 240, 140, 300, 180, 220, 240, 380, 340, 240, 340, 320, 380, 260, 360, 400, 4600]
[4284, 120, 580, 500, 140, 220, 240, 140, 300, 180, 220, 240, 380, 340, 240, 340, 320, 380, 280, 360, 400, 4620]
[4285, 120, 580, 500, 140, 220, 260, 140, 300, 180, 220, 240, 380, 340, 240, 340, 320, 380, 280, 360, 400, 4640]
[4293, 120, 580, 500, 140, 220, 260, 140, 300, 180, 220, 240, 380, 340, 260, 340, 320, 380, 280, 360, 400, 4660]
[4295, 120, 580, 500, 140, 240, 260, 140, 300, 180, 220, 240, 380, 340, 260, 340, 320, 380, 280, 360, 400, 4680]
[4342, 120, 580, 520, 140, 240, 260, 140, 300, 180, 220, 240, 380, 340, 260, 340, 320, 380, 280, 360, 400, 4700]
[4363, 120, 580, 520, 140, 240, 260, 140, 300, 180, 220, 240, 380, 340, 260, 340, 320, 400, 280, 360, 400, 4720]
[4402, 120, 580, 520, 140, 240, 260, 140, 300, 180, 220, 240, 400, 340, 260, 340, 320, 400, 280, 360, 400, 4740]
[4403, 120, 580, 520, 140, 240, 260, 140, 300, 180, 220, 260, 400, 340, 260, 340, 320, 400, 280, 360, 400, 4760]
[4407, 120, 580, 540, 140, 240, 260, 140, 300, 180, 220, 260, 400, 340, 260, 340, 320, 400, 280, 360, 400, 4780]
[4416, 120, 580, 540, 140, 240, 260, 140, 300, 180, 220, 260, 400, 340, 260, 340, 320, 400, 280, 380, 400, 4800]
[4426, 120, 580, 540, 160, 240, 260, 140, 300, 180, 220, 260, 400, 340, 260, 340, 320, 400, 280, 380, 400, 4820]
[4432, 120, 580, 540, 160, 240, 260, 160, 300, 180, 220, 260, 400, 340, 260, 340, 320, 400, 280, 380, 400, 4840]
[4443, 120, 580, 540, 160, 240, 260, 160, 300, 180, 220, 260, 400, 340, 260, 340, 320, 400, 300, 380, 400, 4860]
[4459, 120, 580, 540, 160, 240, 260, 160, 300, 200, 220, 260, 400, 340, 260, 340, 320, 400, 300, 380, 400, 4880]
[4463, 120, 580, 560, 160, 240, 260, 160, 300, 200, 220, 260, 400, 340, 260, 340, 320, 400, 300, 380, 400, 4900]
[4499, 120, 580, 560, 160, 240, 260, 160, 300, 200, 220, 260, 400, 340, 260, 360, 320, 400, 300, 380, 440, 4940]
[4549, 120, 580, 560, 160, 240, 260, 160, 300, 220, 220, 260, 400, 340, 260, 360, 320, 400, 300, 380, 440, 4960]
[4568, 120, 580, 600, 160, 240, 260, 160, 300, 220, 220, 260, 400, 340, 260, 360, 320, 400, 300, 380, 440, 4980]
[4601, 120, 580, 600, 160, 260, 260, 160, 300, 220, 220, 260, 400, 340, 260, 360, 320, 400, 300, 380, 440, 5000]
[4606, 120, 580, 600, 160, 260, 260, 160, 300, 220, 220, 260, 400, 340, 260, 360, 320, 400, 300, 380, 460, 5020]
[4628, 120, 580, 600, 160, 260, 260, 160, 300, 220, 220, 260, 400, 340, 260, 360, 320, 420, 300, 380, 460, 5040]
[4652, 120, 580, 600, 160, 260, 260, 180, 300, 220, 220, 260, 400, 340, 260, 360, 320, 420, 300, 380, 460, 5060]
[4730, 120, 580, 600, 160, 260, 260, 180, 300, 220, 220, 260, 420, 340, 260, 360, 320, 420, 300, 380, 460, 5080]
[4737, 120, 580, 600, 160, 260, 260, 180, 300, 220, 220, 260, 420, 340, 260, 380, 320, 420, 300, 380, 460, 5100]
[4778, 120, 600, 600, 160, 260, 260, 180, 300, 220, 220, 260, 420, 340, 260, 380, 320, 420, 300, 380, 460, 5120]
[4869, 120, 600, 600, 160, 260, 260, 180, 300, 220, 220, 260, 420, 340, 260, 380, 340, 420, 300, 380, 460, 5140]
[4894, 120, 600, 600, 160, 260, 260, 180, 300, 220, 220, 260, 420, 340, 280, 380, 340, 420, 300, 380, 460, 5160]
[4958, 120, 600, 600, 160, 280, 260, 180, 300, 220, 220, 260, 420, 340, 280, 380, 340, 420, 300, 380, 460, 5180]
[5030, 120, 600, 600, 160, 280, 260, 180, 300, 220, 340, 260, 420, 340, 280, 380, 340, 420, 300, 380, 460, 5200]
[5121, 120, 600, 600, 160, 280, 260, 180, 300, 220, 340, 260, 420, 340, 280, 380, 340, 440, 300, 380, 460, 5220]
[5170, 120, 600, 600, 160, 280, 260, 180, 300, 220, 340, 260, 420, 340, 280, 380, 340, 440, 300, 380, 480, 5240]
[5185, 120, 600, 600, 160, 280, 260, 180, 300, 240, 340, 260, 420, 340, 280, 380, 340, 440, 300, 380, 480, 5260]
[5186, 120, 600, 600, 160, 280, 260, 180, 300, 240, 340, 260, 420, 360, 280, 380, 340, 440, 300, 380, 480, 5280]
[5205, 120, 600, 620, 160, 280, 260, 180, 300, 240, 340, 260, 420, 360, 280, 380, 340, 440, 300, 380, 480, 5300]
[5249, 120, 600, 620, 160, 280, 260, 180, 300, 240, 340, 260, 440, 360, 280, 380, 340, 440, 300, 380, 480, 5320]
[5250, 120, 600, 620, 160, 280, 260, 180, 300, 240, 360, 260, 440, 360, 280, 380, 340, 440, 300, 380, 480, 5340]
[5266, 120, 600, 620, 160, 280, 260, 180, 300, 240, 360, 260, 440, 360, 300, 380, 340, 440, 300, 380, 480, 5360]
[5268, 120, 600, 620, 160, 280, 260, 180, 320, 240, 360, 260, 440, 360, 300, 380, 340, 440, 300, 380, 480, 5380]
[5286, 120, 600, 620, 160, 280, 260, 180, 320, 240, 360, 260, 440, 360, 300, 400, 340, 440, 300, 380, 480, 5400]
[5304, 120, 600, 620, 160, 280, 260, 180, 320, 240, 360, 280, 440, 360, 300, 400, 340, 440, 300, 380, 480, 5420]
[5309, 120, 600, 620, 160, 280, 260, 180, 320, 240, 360, 280, 440, 360, 320, 400, 340, 440, 300, 380, 480, 5440]
[5318, 120, 600, 620, 160, 280, 260, 180, 320, 240, 360, 280, 440, 360, 320, 400, 340, 460, 300, 380, 480, 5460]
[5349, 120, 600, 620, 160, 280, 260, 180, 320, 240, 360, 280, 440, 360, 340, 400, 340, 460, 300, 380, 480, 5480]
[5362, 120, 640, 620, 160, 280, 260, 180, 320, 240, 360, 280, 440, 360, 340, 400, 340, 460, 300, 380, 480, 5500]
[5370, 120, 640, 620, 160, 280, 260, 180, 320, 260, 360, 280, 440, 360, 340, 400, 340, 460, 300, 380, 480, 5520]
[5385, 120, 640, 620, 160, 280, 280, 180, 320, 260, 360, 280, 440, 360, 340, 400, 340, 460, 300, 380, 480, 5540]
[5405, 120, 660, 620, 160, 280, 280, 180, 320, 260, 360, 280, 440, 360, 340, 400, 340, 460, 300, 380, 480, 5560]
[5472, 120, 660, 620, 160, 280, 280, 180, 320, 260, 360, 280, 440, 360, 340, 400, 340, 460, 300, 380, 500, 5580]
[5486, 120, 660, 620, 160, 280, 280, 180, 320, 260, 360, 280, 440, 360, 340, 400, 340, 460, 320, 380, 500, 5600]
[5512, 120, 660, 620, 160, 300, 280, 180, 320, 260, 360, 280, 440, 360, 340, 400, 340, 460, 320, 380, 500, 5620]
[5553, 120, 660, 620, 160, 300, 280, 180, 320, 260, 360, 280, 440, 360, 340, 400, 340, 460, 320, 420, 500, 5640]
[5562, 120, 660, 620, 160, 300, 280, 180, 320, 260, 360, 280, 440, 360, 340, 420, 340, 460, 320, 420, 500, 5660]
[5590, 120, 660, 620, 180, 300, 280, 180, 320, 260, 360, 280, 440, 360, 340, 420, 340, 460, 320, 420, 500, 5680]
[5618, 120, 660, 620, 180, 300, 300, 180, 320, 260, 360, 280, 440, 360, 340, 420, 340, 460, 320, 420, 500, 5700]
[5667, 120, 660, 620, 180, 300, 300, 180, 320, 260, 360, 280, 460, 360, 340, 420, 340, 460, 320, 420, 500, 5720]
[5703, 120, 660, 620, 180, 300, 300, 180, 340, 260, 360, 280, 460, 360, 340, 420, 340, 460, 320, 420, 500, 5740]
[5728, 120, 660, 620, 180, 300, 300, 220, 340, 260, 360, 280, 460, 360, 340, 420, 340, 460, 320, 420, 500, 5760]
[5741, 120, 660, 620, 180, 300, 300, 220, 340, 260, 360, 280, 460, 360, 360, 420, 340, 460, 320, 420, 500, 5780]
[5786, 220, 660, 620, 180, 300, 300, 220, 340, 260, 360, 280, 460, 360, 360, 420, 340, 460, 320, 420, 500, 5800]
[5811, 220, 680, 620, 180, 300, 300, 220, 340, 260, 360, 280, 460, 360, 360, 420, 340, 460, 320, 420, 500, 5820]
[5859, 220, 680, 620, 180, 320, 300, 220, 340, 260, 360, 280, 460, 360, 360, 420, 340, 460, 320, 420, 500, 5840]
[5860, 220, 680, 620, 180, 320, 300, 220, 340, 260, 360, 280, 460, 360, 360, 420, 360, 460, 320, 420, 500, 5860]
[5867, 220, 680, 620, 180, 320, 300, 220, 340, 260, 360, 280, 460, 380, 360, 420, 360, 460, 320, 420, 500, 5880]
[5877, 220, 680, 620, 180, 320, 300, 220, 340, 260, 360, 280, 480, 380, 360, 420, 360, 460, 320, 420, 500, 5900]
[5937, 220, 680, 640, 180, 320, 300, 220, 340, 260, 360, 280, 480, 380, 360, 420, 360, 460, 320, 420, 500, 5920]
[5945, 220, 680, 640, 180, 320, 300, 220, 340, 260, 360, 300, 480, 380, 360, 420, 360, 460, 320, 420, 500, 5940]
[5968, 220, 680, 640, 180, 320, 300, 220, 340, 260, 360, 300, 480, 380, 360, 420, 360, 460, 320, 460, 500, 5960]
[6006, 220, 680, 640, 180, 320, 300, 240, 340, 260, 360, 300, 480, 380, 360, 420, 360, 460, 320, 460, 500, 5980]
[6014, 220, 680, 640, 180, 320, 300, 240, 340, 260, 360, 300, 500, 380, 360, 420, 360, 460, 320, 460, 500, 6000]
[6020, 220, 680, 640, 180, 320, 300, 240, 340, 260, 360, 300, 500, 380, 380, 420, 360, 460, 320, 460, 500, 6020]
[6042, 240, 680, 640, 180, 320, 300, 240, 340, 260, 360, 300, 500, 380, 380, 420, 360, 460, 320, 460, 500, 6040]
[6125, 240, 680, 640, 180, 320, 300, 240, 340, 260, 360, 300, 500, 380, 380, 440, 360, 460, 320, 460, 500, 6060]
[6201, 240, 680, 640, 180, 320, 300, 240, 340, 260, 360, 300, 500, 380, 380, 440, 360, 460, 320, 460, 520, 6080]
[6209, 240, 680, 660, 180, 320, 300, 240, 340, 260, 360, 300, 500, 380, 380, 440, 360, 460, 320, 460, 520, 6100]
[6246, 240, 680, 660, 180, 320, 300, 240, 340, 260, 380, 300, 500, 380, 380, 440, 360, 460, 320, 460, 520, 6120]
[6255, 240, 720, 660, 180, 320, 300, 240, 340, 260, 380, 300, 500, 380, 380, 440, 360, 460, 320, 460, 520, 6140]
[6299, 240, 720, 660, 180, 320, 300, 240, 340, 260, 380, 300, 500, 380, 380, 440, 380, 460, 320, 460, 520, 6160]
[6317, 240, 720, 660, 180, 320, 300, 240, 340, 260, 380, 300, 500, 420, 380, 440, 380, 460, 320, 460, 520, 6180]
