[38, 0, 0, 0, 0, 0, 0, 0, 0, 0, 0, 0, 0, 0, 0, 0, 0, 20, 0, 0, 0, 20]
[73, 0, 0, 0, 0, 0, 0, 0, 0, 0, 0, 0, 0, 0, 0, 0, 0, 40, 0, 0, 0, 40]
[95, 0, 0, 0, 0, 0, 0, 20, 0, 0, 0, 0, 0, 0, 0, 0, 0, 40, 0, 0, 0, 60]
[110, 0, 0, 20, 0, 0, 0, 20, 0, 0, 0, 0, 0, 0, 0, 0, 0, 40, 0, 0, 0, 80]
[114, 0, 0, 20, 0, 0, 0, 20, 0, 0, 20, 0, 0, 0, 0, 0, 0, 40, 0, 0, 0, 100]
[125, 0, 0, 20, 0, 0, 0, 20, 0, 0, 20, 0, 0, 0, 0, 0, 0, 40, 0, 20, 0, 120]
[134, 0, 0, 20, 0, 0, 0, 20, 0, 0, 20, 0, 0, 0, 0, 0, 0, 60, 0, 20, 0, 140]
[150, 0, 0, 20, 0, 0, 0, 20, 0, 0, 20, 0, 0, 20, 0, 0, 0, 60, 0, 20, 0, 160]
[161, 0, 0, 20, 0, 0, 0, 20, 0, 0, 40, 0, 0, 20, 0, 0, 0, 60, 0, 20, 0, 180]
[162, 0, 0, 20, 0, 0, 0, 20, 0, 0, 40, 0, 0, 20, 0, 20, 0, 60, 0, 20, 0, 200]
[166, 0, 0, 40, 0, 0, 0, 20, 0, 0, 40, 0, 0, 20, 0, 20, 0, 60, 0, 20, 0, 220]
[168, 0, 0, 40, 0, 0, 0, 20, 0, 0, 40, 0, 0, 20, 0, 20, 0, 60, 0, 20, 20, 240]
[169, 0, 40, 40, 0, 0, 0, 20, 0, 0, 40, 0, 0, 20, 0, 20, 0, 60, 0, 20, 20, 260]
[175, 0, 40, 40, 0, 0, 0, 40, 0, 0, 40, 0, 0, 20, 0, 20, 0, 60, 0, 20, 20, 280]
[181, 0, 40, 40, 0, 0, 0, 40, 0, 0, 40, 0, 0, 20, 60, 20, 0, 60, 0, 20, 20, 300]
[202, 0, 40, 60, 0, 0, 0, 40, 0, 0, 40, 0, 0, 20, 60, 20, 0, 60, 0, 20, 20, 320]
[204, 0, 60, 60, 0, 0, 0, 40, 0, 0, 40, 0, 0, 20, 60, 20, 0, 60, 0, 20, 20, 340]
[221, 0, 60, 60, 0, 0, 0, 40, 0, 0, 40, 0, 0, 20, 60, 20, 0, 60, 0, 20, 40, 360]
[226, 0, 60, 60, 0, 0, 0, 40, 0, 0, 40, 0, 0, 20, 60, 20, 0, 60, 0, 40, 40, 380]
[268, 0, 60, 60, 0, 0, 0, 40, 0, 0, 40, 20, 0, 20, 60, 20, 0, 60, 0, 40, 40, 400]
[276, 0, 60, 60, 0, 20, 0, 40, 0, 0, 40, 20, 0, 20, 60, 20, 0, 60, 0, 40, 40, 420]
[281, 0, 60, 60, 0, 20, 20, 40, 0, 0, 40, 20, 0, 20, 60, 20, 0, 60, 0, 40, 40, 440]
[289, 0, 60, 60, 0, 20, 20, 40, 0, 0, 40, 20, 0, 20, 60, 20, 0, 60, 20, 40, 40, 460]
[301, 0, 60, 60, 0, 20, 20, 40, 0, 0, 40, 20, 0, 20, 60, 20, 60, 60, 20, 40, 40, 480]
[324, 0, 60, 60, 0, 20, 20, 40, 0, 0, 40, 20, 0, 20, 100, 20, 60, 60, 20, 40, 40, 500]
[331, 0, 60, 60, 0, 20, 20, 40, 0, 60, 40, 20, 0, 20, 100, 20, 60, 60, 20, 40, 40, 520]
[340, 0, 60, 60, 0, 20, 20, 40, 0, 60, 40, 20, 0, 20, 100, 20, 60, 60, 20, 40, 60, 540]
[349, 0, 120, 60, 0, 20, 20, 40, 0, 60, 40, 20, 0, 20, 100, 20, 60, 60, 20, 40, 60, 560]
[357, 0, 120, 60, 0, 20, 20, 40, 0, 60, 40, 20, 0, 20, 100, 20, 60, 80, 20, 40, 60, 580]
[358, 0, 120, 60, 20, 20, 20, 40, 0, 60, 40, 20, 0, 20, 100, 20, 60, 80, 20, 40, 60, 600]
[369, 0, 120, 60, 20, 20, 20, 40, 0, 60, 40, 20, 0, 20, 100, 20, 60, 80, 40, 40, 60, 620]
[375, 0, 120, 60, 20, 20, 20, 80, 0, 60, 40, 20, 0, 20, 100, 20, 60, 80, 40, 40, 60, 640]
[397, 0, 140, 60, 20, 20, 20, 80, 0, 60, 40, 20, 0, 20, 100, 20, 60, 80, 40, 40, 60, 660]
[397, 0, 140, 60, 20, 20, 20, 80, 0, 60, 100, 20, 0, 20, 100, 20, 60, 80, 40, 40, 60, 680]
[416, 0, 140, 60, 20, 20, 20, 80, 0, 60, 100, 40, 0, 20, 100, 20, 60, 80, 40, 40, 60, 700]
[436, 0, 140, 60, 20, 20, 40, 80, 0, 60, 100, 40, 0, 20, 100, 20, 60, 80, 40, 40, 60, 720]
[439, 0, 160, 60, 20, 20, 40, 80, 0, 60, 100, 40, 0, 20, 100, 20, 60, 80, 40, 40, 60, 740]
[446, 0, 160, 160, 20, 20, 40, 80, 0, 60, 100, 40, 0, 20, 100, 20, 60, 80, 40, 40, 60, 760]
[466, 0, 160, 160, 20, 20, 40, 80, 0, 60, 100, 40, 0, 20, 100, 20, 80, 80, 40, 40, 60, 780]
[478, 0, 160, 160, 20, 20, 40, 80, 0, 60, 100, 40, 0, 60, 100, 20, 80, 80, 40, 40, 60, 800]
[495, 0, 160, 160, 20, 20, 40, 80, 0, 60, 100, 40, 0, 60, 100, 20, 80, 80, 60, 40, 60, 820]
[498, 0, 180, 160, 20, 20, 40, 80, 0, 60, 100, 40, 0, 60, 100, 20, 80, 80, 60, 40, 60, 840]
[506, 0, 180, 180, 20, 20, 40, 80, 0, 60, 100, 40, 0, 60, 100, 20, 80, 80, 60, 40, 60, 860]
[509, 0, 180, 180, 40, 20, 40, 80, 0, 60, 100, 40, 0, 60, 100, 20, 80, 80, 60, 40, 60, 880]
[553, 0, 180, 200, 40, 20, 40, 80, 0, 60, 100, 40, 0, 60, 100, 20, 80, 80, 60, 40, 60, 900]
[563, 0, 180, 200, 40, 20, 60, 80, 0, 60, 100, 40, 0, 60, 100, 20, 80, 80, 60, 40, 60, 920]
[587, 0, 180, 220, 40, 20, 60, 80, 0, 60, 100, 40, 0, 60, 100, 20, 80, 80, 60, 40, 60, 940]
[591, 0, 180, 220, 40, 20, 60, 80, 0, 60, 100, 40, 0, 60, 100, 20, 80, 80, 60, 80, 60, 960]
[614, 0, 180, 220, 40, 20, 60, 80, 20, 60, 100, 40, 0, 60, 100, 20, 80, 80, 60, 80, 60, 980]
[615, 0, 180, 220, 40, 20, 60, 80, 20, 60, 100, 40, 0, 60, 100, 20, 100, 80, 60, 80, 60, 1000]
[621, 0, 180, 220, 40, 20, 60, 80, 20, 60, 100, 40, 0, 60, 100, 60, 100, 80, 60, 80, 60, 1020]
[634, 0, 180, 220, 40, 20, 60, 80, 20, 60, 100, 40, 0, 60, 100, 60, 100, 120, 60, 80, 60, 1040]
[664, 0, 180, 220, 40, 20, 60, 80, 20, 60, 100, 40, 0, 60, 100, 60, 120, 120, 60, 80, 60, 1060]
[699, 0, 180, 220, 80, 20, 60, 80, 20, 60, 100, 40, 0, 60, 100, 60, 120, 120, 60, 80, 60, 1080]
[704, 0, 180, 260, 80, 20, 60, 80, 20, 60, 100, 40, 0, 60, 100, 60, 120, 120, 60, 80, 60, 1100]
[719, 0, 180, 260, 80, 20, 60, 80, 20, 60, 100, 40, 0, 60, 100, 60, 120, 120, 60, 120, 60, 1120]
[723, 0, 180, 260, 80, 20, 60, 80, 20, 60, 100, 40, 0, 100, 100, 60, 120, 120, 60, 120, 60, 1140]
[742, 0, 180, 260, 80, 20, 60, 80, 20, 60, 100, 40, 0, 100, 100, 60, 140, 120, 60, 120, 60, 1160]
[749, 0, 280, 260, 80, 20, 60, 80, 20, 60, 100, 40, 0, 100, 100, 60, 140, 120, 60, 120, 60, 1180]
[752, 0, 280, 260, 80, 40, 60, 80, 20, 60, 100, 40, 0, 100, 100, 60, 140, 120, 60, 120, 60, 1200]
[759, 0, 280, 260, 80, 40, 60, 80, 20, 60, 100, 40, 0, 100, 100, 60, 140, 120, 60, 120, 100, 1220]
[778, 0, 280, 260, 80, 40, 60, 80, 20, 60, 100, 40, 0, 100, 100, 80, 140, 120, 60, 120, 100, 1240]
[794, 0, 280, 260, 80, 40, 80, 80, 20, 60, 100, 40, 0, 100, 100, 80, 140, 120, 60, 120, 100, 1260]
[797, 0, 280, 260, 80, 40, 80, 80, 20, 80, 100, 40, 0, 100, 100, 80, 140, 120, 60, 120, 100, 1280]
[802, 0, 280, 260, 80, 40, 80, 80, 20, 80, 100, 40, 0, 100, 100, 80, 160, 120, 60, 120, 100, 1300]
[819, 0, 280, 260, 80, 40, 80, 80, 20, 80, 100, 40, 0, 100, 100, 80, 160, 120, 100, 120, 100, 1320]
[828, 0, 280, 280, 80, 40, 80, 80, 20, 80, 100, 40, 0, 100, 100, 80, 160, 120, 100, 120, 100, 1340]
[830, 0, 280, 280, 80, 40, 80, 80, 20, 80, 100, 40, 0, 100, 100, 80, 160, 120, 100, 160, 100, 1360]
[855, 0, 280, 280, 80, 60, 80, 80, 20, 80, 100, 40, 0, 100, 100, 80, 160, 120, 100, 160, 100, 1380]
[866, 0, 280, 280, 80, 60, 80, 80, 20, 80, 100, 40, 0, 100, 140, 80, 160, 120, 100, 160, 100, 1400]
[873, 0, 280, 280, 80, 60, 80, 80, 20, 80, 100, 40, 0, 100, 140, 80, 160, 120, 100, 180, 100, 1420]
[905, 0, 280, 280, 80, 60, 80, 80, 20, 100, 100, 40, 0, 100, 140, 80, 160, 120, 100, 180, 100, 1440]
[906, 0, 280, 280, 80, 60, 80, 80, 20, 100, 100, 80, 0, 100, 140, 80, 160, 120, 100, 180, 100, 1460]
[909, 0, 280, 300, 80, 60, 80, 80, 20, 100, 100, 80, 0, 100, 140, 80, 160, 120, 100, 180, 100, 1480]
[925, 0, 320, 300, 80, 60, 80, 80, 20, 100, 100, 80, 0, 100, 140, 80, 160, 120, 100, 180, 100, 1500]
[941, 0, 320, 300, 80, 60, 80, 80, 60, 100, 100, 80, 0, 100, 140, 80, 160, 120, 100, 180, 100, 1520]
[957, 0, 320, 300, 80, 60, 80, 80, 60, 100, 100, 80, 0, 100, 140, 80, 200, 120, 100, 180, 100, 1540]
[965, 0, 320, 300, 80, 60, 80, 80, 60, 100, 100, 80, 0, 100, 140, 80, 200, 140, 100, 180, 100, 1560]
[966, 0, 320, 300, 80, 80, 80, 80, 60, 100, 100, 80, 0, 100, 140, 80, 200, 140, 100, 180, 100, 1580]
[990, 0, 340, 300, 80, 80, 80, 80, 60, 100, 100, 80, 0, 100, 140, 80, 200, 140, 100, 180, 100, 1600]
[997, 0, 340, 320, 80, 80, 80, 80, 60, 100, 100, 80, 0, 100, 140, 80, 200, 140, 100, 180, 100, 1620]
[1006, 0, 340, 320, 80, 80, 80, 80, 60, 100, 100, 80, 0, 100, 140, 80, 200, 140, 120, 180, 100, 1640]
[1007, 0, 340, 320, 80, 100, 80, 80, 60, 100, 100, 80, 0, 100, 140, 80, 200, 140, 120, 180, 100, 1660]
[1041, 0, 340, 320, 80, 100, 80, 80, 60, 140, 100, 80, 0, 100, 140, 80, 200, 140, 120, 180, 100, 1680]
[1059, 20, 340, 320, 80, 100, 80, 80, 60, 140, 100, 80, 0, 100, 140, 80, 200, 140, 120, 180, 100, 1700]
[1064, 20, 360, 320, 80, 100, 80, 80, 60, 140, 100, 80, 0, 100, 140, 80, 200, 140, 120, 180, 100, 1720]
[1085, 20, 360, 320, 80, 100, 80, 80, 60, 140, 100, 80, 0, 100, 140, 80, 200, 160, 120, 180, 100, 1740]
[1096, 20, 360, 320, 80, 100, 80, 80, 60, 160, 100, 80, 0, 100, 140, 80, 200, 160, 120, 180, 100, 1760]
[1098, 20, 360, 320, 80, 100, 80, 80, 60, 160, 100, 100, 0, 100, 140, 80, 200, 160, 120, 180, 100, 1780]
[1110, 20, 360, 320, 80, 140, 80, 80, 60, 160, 100, 100, 0, 100, 140, 80, 200, 160, 120, 180, 100, 1800]
[1111, 20, 360, 320, 80, 140, 80, 80, 100, 160, 100, 100, 0, 100, 140, 80, 200, 160, 120, 180, 100, 1820]
[1129, 20, 380, 320, 80, 140, 80, 80, 100, 160, 100, 100, 0, 100, 140, 80, 200, 160, 120, 180, 100, 1840]
[1144, 20, 380, 360, 80, 140, 80, 80, 100, 180, 100, 100, 0, 100, 140, 80, 200, 160, 120, 180, 100, 1880]
[1153, 20, 380, 360, 80, 140, 80, 80, 100, 180, 100, 100, 0, 100, 140, 80, 200, 160, 120, 180, 120, 1900]
[1168, 20, 380, 360, 80, 160, 80, 80, 100, 180, 100, 100, 0, 100, 140, 80, 200, 160, 120, 180, 120, 1920]
[1177, 20, 380, 360, 80, 160, 80, 80, 100, 180, 100, 100, 0, 140, 140, 80, 200, 160, 120, 180, 120, 1940]
[1184, 20, 400, 360, 80, 160, 80, 80, 100, 180, 100, 100, 0, 140, 140, 80, 200, 160, 120, 180, 120, 1960]
[1197, 20, 400, 360, 80, 160, 80, 100, 100, 180, 100, 100, 0, 140, 140, 80, 200, 160, 120, 180, 120, 1980]
[1199, 20, 400, 360, 80, 160, 80, 100, 100, 180, 100, 100, 0, 140, 160, 80, 200, 160, 120, 180, 120, 2000]
[1211, 20, 400, 360, 80, 160, 80, 100, 120, 180, 100, 100, 0, 140, 160, 80, 200, 160, 120, 180, 120, 2020]
[1219, 20, 400, 360, 80, 180, 80, 100, 120, 180, 100, 100, 0, 140, 160, 80, 200, 160, 120, 180, 120, 2040]
[1231, 20, 400, 360, 80, 180, 80, 100, 120, 180, 100, 100, 0, 140, 160, 80, 220, 160, 120, 180, 120, 2060]
[1237, 20, 420, 360, 80, 180, 80, 100, 120, 180, 100, 100, 0, 140, 160, 80, 220, 160, 120, 180, 120, 2080]
[1242, 20, 420, 360, 80, 180, 80, 100, 120, 180, 100, 100, 0, 140, 160, 80, 220, 180, 120, 180, 120, 2100]
[1252, 20, 420, 360, 80, 180, 80, 100, 120, 180, 100, 100, 80, 140, 160, 80, 220, 180, 120, 180, 120, 2120]
[1256, 20, 420, 360, 80, 200, 80, 100, 120, 180, 100, 100, 80, 140, 160, 80, 220, 180, 120, 200, 120, 2160]
[1268, 20, 420, 400, 80, 200, 80, 100, 120, 180, 100, 100, 80, 140, 160, 80, 220, 180, 120, 200, 120, 2180]
[1287, 20, 440, 400, 80, 200, 80, 100, 120, 180, 100, 100, 80, 140, 160, 80, 220, 180, 120, 200, 120, 2200]
[1294, 20, 440, 400, 80, 200, 80, 100, 120, 180, 100, 120, 80, 140, 160, 80, 220, 180, 120, 200, 120, 2220]
[1299, 20, 440, 400, 80, 200, 80, 100, 120, 240, 100, 120, 80, 140, 160, 80, 220, 180, 120, 200, 120, 2240]
[1311, 20, 440, 420, 80, 200, 80, 100, 120, 240, 100, 120, 80, 140, 160, 80, 220, 180, 120, 200, 120, 2260]
[1321, 20, 440, 420, 80, 220, 80, 100, 120, 240, 100, 120, 80, 140, 160, 80, 220, 180, 120, 200, 120, 2280]
[1323, 20, 440, 420, 80, 220, 80, 100, 120, 240, 100, 120, 80, 140, 160, 80, 220, 180, 120, 220, 120, 2300]
[1329, 20, 460, 420, 80, 220, 80, 100, 120, 240, 100, 120, 80, 140, 160, 80, 220, 180, 120, 220, 120, 2320]
[1342, 20, 460, 420, 100, 220, 80, 100, 120, 240, 100, 120, 80, 140, 160, 80, 220, 180, 120, 220, 120, 2340]
[1346, 20, 460, 420, 100, 220, 80, 100, 120, 240, 100, 120, 80, 140, 160, 80, 220, 180, 120, 220, 140, 2360]
[1349, 20, 460, 420, 100, 220, 80, 100, 120, 240, 100, 120, 80, 180, 160, 80, 220, 180, 120, 220, 140, 2380]
[1350, 20, 460, 420, 100, 220, 80, 100, 120, 260, 100, 120, 80, 180, 160, 80, 220, 180, 120, 220, 140, 2400]
[1356, 20, 460, 420, 100, 220, 80, 100, 120, 260, 100, 120, 80, 180, 160, 80, 220, 180, 140, 220, 140, 2420]
[1382, 20, 480, 420, 100, 220, 80, 100, 120, 260, 100, 120, 80, 180, 160, 80, 220, 180, 140, 220, 140, 2440]
[1385, 20, 480, 420, 100, 220, 80, 100, 120, 260, 100, 120, 80, 180, 180, 80, 220, 180, 140, 220, 140, 2460]
[1397, 20, 480, 420, 100, 220, 80, 100, 120, 260, 100, 120, 80, 180, 180, 120, 220, 180, 140, 220, 140, 2480]
[1406, 20, 480, 420, 100, 220, 80, 100, 120, 260, 100, 120, 80, 200, 180, 120, 220, 180, 140, 220, 140, 2500]
[1407, 20, 480, 420, 100, 220, 80, 100, 120, 260, 100, 120, 80, 200, 180, 120, 240, 180, 140, 220, 140, 2520]
[1425, 20, 480, 420, 100, 220, 80, 100, 120, 260, 100, 120, 100, 200, 180, 120, 240, 180, 140, 220, 140, 2540]
[1461, 20, 480, 420, 100, 220, 80, 100, 120, 260, 100, 120, 100, 200, 180, 120, 240, 180, 140, 260, 140, 2560]
[1469, 20, 480, 420, 100, 280, 80, 100, 120, 260, 100, 120, 100, 200, 180, 120, 240, 180, 140, 260, 140, 2580]
[1473, 20, 480, 420, 120, 280, 80, 100, 120, 260, 100, 120, 100, 200, 180, 120, 240, 180, 140, 260, 140, 2600]
[1481, 20, 480, 420, 120, 280, 100, 100, 120, 260, 100, 120, 100, 200, 180, 120, 240, 180, 140, 260, 140, 2620]
[1497, 20, 480, 420, 120, 280, 100, 100, 120, 320, 100, 120, 100, 200, 180, 120, 240, 180, 140, 260, 140, 2640]
[1500, 20, 480, 420, 120, 280, 100, 100, 120, 320, 100, 120, 100, 200, 180, 140, 240, 180, 140, 260, 140, 2660]
[1503, 20, 480, 420, 120, 280, 100, 100, 120, 320, 100, 120, 100, 220, 180, 140, 240, 180, 140, 260, 140, 2680]
[1515, 20, 480, 480, 120, 280, 100, 100, 120, 320, 100, 120, 100, 220, 180, 140, 240, 180, 140, 260, 140, 2700]
[1549, 20, 520, 480, 120, 280, 100, 100, 120, 320, 100, 120, 100, 220, 180, 140, 240, 180, 140, 260, 140, 2720]
[1553, 20, 520, 480, 120, 280, 100, 100, 120, 320, 100, 120, 100, 220, 180, 140, 240, 200, 140, 260, 140, 2740]
[1575, 20, 520, 480, 120, 320, 100, 100, 120, 320, 100, 120, 100, 220, 180, 140, 240, 200, 140, 260, 140, 2760]
[1601, 20, 520, 480, 120, 320, 100, 100, 120, 320, 100, 120, 100, 220, 180, 140, 240, 200, 140, 280, 140, 2780]
[1608, 20, 520, 480, 140, 320, 100, 100, 120, 320, 100, 120, 100, 220, 180, 140, 240, 200, 140, 280, 140, 2800]
[1621, 20, 520, 480, 140, 340, 100, 100, 120, 320, 100, 120, 100, 220, 180, 140, 240, 200, 140, 280, 140, 2820]
[1629, 20, 520, 480, 140, 340, 100, 100, 120, 320, 100, 120, 100, 220, 180, 140, 240, 220, 140, 280, 140, 2840]
[1673, 20, 520, 480, 140, 340, 100, 100, 140, 320, 100, 120, 100, 220, 180, 140, 240, 220, 140, 280, 140, 2860]
[1678, 20, 520, 480, 140, 340, 100, 100, 140, 320, 100, 120, 100, 220, 180, 140, 240, 220, 160, 280, 140, 2880]
[1692, 20, 520, 480, 160, 340, 100, 100, 140, 320, 100, 120, 100, 220, 180, 140, 240, 220, 160, 280, 140, 2900]
[1697, 20, 520, 480, 160, 340, 100, 100, 140, 320, 100, 120, 100, 220, 200, 140, 240, 220, 160, 280, 140, 2920]
[1715, 20, 520, 480, 160, 340, 100, 100, 140, 400, 100, 120, 100, 220, 200, 140, 240, 220, 160, 280, 140, 2940]
[1732, 20, 520, 480, 160, 340, 100, 100, 160, 400, 100, 120, 100, 220, 200, 140, 240, 220, 160, 280, 140, 2960]
[1734, 20, 520, 480, 160, 340, 100, 120, 160, 400, 100, 120, 100, 220, 200, 140, 240, 220, 160, 280, 140, 2980]
[1738, 20, 520, 480, 180, 340, 100, 120, 160, 400, 100, 120, 100, 220, 200, 140, 240, 220, 160, 280, 140, 3000]
[1741, 20, 520, 480, 180, 340, 100, 120, 160, 400, 100, 120, 100, 220, 200, 140, 280, 220, 160, 280, 140, 3020]
[1754, 20, 520, 480, 180, 340, 100, 120, 160, 400, 100, 120, 100, 220, 200, 140, 280, 220, 160, 300, 140, 3040]
[1767, 20, 520, 480, 180, 340, 100, 120, 180, 400, 100, 120, 100, 220, 200, 140, 280, 220, 160, 300, 140, 3060]
[1801, 20, 520, 480, 180, 340, 100, 120, 180, 440, 100, 120, 100, 220, 200, 140, 280, 220, 160, 300, 140, 3080]
[1802, 20, 520, 480, 180, 340, 100, 120, 180, 440, 100, 140, 100, 220, 200, 140, 280, 220, 160, 300, 140, 3100]
[1808, 20, 520, 480, 180, 340, 100, 120, 200, 440, 100, 140, 100, 220, 200, 140, 280, 220, 160, 300, 140, 3120]
[1816, 20, 520, 480, 180, 340, 100, 120, 200, 440, 100, 140, 100, 220, 200, 160, 280, 220, 160, 300, 140, 3140]
[1842, 20, 520, 480, 180, 340, 100, 120, 200, 440, 100, 140, 100, 220, 200, 160, 280, 220, 180, 300, 140, 3160]
[1846, 20, 520, 480, 180, 340, 100, 120, 220, 440, 100, 140, 100, 220, 200, 160, 280, 220, 180, 300, 140, 3180]
[1850, 20, 520, 480, 180, 340, 100, 120, 220, 440, 160, 140, 100, 220, 200, 160, 280, 220, 180, 300, 140, 3200]
[1857, 20, 520, 480, 200, 340, 100, 120, 220, 440, 160, 140, 100, 220, 200, 160, 280, 220, 180, 300, 140, 3220]
[1861, 20, 520, 480, 200, 340, 100, 120, 220, 440, 160, 140, 140, 220, 200, 160, 280, 220, 180, 300, 140, 3240]
[1862, 20, 520, 480, 200, 340, 100, 120, 220, 440, 160, 160, 140, 220, 200, 160, 280, 220, 180, 300, 140, 3260]
[1892, 20, 520, 480, 200, 340, 100, 120, 220, 480, 160, 160, 140, 220, 200, 160, 280, 220, 180, 300, 140, 3280]
[1912, 20, 520, 480, 200, 340, 100, 120, 220, 480, 160, 160, 140, 220, 200, 160, 300, 220, 180, 300, 140, 3300]
[1914, 20, 520, 480, 200, 340, 100, 120, 220, 480, 160, 180, 140, 220, 200, 160, 300, 220, 180, 300, 140, 3320]
[1917, 20, 540, 480, 200, 340, 100, 120, 220, 480, 160, 180, 140, 220, 200, 160, 300, 220, 180, 300, 140, 3340]
[1922, 20, 540, 480, 200, 340, 100, 120, 220, 480, 160, 180, 140, 220, 220, 160, 300, 220, 180, 300, 140, 3360]
[1925, 20, 540, 480, 200, 340, 100, 140, 220, 480, 160, 180, 140, 220, 220, 160, 300, 220, 180, 300, 140, 3380]
[1929, 20, 540, 480, 200, 340, 100, 140, 220, 480, 160, 180, 140, 220, 220, 160, 300, 220, 180, 320, 140, 3400]
[1938, 20, 540, 480, 200, 340, 100, 140, 220, 500, 160, 180, 140, 220, 220, 160, 300, 220, 180, 320, 140, 3420]
[1972, 20, 540, 480, 200, 340, 100, 140, 220, 500, 160, 180, 160, 220, 220, 160, 300, 220, 180, 320, 140, 3440]
[1984, 20, 540, 480, 200, 340, 100, 140, 280, 500, 160, 180, 160, 220, 220, 160, 300, 220, 180, 320, 140, 3460]
[2012, 20, 540, 480, 200, 340, 100, 140, 280, 500, 180, 180, 160, 220, 220, 160, 300, 220, 180, 320, 140, 3480]
[2021, 20, 540, 480, 200, 340, 100, 140, 300, 540, 180, 180, 160, 220, 220, 160, 300, 220, 180, 320, 140, 3520]
[2041, 20, 540, 480, 200, 340, 100, 140, 300, 540, 180, 180, 180, 220, 220, 160, 300, 220, 180, 320, 140, 3540]
[2051, 20, 540, 480, 200, 340, 100, 160, 300, 540, 180, 180, 180, 220, 220, 220, 300, 220, 180, 320, 140, 3580]
[2063, 20, 540, 480, 200, 340, 100, 160, 300, 560, 180, 180, 180, 220, 220, 220, 300, 220, 180, 320, 140, 3600]
[2075, 20, 540, 480, 200, 340, 100, 160, 300, 560, 180, 180, 180, 220, 220, 220, 320, 220, 180, 320, 140, 3620]
[2081, 20, 540, 480, 200, 340, 100, 160, 300, 560, 180, 180, 180, 220, 220, 220, 320, 220, 180, 320, 180, 3640]
[2112, 20, 540, 480, 200, 340, 100, 160, 340, 560, 180, 180, 180, 220, 220, 220, 320, 220, 180, 320, 180, 3660]
[2114, 20, 540, 480, 200, 340, 100, 160, 340, 580, 180, 180, 180, 220, 240, 220, 320, 220, 180, 320, 180, 3700]
[2130, 20, 540, 480, 200, 360, 100, 160, 340, 580, 180, 180, 180, 220, 240, 220, 320, 220, 180, 320, 180, 3720]
[2148, 20, 540, 480, 200, 360, 100, 160, 340, 580, 180, 180, 180, 220, 240, 220, 320, 300, 180, 320, 180, 3740]
[2152, 20, 540, 480, 200, 360, 100, 160, 340, 580, 180, 180, 180, 220, 240, 220, 320, 300, 200, 320, 180, 3760]
[2162, 20, 540, 480, 200, 360, 100, 160, 360, 600, 180, 180, 180, 220, 240, 220, 320, 300, 200, 320, 180, 3800]
[2165, 20, 540, 480, 200, 360, 100, 160, 360, 600, 180, 220, 180, 220, 240, 220, 320, 300, 200, 320, 180, 3820]
[2179, 20, 540, 480, 200, 360, 100, 180, 360, 600, 180, 220, 180, 220, 240, 220, 320, 300, 200, 320, 180, 3840]
[2188, 20, 540, 480, 200, 360, 100, 180, 360, 600, 180, 220, 180, 220, 240, 240, 320, 300, 200, 320, 180, 3860]
[2192, 20, 540, 480, 200, 360, 100, 180, 360, 600, 200, 220, 180, 220, 240, 240, 320, 300, 200, 320, 180, 3880]
[2220, 20, 540, 480, 200, 360, 100, 180, 360, 600, 200, 220, 200, 220, 240, 240, 320, 300, 200, 320, 180, 3900]
[2235, 20, 540, 480, 200, 360, 100, 180, 360, 600, 200, 220, 200, 220, 240, 240, 320, 300, 200, 340, 180, 3920]
[2237, 20, 540, 480, 200, 360, 100, 180, 360, 600, 200, 220, 200, 220, 240, 240, 340, 300, 200, 340, 180, 3940]
[2244, 20, 540, 480, 200, 360, 100, 180, 400, 640, 200, 220, 200, 220, 240, 240, 340, 300, 200, 340, 180, 3980]
[2278, 20, 540, 480, 200, 360, 100, 180, 420, 660, 200, 220, 200, 220, 240, 240, 340, 300, 200, 340, 180, 4020]
[2299, 20, 540, 480, 200, 360, 100, 180, 420, 660, 200, 220, 200, 220, 240, 240, 340, 300, 220, 340, 180, 4040]
[2356, 20, 540, 480, 200, 360, 100, 180, 420, 660, 200, 220, 200, 220, 240, 240, 340, 300, 220, 340, 200, 4060]
[2356, 20, 540, 480, 200, 360, 100, 180, 420, 660, 200, 220, 200, 220, 240, 240, 360, 300, 220, 340, 200, 4080]
[2362, 20, 540, 480, 200, 360, 120, 180, 420, 660, 200, 220, 200, 220, 240, 240, 360, 300, 220, 360, 200, 4120]
[2363, 20, 540, 480, 200, 360, 120, 180, 420, 660, 200, 220, 200, 220, 240, 260, 360, 300, 220, 360, 200, 4140]
[2369, 20, 540, 480, 200, 360, 120, 180, 420, 660, 220, 220, 200, 220, 240, 260, 360, 300, 220, 360, 200, 4160]
[2372, 20, 540, 480, 200, 360, 120, 180, 460, 660, 220, 220, 200, 220, 240, 260, 360, 300, 220, 360, 200, 4180]
[2384, 20, 540, 480, 200, 360, 120, 180, 460, 660, 220, 220, 220, 220, 240, 260, 360, 300, 220, 360, 200, 4200]
[2396, 20, 540, 480, 200, 360, 120, 200, 460, 660, 220, 220, 220, 220, 240, 260, 360, 300, 220, 360, 200, 4220]
[2420, 20, 540, 480, 200, 360, 120, 200, 460, 660, 220, 220, 220, 220, 240, 260, 360, 300, 240, 360, 200, 4240]
[2444, 20, 540, 480, 200, 360, 120, 200, 460, 660, 220, 240, 220, 220, 240, 260, 360, 300, 240, 360, 200, 4260]
[2447, 20, 540, 480, 200, 360, 120, 200, 460, 660, 220, 240, 220, 220, 260, 260, 360, 300, 240, 360, 200, 4280]
[2465, 20, 540, 480, 200, 360, 120, 200, 460, 660, 220, 240, 220, 220, 260, 260, 360, 300, 240, 360, 220, 4300]
[2467, 20, 540, 480, 200, 400, 120, 200, 460, 660, 220, 240, 220, 220, 260, 260, 360, 300, 240, 360, 220, 4320]
[2475, 20, 540, 480, 200, 400, 120, 200, 460, 740, 220, 240, 220, 220, 260, 260, 360, 300, 240, 360, 220, 4340]
[2508, 20, 540, 480, 200, 400, 120, 200, 520, 740, 220, 240, 220, 220, 260, 260, 360, 300, 240, 360, 220, 4360]
[2516, 20, 540, 480, 200, 400, 120, 200, 520, 760, 220, 240, 220, 220, 260, 260, 360, 300, 240, 360, 220, 4380]
[2530, 20, 540, 480, 200, 400, 140, 200, 520, 760, 220, 240, 220, 220, 260, 260, 360, 300, 240, 360, 220, 4400]
[2536, 20, 540, 480, 200, 400, 140, 200, 520, 760, 220, 240, 220, 220, 260, 260, 380, 300, 240, 360, 220, 4420]
[2541, 40, 540, 480, 200, 400, 140, 200, 520, 760, 220, 240, 220, 220, 260, 260, 380, 300, 240, 360, 220, 4440]
[2558, 40, 540, 480, 200, 400, 140, 200, 540, 760, 220, 240, 220, 220, 260, 260, 380, 300, 240, 360, 220, 4460]
[2565, 40, 540, 480, 200, 400, 140, 200, 540, 780, 220, 240, 240, 220, 260, 260, 380, 300, 240, 360, 220, 4500]
[2584, 40, 540, 480, 200, 400, 140, 200, 540, 780, 220, 240, 240, 260, 260, 260, 380, 300, 240, 360, 220, 4520]
[2592, 40, 540, 480, 200, 400, 140, 200, 540, 780, 220, 240, 240, 260, 260, 260, 380, 300, 240, 380, 220, 4540]
[2597, 40, 540, 480, 200, 420, 140, 200, 540, 780, 220, 240, 240, 260, 260, 260, 380, 300, 240, 380, 220, 4560]
[2626, 40, 540, 480, 200, 420, 140, 200, 540, 780, 220, 240, 240, 260, 260, 260, 380, 300, 240, 380, 240, 4580]
[2640, 40, 540, 480, 200, 420, 140, 200, 540, 780, 220, 240, 240, 260, 260, 260, 380, 340, 240, 380, 240, 4600]
[2661, 40, 540, 480, 200, 420, 140, 200, 540, 780, 220, 240, 240, 260, 260, 280, 380, 340, 240, 380, 240, 4620]
[2696, 40, 540, 480, 200, 420, 140, 200, 540, 780, 220, 240, 240, 280, 260, 280, 380, 340, 240, 380, 240, 4640]
[2707, 40, 540, 480, 200, 420, 140, 200, 540, 800, 220, 240, 240, 280, 260, 280, 380, 340, 240, 380, 240, 4660]
[2710, 40, 620, 480, 200, 420, 140, 200, 540, 800, 220, 240, 240, 280, 260, 280, 380, 340, 240, 380, 240, 4680]
[2716, 40, 620, 480, 200, 420, 140, 200, 540, 800, 220, 260, 240, 280, 260, 280, 380, 340, 240, 380, 240, 4700]
[2729, 80, 620, 480, 200, 420, 140, 200, 540, 800, 220, 260, 240, 280, 260, 280, 380, 340, 240, 380, 240, 4720]
[2747, 80, 620, 480, 200, 420, 140, 200, 540, 800, 220, 260, 260, 280, 260, 280, 380, 340, 240, 380, 240, 4740]
[2773, 80, 620, 480, 200, 420, 140, 200, 540, 800, 240, 260, 260, 280, 260, 280, 380, 340, 240, 380, 240, 4760]
[2805, 80, 620, 480, 200, 420, 140, 200, 540, 800, 240, 260, 260, 280, 260, 280, 380, 340, 240, 420, 240, 4780]
[2812, 80, 620, 480, 200, 420, 140, 200, 540, 800, 240, 260, 260, 280, 260, 280, 400, 340, 240, 420, 240, 4800]
[2827, 80, 620, 480, 200, 420, 140, 200, 560, 800, 240, 260, 260, 280, 260, 280, 400, 340, 240, 420, 240, 4820]
[2834, 80, 620, 480, 200, 420, 140, 200, 560, 800, 240, 260, 260, 280, 260, 300, 400, 340, 240, 420, 240, 4840]
[2872, 80, 620, 480, 200, 420, 160, 200, 560, 800, 240, 260, 260, 280, 260, 300, 400, 340, 240, 420, 240, 4860]
[2874, 80, 620, 480, 200, 420, 160, 200, 560, 800, 260, 260, 260, 280, 260, 300, 400, 340, 240, 420, 240, 4880]
[2885, 80, 620, 480, 200, 420, 160, 200, 560, 800, 260, 260, 260, 280, 300, 300, 400, 340, 240, 420, 240, 4900]
[2893, 80, 620, 480, 200, 440, 160, 200, 560, 800, 260, 260, 260, 280, 300, 300, 400, 340, 240, 420, 240, 4920]
[2898, 80, 660, 480, 200, 440, 160, 200, 560, 800, 260, 260, 260, 280, 300, 300, 400, 340, 240, 420, 240, 4940]
[2930, 80, 660, 480, 200, 440, 160, 200, 560, 800, 260, 260, 260, 280, 300, 300, 400, 340, 260, 420, 240, 4960]
[2974, 80, 660, 480, 200, 440, 160, 200, 560, 800, 260, 260, 260, 300, 300, 300, 400, 340, 260, 420, 240, 4980]
[2989, 80, 660, 480, 200, 440, 160, 200, 560, 800, 260, 260, 260, 300, 300, 300, 400, 340, 260, 420, 280, 5000]
[2991, 80, 660, 480, 200, 440, 160, 200, 560, 800, 260, 260, 260, 300, 300, 300, 420, 340, 260, 420, 280, 5020]
[3027, 80, 660, 480, 200, 440, 160, 200, 560, 800, 260, 260, 260, 300, 300, 300, 420, 380, 260, 420, 280, 5040]
[3028, 80, 680, 480, 200, 440, 160, 200, 560, 800, 260, 260, 260, 300, 300, 300, 420, 380, 260, 420, 280, 5060]
[3049, 80, 680, 480, 200, 440, 160, 200, 560, 800, 280, 260, 260, 300, 300, 300, 420, 380, 260, 420, 280, 5080]
[3061, 80, 680, 480, 200, 440, 160, 200, 560, 800, 280, 260, 280, 300, 300, 300, 420, 380, 260, 420, 280, 5100]
[3067, 80, 680, 480, 200, 440, 160, 200, 560, 800, 280, 260, 280, 300, 300, 300, 420, 380, 280, 420, 280, 5120]
[3074, 80, 680, 480, 200, 460, 160, 200, 560, 800, 280, 260, 280, 300, 300, 300, 420, 380, 280, 420, 280, 5140]
[3086, 100, 680, 480, 200, 460, 160, 200, 560, 800, 280, 260, 280, 300, 300, 300, 420, 380, 280, 420, 280, 5160]
[3088, 100, 680, 480, 200, 460, 160, 200, 560, 800, 280, 260, 280, 300, 300, 300, 420, 380, 280, 440, 280, 5180]
[3108, 100, 680, 480, 200, 460, 160, 200, 560, 800, 280, 260, 280, 300, 300, 320, 420, 380, 280, 440, 280, 5200]
[3114, 100, 680, 480, 200, 460, 160, 200, 560, 840, 280, 260, 280, 300, 300, 320, 420, 380, 280, 440, 280, 5220]
[3141, 100, 680, 480, 200, 460, 160, 200, 560, 840, 280, 260, 280, 300, 300, 320, 440, 380, 280, 440, 280, 5240]
[3156, 100, 680, 480, 200, 460, 160, 200, 560, 840, 280, 280, 280, 300, 300, 320, 440, 380, 280, 440, 280, 5260]
[3168, 100, 680, 480, 200, 460, 160, 200, 560, 840, 280, 280, 280, 300, 300, 320, 440, 400, 280, 440, 280, 5280]
[3186, 100, 680, 480, 240, 460, 160, 200, 560, 840, 280, 280, 280, 300, 300, 320, 440, 400, 280, 440, 280, 5300]
[3208, 100, 680, 480, 240, 460, 160, 200, 560, 840, 300, 280, 280, 300, 300, 320, 440, 400, 280, 440, 280, 5320]
[3215, 100, 680, 480, 240, 460, 160, 200, 560, 840, 300, 280, 280, 320, 300, 320, 440, 400, 280, 440, 280, 5340]
[3224, 120, 680, 480, 240, 460, 160, 200, 560, 840, 300, 280, 280, 320, 300, 320, 440, 400, 280, 440, 280, 5360]
[3230, 120, 680, 480, 240, 460, 160, 200, 560, 840, 300, 280, 280, 320, 300, 320, 440, 400, 280, 460, 280, 5380]
[3239, 120, 680, 480, 240, 460, 160, 200, 560, 840, 300, 280, 280, 320, 300, 320, 440, 400, 300, 460, 280, 5400]
[3243, 120, 680, 480, 240, 460, 180, 200, 560, 840, 300, 280, 280, 320, 300, 320, 440, 400, 300, 460, 280, 5420]
[3245, 120, 680, 480, 240, 460, 180, 200, 560, 840, 300, 280, 280, 320, 320, 320, 440, 400, 300, 460, 280, 5440]
[3246, 120, 680, 480, 240, 460, 180, 200, 580, 840, 300, 280, 280, 320, 320, 320, 440, 400, 300, 460, 280, 5460]
[3253, 120, 680, 480, 240, 460, 180, 200, 580, 840, 300, 280, 300, 320, 320, 320, 440, 400, 300, 460, 280, 5480]
[3269, 120, 680, 480, 240, 480, 180, 200, 580, 840, 300, 280, 300, 320, 320, 320, 440, 400, 300, 460, 280, 5500]
[3284, 120, 680, 480, 240, 480, 180, 240, 580, 840, 300, 280, 300, 320, 320, 320, 440, 400, 300, 460, 280, 5520]
[3304, 120, 680, 480, 240, 480, 180, 240, 580, 840, 320, 280, 300, 320, 320, 320, 440, 400, 300, 460, 280, 5540]
[3306, 120, 680, 480, 240, 480, 180, 240, 600, 840, 320, 280, 300, 320, 320, 320, 440, 400, 300, 460, 280, 5560]
[3324, 120, 680, 480, 240, 480, 180, 240, 600, 860, 320, 280, 300, 320, 320, 320, 440, 400, 300, 460, 280, 5580]
[3326, 120, 700, 480, 240, 480, 180, 240, 600, 860, 320, 280, 300, 320, 320, 320, 440, 400, 300, 460, 280, 5600]
[3328, 120, 700, 480, 240, 500, 180, 240, 600, 860, 320, 280, 300, 320, 320, 320, 440, 400, 300, 460, 280, 5620]
[3335, 120, 700, 480, 240, 500, 180, 240, 600, 860, 320, 280, 300, 320, 320, 320, 440, 420, 300, 460, 280, 5640]
[3354, 120, 700, 480, 240, 500, 180, 240, 600, 860, 320, 280, 300, 320, 320, 320, 460, 420, 300, 460, 280, 5660]
[3398, 120, 700, 480, 240, 500, 180, 240, 600, 860, 320, 280, 300, 320, 320, 320, 460, 420, 320, 460, 280, 5680]
[3405, 140, 700, 480, 240, 500, 180, 240, 600, 860, 320, 280, 300, 320, 320, 320, 460, 420, 320, 460, 280, 5700]
[3415, 140, 700, 480, 240, 500, 180, 240, 600, 860, 320, 280, 300, 320, 320, 340, 460, 420, 320, 460, 280, 5720]
[3416, 140, 700, 500, 240, 500, 180, 240, 600, 860, 320, 280, 300, 320, 320, 340, 460, 420, 320, 460, 280, 5740]
[3427, 140, 700, 500, 240, 500, 180, 240, 600, 860, 320, 280, 300, 320, 340, 340, 460, 420, 320, 460, 280, 5760]
[3434, 140, 700, 500, 240, 500, 180, 240, 620, 860, 320, 280, 300, 320, 340, 340, 460, 420, 320, 460, 280, 5780]
[3443, 140, 700, 500, 240, 520, 180, 240, 620, 860, 320, 280, 300, 320, 340, 340, 460, 420, 320, 460, 280, 5800]
[3451, 140, 700, 500, 240, 520, 200, 240, 620, 860, 320, 280, 300, 320, 340, 340, 460, 420, 320, 480, 280, 5840]
[3460, 140, 700, 500, 240, 520, 200, 240, 620, 860, 320, 280, 300, 320, 340, 340, 460, 420, 320, 480, 320, 5860]
[3467, 140, 720, 500, 240, 520, 200, 240, 620, 860, 320, 280, 300, 320, 340, 340, 460, 420, 320, 480, 320, 5880]
[3518, 140, 720, 500, 240, 520, 200, 240, 620, 860, 320, 280, 320, 320, 340, 340, 460, 420, 320, 480, 320, 5900]
[3520, 140, 720, 500, 240, 520, 200, 240, 620, 880, 320, 280, 320, 320, 340, 340, 460, 420, 320, 480, 320, 5920]
[3529, 140, 720, 500, 240, 520, 200, 240, 620, 880, 320, 280, 320, 320, 340, 340, 460, 440, 320, 480, 320, 5940]
[3529, 140, 720, 500, 240, 520, 200, 240, 620, 880, 320, 280, 320, 320, 340, 340, 480, 440, 320, 480, 320, 5960]
[3581, 140, 720, 500, 240, 540, 200, 240, 620, 880, 320, 280, 320, 320, 340, 340, 480, 440, 320, 480, 320, 5980]
[3585, 140, 720, 520, 240, 540, 200, 240, 620, 880, 320, 280, 320, 320, 340, 340, 480, 440, 320, 480, 320, 6000]
[3591, 140, 720, 520, 240, 540, 200, 260, 620, 880, 320, 280, 320, 320, 340, 340, 480, 440, 320, 480, 320, 6020]
[3597, 140, 720, 520, 240, 540, 200, 260, 620, 880, 320, 280, 320, 360, 340, 340, 480, 440, 320, 480, 320, 6040]
[3600, 140, 720, 520, 240, 540, 200, 260, 620, 880, 320, 280, 320, 360, 340, 340, 500, 440, 320, 520, 320, 6080]
[3607, 140, 720, 520, 240, 540, 200, 260, 620, 880, 320, 280, 320, 360, 340, 340, 500, 440, 340, 520, 320, 6100]
[3657, 140, 720, 520, 240, 540, 200, 260, 620, 880, 320, 280, 320, 360, 340, 340, 500, 440, 360, 520, 320, 6120]
[3679, 140, 720, 520, 240, 540, 200, 260, 620, 880, 320, 300, 320, 360, 340, 340, 500, 440, 360, 520, 320, 6140]
[3696, 140, 720, 520, 240, 540, 200, 260, 620, 880, 320, 300, 320, 360, 340, 340, 500, 440, 380, 520, 320, 6160]
[3746, 140, 720, 520, 240, 540, 200, 260, 620, 880, 320, 300, 380, 360, 340, 340, 500, 440, 380, 520, 320, 6180]
[3758, 140, 720, 520, 240, 540, 200, 260, 620, 880, 320, 300, 380, 360, 340, 360, 500, 440, 380, 520, 320, 6200]
[3763, 140, 720, 520, 240, 540, 200, 260, 620, 880, 320, 300, 380, 360, 340, 360, 500, 440, 380, 560, 320, 6220]
[3765, 140, 720, 520, 240, 540, 200, 260, 620, 880, 320, 300, 380, 360, 340, 360, 500, 440, 380, 560, 340, 6240]
[3770, 140, 720, 520, 240, 540, 200, 260, 620, 900, 320, 300, 380, 360, 340, 360, 500, 440, 380, 560, 340, 6260]
[3778, 140, 720, 520, 240, 540, 200, 260, 620, 900, 320, 300, 380, 360, 420, 360, 500, 440, 380, 560, 340, 6280]
[3788, 140, 740, 520, 240, 540, 200, 260, 620, 900, 320, 300, 380, 360, 420, 360, 500, 440, 380, 560, 340, 6300]
[3799, 140, 740, 520, 240, 540, 220, 260, 620, 900, 320, 300, 380, 360, 420, 360, 500, 440, 380, 560, 340, 6320]
[3823, 140, 740, 520, 240, 540, 220, 260, 620, 900, 320, 300, 380, 360, 420, 360, 500, 440, 380, 580, 340, 6340]
[3824, 140, 740, 520, 240, 540, 220, 260, 620, 900, 320, 300, 380, 360, 420, 360, 500, 440, 420, 580, 340, 6360]
[3825, 140, 740, 520, 240, 540, 220, 260, 620, 900, 320, 300, 380, 360, 420, 360, 500, 460, 420, 580, 340, 6380]
[3827, 140, 740, 520, 240, 540, 220, 260, 620, 900, 320, 300, 380, 360, 420, 360, 560, 460, 420, 580, 340, 6400]
[3844, 140, 740, 520, 240, 540, 220, 260, 620, 900, 320, 300, 380, 360, 440, 360, 560, 460, 420, 580, 340, 6420]
[3873, 140, 740, 520, 240, 540, 220, 260, 620, 920, 320, 300, 380, 360, 440, 360, 560, 460, 420, 580, 340, 6440]
[3875, 140, 740, 520, 240, 540, 220, 260, 620, 920, 320, 300, 380, 360, 440, 360, 560, 460, 440, 580, 340, 6460]
[3888, 140, 740, 520, 240, 540, 220, 260, 620, 920, 320, 320, 380, 360, 440, 360, 560, 460, 440, 580, 340, 6480]
[3906, 140, 740, 520, 240, 540, 220, 260, 620, 920, 320, 320, 380, 360, 440, 360, 560, 460, 440, 600, 340, 6500]
[3933, 140, 740, 520, 240, 540, 220, 260, 620, 920, 320, 320, 380, 360, 440, 360, 560, 460, 460, 600, 340, 6520]
[3953, 140, 740, 520, 240, 540, 220, 260, 620, 920, 320, 320, 380, 420, 440, 360, 560, 460, 460, 600, 340, 6540]
[3963, 140, 740, 520, 240, 540, 220, 260, 620, 920, 320, 320, 380, 420, 480, 360, 560, 460, 460, 600, 340, 6560]
[4003, 140, 740, 520, 240, 540, 220, 260, 620, 920, 320, 320, 380, 420, 480, 360, 600, 460, 460, 600, 340, 6580]
[4033, 140, 740, 520, 240, 540, 220, 260, 620, 920, 320, 340, 380, 420, 480, 360, 600, 460, 460, 600, 340, 6600]
[4043, 140, 740, 520, 280, 540, 220, 260, 620, 920, 320, 340, 380, 420, 480, 360, 600, 460, 460, 600, 340, 6620]
[4073, 140, 740, 520, 280, 540, 220, 260, 620, 920, 320, 340, 380, 420, 480, 360, 600, 460, 460, 640, 340, 6640]
[4080, 140, 740, 520, 280, 580, 220, 260, 620, 920, 320, 340, 380, 420, 480, 360, 600, 460, 460, 640, 340, 6660]
[4087, 140, 740, 520, 280, 580, 220, 260, 620, 920, 320, 340, 380, 420, 520, 360, 600, 460, 460, 640, 340, 6680]
[4104, 140, 740, 520, 280, 580, 220, 260, 620, 920, 320, 340, 380, 420, 520, 360, 600, 460, 520, 640, 340, 6700]
[4129, 140, 740, 520, 280, 580, 220, 260, 620, 920, 320, 340, 400, 420, 520, 360, 600, 460, 520, 640, 340, 6720]
[4130, 140, 740, 520, 280, 580, 220, 260, 620, 920, 320, 340, 400, 420, 520, 360, 620, 460, 520, 640, 340, 6740]
[4143, 140, 740, 520, 280, 580, 220, 260, 620, 920, 320, 340, 400, 420, 540, 360, 620, 460, 520, 640, 340, 6760]
[4151, 140, 740, 520, 280, 580, 220, 280, 620, 920, 320, 340, 400, 420, 540, 360, 620, 460, 520, 640, 340, 6780]
[4152, 140, 740, 520, 280, 580, 220, 280, 620, 920, 320, 340, 400, 440, 540, 360, 620, 460, 520, 640, 340, 6800]
[4171, 140, 740, 520, 280, 580, 220, 280, 620, 920, 320, 340, 400, 440, 540, 380, 620, 460, 520, 640, 340, 6820]
[4177, 140, 740, 540, 280, 580, 220, 280, 620, 920, 320, 340, 400, 440, 540, 380, 620, 460, 520, 640, 340, 6840]
[4198, 140, 740, 540, 280, 580, 220, 280, 620, 920, 320, 360, 400, 440, 540, 380, 620, 460, 520, 640, 340, 6860]
[4220, 140, 740, 540, 280, 580, 220, 280, 620, 920, 320, 360, 400, 440, 540, 380, 620, 460, 540, 640, 340, 6880]
[4257, 140, 780, 540, 280, 580, 220, 280, 620, 920, 320, 360, 400, 440, 540, 380, 620, 460, 540, 640, 340, 6900]
[4258, 140, 780, 540, 280, 580, 220, 280, 620, 920, 320, 360, 400, 440, 540, 380, 620, 480, 540, 640, 340, 6920]
[4281, 140, 780, 540, 280, 580, 220, 280, 620, 920, 340, 360, 400, 440, 540, 380, 620, 480, 540, 640, 340, 6940]
[4297, 140, 780, 540, 280, 580, 220, 280, 620, 920, 340, 360, 420, 440, 540, 380, 620, 480, 540, 640, 340, 6960]
[4312, 140, 780, 540, 280, 580, 220, 280, 620, 920, 340, 360, 420, 460, 540, 380, 620, 480, 540, 640, 340, 6980]
[4332, 140, 780, 540, 280, 580, 220, 300, 620, 920, 340, 360, 420, 460, 540, 380, 620, 480, 540, 640, 340, 7000]
[4333, 140, 780, 540, 280, 580, 220, 300, 620, 920, 340, 360, 420, 460, 540, 380, 620, 480, 540, 680, 340, 7020]
[4345, 140, 780, 540, 280, 580, 220, 300, 620, 920, 340, 360, 420, 460, 540, 400, 620, 480, 540, 680, 340, 7040]
[4350, 140, 780, 540, 280, 600, 220, 300, 620, 920, 340, 360, 420, 460, 540, 400, 620, 480, 540, 680, 340, 7060]
[4382, 140, 780, 540, 280, 600, 220, 300, 620, 960, 340, 360, 420, 460, 540, 400, 620, 480, 540, 680, 340, 7080]
[4400, 140, 780, 540, 280, 600, 220, 300, 620, 960, 340, 380, 420, 460, 540, 400, 620, 480, 540, 680, 340, 7100]
[4407, 140, 780, 540, 280, 600, 220, 300, 620, 960, 340, 380, 420, 460, 540, 400, 620, 480, 560, 680, 340, 7120]
[4408, 140, 800, 540, 280, 600, 220, 300, 620, 960, 340, 380, 420, 460, 540, 400, 620, 480, 560, 680, 340, 7140]
[4436, 140, 800, 540, 280, 600, 220, 300, 620, 960, 340, 380, 420, 460, 540, 400, 620, 480, 560, 700, 340, 7160]
[4462, 140, 800, 540, 280, 600, 240, 300, 620, 960, 340, 380, 420, 460, 540, 400, 620, 480, 560, 700, 340, 7180]
[4474, 140, 800, 540, 280, 600, 240, 300, 620, 960, 340, 380, 440, 460, 540, 400, 620, 480, 560, 700, 340, 7200]
[4490, 140, 800, 540, 280, 600, 240, 300, 620, 960, 340, 380, 440, 460, 540, 400, 620, 500, 560, 700, 340, 7220]
[4506, 140, 800, 540, 280, 600, 240, 300, 620, 960, 380, 380, 440, 460, 540, 400, 620, 500, 560, 700, 340, 7240]
[4511, 140, 800, 560, 280, 600, 240, 300, 620, 960, 380, 380, 440, 460, 540, 400, 620, 500, 560, 700, 340, 7260]
[4522, 140, 800, 560, 300, 600, 240, 300, 620, 960, 380, 380, 440, 460, 540, 400, 620, 500, 560, 700, 340, 7280]
[4526, 140, 800, 560, 300, 600, 240, 320, 620, 960, 380, 380, 440, 460, 540, 400, 620, 500, 560, 700, 340, 7300]
[4551, 140, 800, 560, 300, 600, 240, 320, 620, 960, 380, 380, 440, 460, 540, 400, 620, 500, 580, 700, 340, 7320]
[4567, 140, 800, 560, 300, 600, 240, 320, 620, 960, 380, 380, 440, 460, 580, 400, 620, 500, 580, 700, 340, 7340]
[4573, 140, 800, 560, 300, 600, 260, 320, 620, 960, 380, 380, 440, 460, 580, 400, 620, 500, 580, 700, 340, 7360]
[4585, 140, 800, 560, 300, 600, 260, 320, 620, 960, 380, 380, 440, 460, 580, 400, 660, 500, 580, 700, 340, 7380]
[4590, 140, 800, 560, 300, 600, 260, 320, 620, 980, 380, 380, 440, 460, 580, 400, 660, 500, 580, 700, 340, 7400]
[4610, 140, 800, 560, 300, 600, 260, 340, 620, 980, 380, 380, 440, 460, 580, 400, 660, 500, 580, 700, 340, 7420]
[4651, 140, 800, 560, 300, 600, 260, 340, 620, 980, 380, 380, 440, 460, 580, 400, 660, 500, 580, 720, 340, 7440]
[4656, 140, 800, 560, 300, 600, 260, 340, 620, 980, 380, 400, 440, 460, 580, 400, 660, 500, 580, 720, 340, 7460]
[4658, 140, 800, 560, 300, 600, 260, 340, 620, 980, 380, 400, 440, 460, 580, 400, 680, 500, 580, 720, 340, 7480]
[4662, 140, 800, 580, 300, 600, 260, 340, 620, 980, 380, 400, 440, 460, 580, 400, 680, 500, 580, 720, 340, 7500]
[4669, 140, 820, 580, 300, 600, 260, 340, 620, 980, 380, 400, 440, 460, 580, 400, 680, 500, 580, 720, 340, 7520]
[4686, 140, 820, 580, 300, 600, 260, 340, 620, 1000, 380, 400, 440, 460, 580, 400, 680, 500, 580, 720, 340, 7540]
[4691, 140, 820, 580, 300, 600, 260, 340, 620, 1000, 380, 400, 440, 460, 580, 400, 680, 520, 580, 720, 340, 7560]
[4702, 180, 820, 580, 300, 600, 260, 340, 620, 1000, 380, 400, 440, 460, 580, 400, 680, 520, 580, 720, 340, 7580]
[4731, 180, 820, 580, 300, 600, 260, 340, 620, 1000, 380, 420, 440, 460, 580, 400, 680, 520, 580, 720, 340, 7600]
[4733, 180, 820, 600, 300, 600, 260, 340, 620, 1000, 380, 420, 440, 460, 580, 400, 680, 520, 580, 720, 340, 7620]
[4753, 180, 820, 600, 300, 600, 260, 340, 620, 1000, 380, 420, 440, 460, 580, 400, 700, 520, 580, 720, 340, 7640]
[4759, 180, 820, 600, 300, 600, 260, 340, 620, 1000, 380, 420, 440, 520, 580, 400, 700, 520, 580, 720, 340, 7660]
[4765, 180, 820, 600, 300, 600, 260, 360, 620, 1000, 380, 420, 440, 520, 580, 400, 700, 520, 580, 720, 340, 7680]
[4778, 180, 820, 620, 300, 600, 260, 360, 620, 1000, 380, 420, 440, 520, 620, 400, 700, 520, 580, 720, 340, 7720]
[4782, 180, 820, 620, 300, 600, 260, 360, 620, 1000, 380, 440, 440, 520, 620, 400, 700, 520, 580, 720, 340, 7740]
[4814, 180, 820, 620, 300, 600, 300, 360, 620, 1000, 380, 440, 440, 520, 620, 400, 700, 520, 580, 720, 340, 7760]
[4839, 180, 820, 620, 300, 600, 300, 360, 620, 1020, 380, 440, 440, 520, 620, 400, 700, 520, 580, 720, 340, 7780]
[4860, 180, 820, 620, 300, 600, 300, 360, 620, 1020, 380, 440, 440, 520, 620, 400, 700, 540, 580, 720, 340, 7800]
[4871, 180, 840, 620, 300, 600, 300, 360, 660, 1020, 380, 440, 440, 520, 640, 400, 700, 540, 580, 720, 340, 7860]
[4873, 180, 840, 620, 300, 600, 300, 360, 660, 1020, 380, 440, 440, 520, 640, 400, 700, 540, 600, 720, 340, 7880]
[4903, 180, 840, 620, 300, 600, 300, 360, 660, 1020, 380, 440, 440, 520, 640, 400, 720, 540, 600, 720, 340, 7900]
[4913, 180, 840, 620, 300, 600, 300, 360, 660, 1020, 380, 460, 440, 520, 640, 400, 720, 540, 600, 720, 340, 7920]
[4914, 180, 840, 620, 300, 600, 300, 360, 660, 1020, 380, 460, 440, 540, 640, 400, 720, 540, 600, 720, 340, 7940]
[4916, 180, 840, 620, 300, 600, 300, 360, 660, 1020, 380, 460, 440, 540, 640, 400, 720, 560, 600, 720, 340, 7960]
[4943, 180, 840, 640, 300, 600, 300, 360, 660, 1020, 380, 460, 440, 540, 640, 400, 720, 560, 600, 720, 340, 7980]
[4950, 180, 840, 640, 300, 600, 300, 360, 660, 1020, 380, 460, 440, 540, 640, 400, 720, 560, 620, 720, 340, 8000]
[4966, 180, 840, 640, 300, 600, 300, 360, 660, 1020, 380, 460, 480, 540, 640, 400, 720, 560, 620, 720, 440, 8040]
[4977, 180, 840, 640, 300, 600, 300, 360, 680, 1020, 380, 460, 480, 540, 640, 400, 720, 560, 620, 720, 440, 8060]
[4983, 180, 840, 640, 300, 600, 300, 360, 680, 1020, 380, 460, 480, 540, 640, 400, 720, 580, 620, 720, 440, 8080]
[4985, 180, 840, 640, 300, 600, 300, 360, 680, 1020, 380, 460, 480, 540, 640, 420, 720, 580, 620, 720, 440, 8100]
[4993, 180, 840, 640, 300, 600, 320, 360, 680, 1020, 380, 460, 480, 540, 640, 420, 720, 580, 620, 720, 440, 8120]
[5008, 180, 840, 640, 300, 600, 320, 360, 680, 1020, 380, 480, 480, 540, 640, 420, 720, 580, 620, 720, 440, 8140]
[5029, 180, 840, 640, 300, 600, 320, 360, 680, 1020, 380, 480, 480, 540, 640, 420, 720, 580, 620, 740, 440, 8160]
[5034, 180, 840, 640, 300, 600, 320, 360, 680, 1020, 380, 480, 480, 560, 640, 420, 720, 580, 620, 740, 440, 8180]
[5036, 180, 840, 640, 300, 600, 320, 360, 680, 1020, 380, 480, 480, 560, 660, 420, 720, 580, 620, 740, 440, 8200]
[5043, 180, 840, 640, 300, 600, 320, 360, 680, 1020, 380, 480, 480, 560, 660, 420, 740, 580, 620, 740, 440, 8220]
[5067, 180, 840, 640, 300, 600, 320, 380, 680, 1020, 380, 480, 480, 560, 660, 420, 740, 580, 620, 740, 440, 8240]
[5084, 180, 840, 640, 300, 600, 320, 380, 680, 1020, 380, 500, 480, 560, 660, 420, 740, 580, 620, 740, 440, 8260]
[5097, 180, 840, 640, 300, 600, 320, 380, 680, 1020, 380, 500, 480, 580, 660, 420, 740, 580, 620, 740, 440, 8280]
[5121, 180, 840, 640, 300, 600, 320, 380, 680, 1020, 380, 500, 480, 580, 660, 420, 760, 580, 620, 740, 440, 8300]
[5135, 180, 840, 640, 300, 600, 320, 380, 680, 1020, 380, 500, 480, 580, 680, 420, 760, 580, 620, 740, 440, 8320]
[5147, 180, 840, 640, 300, 720, 320, 380, 680, 1020, 380, 500, 480, 580, 680, 420, 760, 580, 620, 740, 440, 8340]
[5153, 180, 840, 640, 300, 720, 320, 380, 680, 1020, 380, 500, 480, 580, 680, 440, 760, 580, 620, 740, 440, 8360]
[5179, 180, 840, 640, 300, 720, 320, 380, 680, 1020, 380, 500, 480, 580, 680, 440, 760, 580, 640, 740, 440, 8380]
[5214, 180, 840, 640, 300, 720, 320, 380, 720, 1020, 380, 500, 480, 580, 680, 440, 760, 580, 640, 740, 440, 8400]
[5216, 180, 840, 640, 300, 720, 320, 380, 720, 1020, 380, 500, 480, 600, 680, 440, 760, 580, 640, 740, 440, 8420]
[5245, 180, 840, 640, 300, 720, 320, 400, 720, 1020, 380, 500, 480, 600, 680, 440, 760, 580, 640, 740, 440, 8440]
[5262, 180, 840, 640, 340, 720, 320, 400, 720, 1020, 380, 500, 480, 600, 680, 440, 760, 580, 640, 740, 440, 8460]
[5265, 180, 840, 640, 340, 720, 320, 400, 720, 1020, 380, 500, 480, 600, 680, 440, 760, 580, 640, 740, 460, 8480]
[5268, 180, 840, 640, 340, 720, 320, 400, 720, 1020, 480, 500, 480, 600, 680, 440, 760, 580, 640, 740, 460, 8500]
[5273, 180, 840, 640, 340, 720, 320, 400, 720, 1020, 480, 500, 480, 600, 700, 440, 760, 580, 640, 740, 460, 8520]
[5320, 180, 840, 640, 340, 720, 320, 400, 720, 1020, 480, 500, 560, 600, 700, 440, 760, 580, 640, 740, 460, 8540]
[5351, 180, 840, 640, 340, 720, 320, 400, 720, 1020, 500, 500, 560, 600, 700, 440, 760, 580, 640, 740, 460, 8560]
[5358, 180, 840, 640, 340, 720, 320, 400, 740, 1020, 500, 500, 560, 600, 700, 440, 760, 580, 640, 740, 460, 8580]
[5361, 180, 840, 640, 340, 720, 320, 400, 740, 1020, 500, 500, 560, 600, 700, 440, 760, 620, 640, 740, 460, 8600]
[5378, 180, 840, 640, 340, 720, 320, 400, 740, 1020, 500, 500, 560, 600, 700, 480, 760, 620, 640, 740, 460, 8620]
[5385, 180, 840, 640, 340, 720, 320, 400, 740, 1020, 500, 500, 580, 600, 700, 480, 760, 620, 640, 740, 460, 8640]
[5402, 180, 840, 640, 340, 720, 320, 420, 740, 1020, 500, 500, 580, 600, 700, 480, 760, 620, 640, 740, 460, 8660]
[5403, 180, 840, 640, 340, 720, 320, 420, 740, 1020, 500, 500, 580, 600, 700, 480, 760, 620, 640, 740, 480, 8680]
[5418, 180, 840, 640, 340, 720, 320, 420, 740, 1020, 500, 540, 580, 600, 700, 480, 760, 620, 640, 740, 480, 8700]
[5419, 240, 840, 640, 340, 720, 320, 420, 740, 1020, 500, 540, 580, 600, 700, 480, 760, 620, 640, 740, 480, 8720]
[5451, 240, 840, 640, 340, 720, 320, 420, 740, 1020, 500, 540, 580, 600, 700, 480, 760, 620, 660, 740, 480, 8740]
[5458, 240, 840, 640, 340, 720, 320, 420, 740, 1020, 500, 540, 580, 620, 700, 480, 760, 620, 660, 740, 480, 8760]
[5477, 240, 840, 640, 340, 720, 320, 440, 740, 1020, 500, 540, 580, 620, 700, 480, 760, 620, 660, 740, 480, 8780]
[5501, 240, 840, 640, 340, 720, 320, 440, 740, 1020, 500, 540, 580, 620, 700, 480, 800, 620, 660, 740, 480, 8800]
[5514, 240, 840, 640, 340, 720, 320, 440, 760, 1020, 500, 540, 580, 620, 700, 480, 800, 620, 660, 740, 480, 8820]
[5539, 260, 840, 640, 340, 720, 320, 440, 760, 1020, 500, 540, 580, 620, 700, 480, 800, 620, 660, 740, 480, 8840]
[5544, 260, 840, 640, 340, 720, 320, 440, 760, 1020, 500, 540, 600, 620, 700, 480, 800, 620, 660, 740, 480, 8860]
[5558, 260, 840, 640, 340, 720, 360, 440, 760, 1020, 500, 540, 600, 620, 700, 480, 800, 620, 660, 740, 480, 8880]
[5562, 260, 840, 640, 340, 720, 360, 440, 760, 1020, 500, 560, 600, 620, 700, 480, 800, 620, 660, 740, 480, 8900]
[5564, 260, 840, 640, 340, 720, 360, 440, 760, 1020, 500, 560, 600, 620, 700, 500, 800, 620, 660, 740, 480, 8920]
[5568, 260, 840, 640, 340, 720, 360, 440, 760, 1020, 500, 560, 600, 620, 700, 500, 800, 620, 660, 740, 500, 8940]
[5573, 260, 860, 640, 340, 720, 360, 440, 760, 1020, 500, 560, 600, 620, 700, 500, 800, 620, 660, 740, 500, 8960]
[5584, 260, 860, 640, 340, 720, 360, 440, 760, 1020, 500, 560, 600, 620, 700, 500, 800, 640, 660, 740, 500, 8980]
[5601, 260, 860, 640, 340, 720, 360, 440, 760, 1020, 500, 560, 600, 640, 700, 500, 800, 640, 660, 740, 500, 9000]
[5616, 260, 860, 640, 380, 720, 360, 440, 760, 1020, 500, 560, 600, 640, 700, 500, 800, 640, 660, 740, 500, 9020]
[5626, 260, 860, 640, 380, 720, 360, 440, 760, 1020, 500, 560, 620, 640, 700, 500, 800, 640, 660, 740, 500, 9040]
[5636, 260, 860, 640, 380, 720, 360, 440, 760, 1020, 500, 560, 620, 640, 700, 500, 800, 640, 660, 840, 500, 9060]
[5641, 280, 860, 640, 380, 720, 360, 440, 760, 1020, 500, 560, 620, 640, 700, 500, 800, 640, 660, 840, 500, 9080]
[5657, 280, 860, 640, 380, 720, 360, 460, 760, 1020, 500, 560, 620, 640, 700, 500, 800, 640, 660, 840, 500, 9100]
[5660, 280, 860, 640, 380, 720, 360, 460, 760, 1020, 500, 560, 620, 640, 760, 500, 800, 640, 660, 840, 500, 9120]
[5664, 280, 860, 640, 380, 720, 360, 460, 760, 1020, 520, 560, 620, 640, 760, 500, 800, 640, 660, 840, 500, 9140]
[5683, 280, 860, 640, 380, 720, 360, 460, 760, 1020, 520, 560, 620, 640, 760, 500, 800, 640, 660, 860, 500, 9160]
[5704, 280, 860, 640, 380, 720, 360, 460, 760, 1020, 520, 560, 660, 640, 760, 500, 800, 640, 660, 860, 500, 9180]
[5706, 280, 860, 640, 400, 720, 360, 460, 760, 1020, 520, 560, 660, 640, 760, 500, 800, 660, 660, 860, 500, 9220]
[5713, 280, 860, 640, 400, 720, 360, 460, 760, 1020, 520, 560, 660, 640, 760, 520, 800, 660, 660, 860, 500, 9240]
[5739, 280, 860, 640, 400, 720, 360, 460, 760, 1060, 520, 560, 660, 640, 760, 520, 800, 660, 660, 860, 500, 9260]
[5756, 280, 860, 640, 400, 720, 380, 460, 760, 1060, 520, 560, 660, 640, 760, 520, 800, 660, 660, 860, 500, 9280]
[5763, 300, 860, 640, 400, 720, 380, 460, 760, 1060, 520, 560, 660, 640, 760, 520, 800, 660, 660, 860, 500, 9300]
[5772, 300, 860, 640, 400, 720, 380, 460, 760, 1060, 520, 560, 660, 640, 760, 520, 800, 660, 680, 860, 500, 9320]
[5783, 300, 860, 640, 400, 720, 380, 460, 760, 1060, 520, 560, 660, 640, 780, 520, 800, 660, 680, 860, 500, 9340]
[5789, 300, 860, 640, 400, 720, 380, 460, 760, 1060, 520, 560, 660, 660, 780, 520, 800, 660, 680, 860, 500, 9360]
[5790, 300, 860, 640, 400, 720, 380, 460, 760, 1060, 520, 560, 660, 660, 780, 520, 820, 660, 680, 860, 500, 9380]
[5798, 300, 860, 640, 400, 720, 380, 460, 760, 1060, 520, 560, 700, 660, 780, 520, 820, 660, 680, 860, 500, 9400]
[5803, 300, 860, 640, 400, 720, 380, 460, 760, 1060, 520, 560, 700, 660, 780, 520, 820, 660, 680, 860, 520, 9420]
[5836, 300, 860, 640, 400, 720, 380, 460, 780, 1060, 520, 560, 700, 660, 780, 520, 820, 660, 680, 860, 520, 9440]
[5837, 320, 860, 640, 400, 720, 380, 460, 780, 1060, 520, 560, 700, 660, 780, 520, 820, 660, 680, 860, 520, 9460]
[5840, 320, 860, 640, 400, 720, 380, 460, 780, 1060, 520, 560, 700, 660, 780, 520, 820, 660, 680, 920, 520, 9480]
[5854, 320, 860, 640, 400, 720, 380, 460, 780, 1060, 520, 560, 700, 660, 800, 520, 820, 660, 680, 920, 520, 9500]
[5865, 320, 860, 640, 420, 720, 380, 460, 780, 1060, 520, 560, 700, 660, 800, 520, 820, 660, 680, 920, 520, 9520]
[5903, 320, 880, 640, 420, 720, 380, 460, 780, 1060, 520, 560, 700, 660, 800, 520, 820, 660, 680, 920, 520, 9540]
[5904, 320, 880, 640, 420, 720, 380, 460, 780, 1060, 520, 560, 700, 660, 800, 520, 820, 680, 680, 920, 520, 9560]
[5919, 320, 880, 640, 420, 720, 380, 460, 780, 1060, 520, 560, 740, 660, 800, 520, 820, 680, 680, 920, 520, 9580]
[5946, 320, 880, 640, 420, 720, 380, 460, 780, 1060, 520, 600, 740, 660, 800, 520, 820, 680, 680, 920, 520, 9600]
[5953, 320, 880, 640, 420, 720, 380, 460, 780, 1060, 520, 600, 760, 660, 800, 520, 820, 680, 680, 920, 520, 9620]
[5969, 320, 880, 660, 420, 720, 380, 460, 780, 1060, 520, 600, 760, 660, 800, 520, 820, 680, 680, 920, 520, 9640]
[5974, 320, 880, 660, 420, 720, 380, 460, 780, 1060, 520, 600, 760, 660, 800, 520, 820, 680, 680, 980, 520, 9660]
[5996, 320, 880, 660, 420, 720, 380, 460, 780, 1060, 520, 600, 760, 660, 800, 520, 840, 680, 680, 980, 520, 9680]
[6003, 320, 880, 660, 420, 720, 380, 460, 780, 1060, 520, 600, 760, 660, 820, 520, 840, 680, 680, 980, 520, 9700]
[6017, 320, 880, 660, 420, 720, 380, 460, 780, 1060, 520, 600, 780, 660, 820, 520, 840, 680, 680, 980, 520, 9720]
[6034, 320, 880, 660, 420, 720, 380, 480, 780, 1060, 520, 600, 780, 660, 820, 520, 840, 680, 680, 980, 520, 9740]
[6040, 320, 880, 660, 420, 720, 380, 480, 780, 1060, 520, 600, 780, 660, 820, 520, 840, 700, 680, 980, 520, 9760]
[6045, 320, 900, 660, 420, 720, 380, 480, 780, 1060, 520, 600, 780, 660, 820, 520, 840, 700, 680, 980, 520, 9780]
[6058, 320, 900, 660, 420, 780, 380, 480, 780, 1060, 520, 600, 800, 660, 820, 520, 840, 700, 680, 980, 520, 9820]
[6062, 320, 900, 660, 420, 780, 380, 480, 780, 1060, 520, 600, 800, 680, 820, 520, 840, 700, 680, 980, 520, 9840]
[6068, 320, 900, 660, 420, 780, 380, 480, 780, 1060, 520, 600, 800, 680, 820, 520, 840, 700, 700, 980, 520, 9860]
[6075, 340, 900, 660, 420, 780, 380, 480, 780, 1060, 520, 600, 800, 680, 820, 520, 840, 700, 700, 980, 520, 9880]
[6078, 340, 900, 660, 420, 780, 380, 480, 780, 1060, 520, 600, 800, 680, 820, 520, 840, 700, 700, 1020, 520, 9900]
[6112, 340, 900, 660, 420, 780, 380, 480, 780, 1060, 540, 600, 800, 680, 820, 520, 840, 700, 700, 1020, 520, 9920]
[6123, 340, 900, 660, 420, 780, 380, 480, 780, 1060, 540, 600, 800, 680, 820, 520, 840, 700, 700, 1020, 560, 9940]
[6138, 340, 900, 660, 420, 780, 380, 480, 780, 1060, 540, 600, 820, 680, 820, 520, 840, 700, 700, 1020, 560, 9960]
[6145, 340, 900, 660, 420, 780, 380, 480, 780, 1060, 540, 600, 820, 680, 820, 520, 840, 720, 700, 1020, 560, 9980]
[6170, 340, 900, 660, 420, 780, 380, 480, 780, 1060, 540, 600, 820, 680, 820, 520, 840, 720, 720, 1020, 560, 10000]
[6177, 340, 900, 660, 420, 780, 380, 480, 780, 1060, 540, 600, 820, 700, 820, 520, 840, 720, 720, 1020, 560, 10020]
[6181, 340, 900, 660, 420, 780, 380, 480, 780, 1060, 540, 600, 820, 700, 820, 580, 840, 720, 720, 1020, 560, 10040]
[6183, 340, 900, 660, 420, 780, 380, 480, 780, 1060, 540, 600, 820, 700, 820, 580, 860, 720, 720, 1020, 560, 10060]
[6188, 340, 900, 660, 420, 780, 380, 480, 780, 1100, 540, 600, 820, 700, 820, 580, 860, 720, 720, 1020, 560, 10080]
[6200, 340, 900, 660, 420, 780, 380, 480, 780, 1100, 540, 600, 820, 700, 820, 580, 860, 720, 720, 1020, 580, 10100]
[6209, 340, 900, 660, 420, 800, 380, 480, 780, 1100, 540, 600, 820, 700, 820, 580, 860, 720, 720, 1020, 580, 10120]
[6260, 340, 900, 660, 420, 800, 380, 480, 780, 1100, 540, 600, 820, 700, 820, 580, 860, 720, 740, 1020, 580, 10140]
[6267, 340, 900, 660, 420, 800, 380, 480, 780, 1100, 540, 600, 820, 700, 840, 580, 860, 720, 740, 1020, 580, 10160]
[6309, 340, 900, 660, 420, 800, 380, 480, 780, 1100, 560, 600, 820, 700, 840, 580, 860, 720, 740, 1020, 580, 10180]
[6319, 340, 900, 660, 420, 800, 380, 480, 780, 1100, 560, 600, 820, 700, 860, 580, 860, 720, 760, 1020, 580, 10220]
[6324, 340, 900, 660, 420, 800, 380, 480, 780, 1100, 560, 600, 820, 700, 860, 580, 860, 740, 760, 1020, 580, 10240]
