[1, 0, 0, 0, 0, 0, 0, 0, 0, 0, 0, 0, 0, 0, 0, 0, 0, 0, 0, 0, 0, 0]
[40, 0, 0, 0, 0, 0, 0, 0, 0, 0, 0, 0, 0, 0, 0, 0, 0, 20, 0, 0, 0, 20]
[74, 0, 0, 0, 0, 0, 0, 0, 0, 0, 0, 0, 0, 0, 0, 0, 0, 40, 0, 0, 0, 40]
[110, 0, 0, 0, 0, 0, 0, 0, 0, 0, 0, 0, 0, 0, 0, 0, 0, 60, 0, 0, 0, 60]
[116, 0, 0, 0, 0, 0, 0, 0, 0, 0, 0, 0, 0, 0, 20, 0, 0, 60, 0, 0, 0, 80]
[118, 0, 0, 0, 0, 0, 0, 0, 0, 0, 0, 0, 20, 0, 20, 0, 0, 60, 0, 0, 0, 100]
[144, 0, 0, 0, 0, 0, 0, 0, 0, 0, 0, 0, 20, 0, 20, 20, 0, 60, 0, 0, 0, 120]
[146, 0, 20, 0, 0, 0, 0, 0, 0, 0, 0, 0, 20, 0, 20, 20, 0, 60, 0, 0, 0, 140]
[162, 0, 20, 0, 0, 0, 0, 0, 0, 0, 0, 0, 20, 0, 40, 20, 20, 60, 0, 0, 0, 180]
[166, 0, 20, 0, 0, 0, 0, 0, 0, 0, 0, 0, 20, 0, 40, 20, 20, 80, 0, 0, 0, 200]
[184, 0, 20, 40, 0, 0, 0, 0, 0, 0, 0, 0, 20, 0, 40, 20, 20, 80, 0, 0, 0, 220]
[185, 0, 20, 40, 0, 0, 0, 40, 0, 0, 0, 0, 20, 0, 40, 20, 20, 80, 0, 0, 0, 240]
[195, 0, 40, 40, 0, 0, 0, 40, 0, 0, 0, 0, 20, 0, 40, 20, 20, 80, 0, 0, 0, 260]
[208, 0, 40, 40, 0, 0, 0, 40, 0, 0, 0, 0, 20, 0, 60, 20, 20, 80, 0, 0, 0, 280]
[226, 0, 40, 40, 0, 0, 0, 40, 0, 0, 0, 20, 20, 0, 60, 20, 20, 80, 0, 0, 0, 300]
[229, 0, 40, 60, 0, 0, 0, 40, 0, 0, 0, 20, 20, 0, 60, 20, 20, 80, 0, 0, 0, 320]
[231, 0, 40, 60, 0, 0, 0, 40, 0, 0, 0, 20, 20, 0, 60, 20, 40, 80, 0, 0, 0, 340]
[233, 0, 60, 60, 0, 0, 0, 40, 0, 0, 0, 20, 20, 0, 60, 20, 40, 80, 0, 0, 0, 360]
[234, 0, 60, 60, 0, 0, 0, 40, 0, 0, 0, 20, 20, 0, 60, 20, 40, 80, 0, 40, 0, 380]
[238, 0, 60, 60, 0, 0, 0, 40, 0, 0, 0, 20, 20, 0, 60, 20, 40, 100, 0, 40, 0, 400]
[243, 0, 60, 60, 0, 0, 0, 40, 0, 0, 60, 20, 20, 0, 60, 20, 40, 100, 0, 40, 0, 420]
[272, 0, 60, 60, 0, 0, 0, 60, 0, 0, 60, 20, 20, 0, 60, 20, 40, 100, 0, 40, 0, 440]
[276, 0, 60, 60, 0, 0, 0, 60, 0, 0, 60, 20, 20, 0, 60, 20, 40, 100, 0, 40, 40, 460]
[290, 0, 60, 60, 0, 0, 20, 60, 0, 0, 60, 20, 20, 0, 60, 20, 40, 100, 0, 40, 40, 480]
[294, 0, 60, 60, 0, 0, 20, 60, 0, 0, 80, 20, 20, 0, 100, 20, 40, 100, 0, 40, 40, 520]
[311, 0, 60, 100, 0, 0, 20, 60, 0, 0, 80, 20, 20, 0, 100, 20, 40, 100, 0, 40, 40, 540]
[315, 0, 100, 100, 0, 0, 20, 60, 0, 0, 80, 20, 20, 0, 100, 20, 40, 100, 0, 40, 40, 560]
[319, 0, 100, 100, 0, 0, 20, 60, 0, 80, 80, 20, 20, 0, 100, 20, 40, 100, 0, 40, 40, 580]
[332, 0, 100, 100, 0, 0, 20, 60, 0, 80, 80, 20, 20, 0, 100, 20, 40, 120, 0, 40, 40, 600]
[340, 0, 100, 100, 0, 0, 20, 60, 0, 80, 80, 20, 20, 0, 100, 20, 60, 120, 0, 40, 40, 620]
[353, 0, 120, 100, 0, 0, 20, 60, 0, 80, 80, 20, 20, 0, 100, 20, 60, 120, 0, 40, 40, 640]
[358, 0, 120, 100, 0, 0, 20, 60, 0, 80, 80, 20, 20, 0, 100, 20, 60, 120, 0, 40, 60, 660]
[363, 0, 120, 100, 0, 0, 20, 80, 0, 80, 80, 20, 20, 0, 100, 20, 60, 120, 0, 40, 60, 680]
[387, 0, 140, 100, 0, 0, 20, 80, 0, 80, 80, 20, 20, 0, 100, 20, 60, 120, 0, 40, 60, 700]
[425, 0, 160, 160, 0, 0, 20, 80, 0, 80, 80, 20, 20, 0, 100, 20, 60, 120, 0, 40, 60, 740]
[439, 0, 160, 160, 20, 0, 20, 80, 0, 80, 80, 20, 20, 0, 100, 20, 60, 120, 0, 40, 60, 760]
[470, 0, 160, 180, 20, 0, 20, 80, 0, 80, 80, 20, 20, 0, 100, 20, 60, 120, 0, 40, 60, 780]
[498, 0, 160, 180, 20, 0, 20, 80, 0, 80, 80, 60, 20, 0, 100, 20, 60, 120, 0, 40, 60, 800]
[499, 0, 160, 180, 20, 0, 20, 80, 0, 80, 80, 60, 20, 0, 100, 20, 60, 120, 40, 40, 60, 820]
[512, 0, 160, 180, 20, 0, 20, 80, 0, 80, 80, 60, 20, 0, 100, 20, 60, 120, 40, 40, 80, 840]
[522, 0, 160, 180, 20, 0, 20, 80, 0, 80, 80, 60, 20, 0, 100, 20, 80, 120, 40, 40, 80, 860]
[530, 0, 160, 180, 20, 0, 20, 80, 0, 80, 120, 60, 20, 0, 100, 20, 80, 120, 40, 40, 80, 880]
[564, 0, 160, 180, 20, 0, 20, 80, 0, 80, 120, 60, 20, 40, 100, 20, 80, 120, 40, 40, 80, 900]
[579, 0, 240, 240, 20, 0, 20, 80, 0, 80, 120, 60, 20, 40, 100, 20, 80, 120, 40, 40, 80, 940]
[589, 0, 240, 240, 20, 0, 20, 80, 0, 80, 120, 60, 20, 40, 100, 20, 80, 120, 60, 40, 80, 960]
[596, 20, 240, 240, 20, 0, 20, 80, 0, 80, 120, 60, 20, 40, 100, 20, 80, 120, 60, 40, 80, 980]
[616, 20, 260, 260, 20, 0, 20, 80, 0, 80, 120, 60, 20, 40, 100, 20, 80, 120, 60, 40, 80, 1020]
[627, 20, 260, 260, 20, 0, 20, 80, 0, 80, 120, 60, 20, 60, 100, 20, 80, 120, 60, 40, 80, 1040]
[633, 20, 260, 260, 20, 0, 20, 80, 0, 80, 120, 60, 20, 60, 160, 20, 80, 120, 60, 40, 80, 1060]
[640, 20, 260, 260, 20, 0, 20, 80, 0, 80, 120, 60, 20, 60, 160, 20, 80, 120, 60, 60, 80, 1080]
[653, 20, 260, 260, 20, 0, 20, 80, 0, 80, 120, 60, 20, 60, 160, 60, 80, 120, 60, 60, 80, 1100]
[678, 20, 260, 260, 60, 0, 20, 80, 0, 80, 120, 60, 20, 60, 160, 60, 80, 120, 60, 60, 80, 1120]
[691, 20, 260, 260, 60, 0, 20, 80, 0, 80, 120, 80, 20, 60, 160, 60, 80, 120, 60, 60, 80, 1140]
[692, 20, 260, 260, 60, 0, 20, 100, 0, 80, 120, 80, 20, 60, 160, 60, 80, 120, 60, 60, 80, 1160]
[705, 20, 260, 300, 60, 0, 20, 100, 0, 80, 120, 80, 20, 60, 160, 60, 80, 120, 60, 60, 80, 1180]
[712, 20, 260, 300, 60, 0, 20, 100, 0, 80, 120, 80, 20, 60, 160, 60, 120, 120, 60, 60, 80, 1200]
[722, 20, 260, 300, 60, 0, 20, 100, 0, 80, 120, 80, 20, 60, 160, 60, 120, 120, 60, 80, 80, 1220]
[743, 20, 260, 300, 60, 0, 20, 100, 0, 80, 120, 80, 20, 80, 160, 60, 120, 120, 60, 80, 80, 1240]
[750, 20, 260, 320, 60, 0, 60, 100, 0, 80, 120, 80, 20, 80, 160, 60, 120, 120, 60, 80, 80, 1280]
[774, 20, 260, 320, 60, 0, 60, 100, 0, 80, 120, 100, 20, 80, 160, 60, 120, 120, 60, 80, 80, 1300]
[782, 20, 260, 320, 60, 0, 60, 100, 0, 80, 120, 100, 60, 80, 160, 60, 120, 120, 60, 80, 80, 1320]
[799, 20, 260, 340, 60, 0, 60, 100, 0, 80, 120, 100, 60, 80, 160, 60, 120, 120, 100, 80, 80, 1360]
[823, 20, 260, 340, 60, 0, 60, 100, 0, 80, 120, 100, 60, 80, 160, 60, 120, 120, 100, 100, 80, 1380]
[832, 20, 260, 340, 60, 0, 60, 100, 0, 80, 120, 100, 60, 80, 160, 60, 120, 120, 100, 100, 100, 1400]
[836, 20, 260, 340, 60, 0, 60, 100, 20, 80, 120, 100, 60, 80, 160, 60, 120, 120, 100, 100, 100, 1420]
[837, 20, 260, 360, 60, 0, 60, 100, 20, 80, 120, 100, 60, 80, 160, 60, 120, 120, 100, 100, 100, 1440]
[863, 20, 260, 360, 60, 0, 60, 100, 20, 80, 120, 100, 60, 100, 160, 60, 120, 120, 100, 100, 100, 1460]
[875, 20, 260, 380, 60, 0, 80, 100, 20, 80, 120, 100, 60, 100, 160, 60, 120, 120, 100, 100, 100, 1500]
[883, 20, 260, 380, 60, 0, 80, 100, 20, 80, 120, 100, 60, 100, 160, 60, 120, 120, 120, 100, 100, 1520]
[901, 20, 260, 380, 60, 0, 80, 100, 20, 80, 120, 100, 60, 100, 160, 60, 140, 120, 120, 100, 100, 1540]
[917, 20, 400, 380, 60, 0, 80, 100, 20, 80, 120, 100, 60, 100, 160, 60, 140, 120, 120, 100, 100, 1560]
[927, 20, 400, 380, 60, 0, 80, 100, 20, 80, 120, 100, 60, 100, 160, 60, 140, 120, 120, 100, 120, 1580]
[930, 20, 400, 400, 60, 0, 80, 100, 20, 80, 120, 100, 60, 100, 160, 60, 140, 120, 120, 100, 120, 1600]
[942, 40, 400, 400, 60, 0, 80, 100, 20, 80, 120, 100, 60, 100, 160, 60, 140, 120, 120, 100, 120, 1620]
[951, 40, 400, 400, 60, 0, 80, 100, 20, 80, 120, 100, 60, 100, 160, 60, 140, 120, 120, 140, 120, 1640]
[958, 40, 420, 400, 60, 0, 80, 100, 20, 80, 120, 100, 60, 100, 160, 60, 140, 120, 120, 140, 120, 1660]
[968, 40, 420, 400, 60, 0, 80, 100, 20, 80, 120, 100, 60, 100, 160, 60, 160, 120, 120, 140, 120, 1680]
[1004, 40, 440, 400, 60, 0, 80, 100, 20, 80, 120, 100, 60, 100, 160, 60, 160, 120, 120, 140, 120, 1700]
[1007, 40, 440, 400, 60, 0, 80, 100, 20, 80, 120, 100, 60, 100, 160, 60, 160, 200, 120, 140, 120, 1720]
[1016, 40, 440, 400, 60, 0, 80, 100, 20, 80, 120, 100, 60, 100, 160, 100, 160, 200, 120, 140, 120, 1740]
[1017, 40, 440, 400, 60, 0, 80, 100, 20, 80, 120, 120, 60, 100, 160, 100, 160, 200, 120, 140, 120, 1760]
[1039, 40, 440, 400, 60, 0, 80, 100, 20, 80, 120, 120, 60, 100, 160, 100, 160, 200, 120, 160, 120, 1780]
[1042, 40, 440, 400, 60, 0, 80, 100, 40, 80, 120, 120, 60, 120, 160, 100, 160, 200, 120, 160, 120, 1820]
[1049, 40, 440, 400, 60, 0, 80, 100, 40, 80, 120, 120, 60, 120, 160, 100, 180, 200, 120, 160, 120, 1840]
[1056, 40, 440, 440, 60, 0, 80, 100, 40, 80, 120, 120, 60, 120, 160, 100, 180, 200, 120, 160, 120, 1860]
[1106, 40, 440, 440, 60, 0, 80, 100, 40, 80, 120, 120, 60, 120, 160, 100, 200, 200, 120, 160, 120, 1880]
[1115, 40, 440, 440, 60, 0, 80, 100, 40, 80, 120, 120, 60, 120, 160, 100, 200, 200, 120, 180, 120, 1900]
[1124, 40, 440, 440, 60, 0, 80, 100, 40, 100, 120, 120, 60, 120, 160, 100, 200, 200, 120, 180, 120, 1920]
[1126, 40, 440, 440, 60, 0, 80, 100, 40, 100, 120, 120, 60, 120, 160, 100, 200, 200, 120, 180, 140, 1940]
[1130, 40, 440, 460, 60, 0, 80, 100, 40, 100, 120, 120, 60, 120, 160, 100, 200, 200, 120, 180, 140, 1960]
[1137, 40, 440, 460, 60, 0, 80, 100, 40, 100, 120, 120, 60, 120, 160, 120, 200, 200, 120, 180, 140, 1980]
[1145, 40, 480, 460, 60, 0, 80, 100, 40, 100, 120, 120, 60, 120, 160, 120, 200, 200, 120, 180, 140, 2000]
[1147, 40, 480, 460, 60, 60, 80, 100, 40, 100, 120, 120, 60, 120, 160, 120, 200, 200, 120, 180, 140, 2020]
[1165, 40, 480, 460, 60, 60, 100, 100, 40, 100, 120, 120, 60, 120, 160, 120, 200, 200, 120, 180, 140, 2040]
[1177, 40, 480, 460, 60, 60, 100, 100, 40, 100, 120, 120, 60, 120, 160, 120, 200, 200, 120, 200, 140, 2060]
[1178, 40, 480, 460, 60, 60, 100, 100, 40, 100, 120, 120, 60, 120, 160, 120, 220, 200, 120, 200, 140, 2080]
[1191, 40, 480, 460, 60, 60, 100, 100, 60, 100, 120, 120, 60, 120, 160, 120, 220, 200, 120, 200, 140, 2100]
[1195, 40, 480, 480, 60, 60, 100, 100, 60, 100, 120, 120, 60, 120, 160, 120, 220, 200, 140, 200, 140, 2140]
[1230, 40, 480, 480, 60, 60, 100, 100, 60, 120, 120, 120, 60, 120, 160, 120, 220, 200, 140, 200, 140, 2160]
[1234, 40, 480, 480, 60, 60, 100, 100, 60, 120, 120, 120, 60, 120, 160, 120, 220, 200, 140, 220, 140, 2180]
[1269, 40, 520, 500, 60, 60, 100, 100, 60, 120, 120, 120, 60, 120, 160, 120, 220, 200, 140, 220, 140, 2220]
[1278, 40, 520, 500, 60, 60, 100, 100, 60, 120, 120, 120, 60, 120, 200, 120, 220, 200, 140, 220, 140, 2240]
[1282, 60, 520, 500, 60, 60, 100, 100, 60, 120, 120, 120, 60, 120, 200, 120, 220, 200, 140, 220, 140, 2260]
[1294, 60, 520, 500, 60, 60, 100, 100, 60, 120, 120, 120, 60, 120, 200, 120, 260, 200, 140, 220, 140, 2280]
[1333, 60, 540, 500, 60, 60, 100, 100, 60, 120, 120, 120, 60, 120, 200, 120, 260, 200, 140, 220, 140, 2300]
[1352, 60, 540, 500, 60, 60, 100, 100, 60, 120, 120, 120, 60, 120, 200, 140, 260, 200, 140, 220, 140, 2320]
[1355, 60, 540, 500, 60, 100, 100, 100, 60, 140, 120, 120, 60, 120, 200, 140, 260, 200, 140, 220, 140, 2360]
[1384, 60, 540, 500, 60, 100, 100, 100, 60, 140, 120, 120, 60, 140, 200, 140, 260, 200, 140, 220, 140, 2380]
[1387, 60, 540, 500, 60, 100, 100, 100, 80, 140, 120, 120, 60, 140, 200, 140, 260, 200, 140, 220, 140, 2400]
[1391, 60, 560, 500, 60, 100, 100, 100, 80, 140, 120, 120, 60, 140, 200, 140, 260, 200, 140, 220, 140, 2420]
[1392, 60, 560, 500, 60, 100, 100, 100, 80, 140, 120, 140, 60, 140, 200, 140, 260, 200, 140, 220, 140, 2440]
[1401, 60, 560, 500, 60, 100, 100, 100, 80, 140, 120, 140, 100, 140, 200, 140, 260, 200, 140, 220, 140, 2460]
[1414, 60, 560, 500, 60, 100, 100, 100, 80, 140, 120, 140, 100, 140, 200, 140, 280, 200, 140, 220, 140, 2480]
[1438, 60, 560, 500, 60, 100, 100, 100, 80, 140, 120, 140, 100, 140, 200, 140, 280, 220, 140, 220, 140, 2500]
[1454, 60, 560, 560, 60, 100, 100, 100, 80, 140, 120, 140, 100, 140, 200, 140, 280, 220, 140, 220, 140, 2520]
[1461, 60, 560, 560, 60, 100, 100, 100, 80, 180, 120, 140, 100, 140, 200, 140, 280, 220, 140, 220, 140, 2540]
[1465, 60, 560, 560, 60, 140, 100, 100, 80, 180, 120, 140, 100, 140, 200, 140, 280, 220, 140, 220, 140, 2560]
[1490, 60, 560, 580, 60, 140, 100, 100, 80, 180, 120, 140, 100, 140, 200, 140, 280, 220, 140, 220, 140, 2580]
[1499, 60, 560, 580, 60, 140, 100, 100, 80, 180, 120, 140, 100, 160, 200, 140, 280, 220, 140, 220, 140, 2600]
[1528, 60, 560, 580, 60, 140, 100, 100, 80, 180, 120, 140, 100, 160, 200, 140, 280, 240, 140, 220, 140, 2620]
[1531, 60, 560, 600, 60, 140, 100, 100, 80, 180, 120, 140, 100, 160, 200, 140, 280, 240, 140, 220, 140, 2640]
[1538, 60, 560, 600, 60, 140, 100, 100, 80, 200, 120, 140, 100, 160, 200, 140, 280, 240, 140, 220, 140, 2660]
[1546, 60, 560, 600, 60, 160, 100, 100, 80, 200, 120, 140, 100, 160, 200, 140, 280, 240, 140, 220, 140, 2680]
[1558, 60, 560, 600, 60, 160, 100, 100, 120, 200, 120, 140, 100, 160, 200, 140, 280, 240, 140, 220, 140, 2700]
[1570, 60, 560, 600, 60, 160, 100, 100, 120, 200, 120, 140, 100, 160, 200, 160, 280, 240, 140, 220, 140, 2720]
[1578, 60, 560, 620, 60, 160, 100, 100, 120, 200, 120, 140, 100, 160, 200, 160, 280, 240, 140, 220, 140, 2740]
[1582, 80, 560, 620, 60, 160, 100, 100, 120, 200, 120, 140, 100, 160, 200, 160, 280, 240, 140, 220, 140, 2760]
[1609, 80, 560, 620, 60, 180, 100, 100, 120, 220, 120, 140, 100, 160, 200, 160, 280, 240, 140, 220, 140, 2800]
[1629, 80, 560, 620, 60, 180, 100, 100, 120, 220, 120, 140, 100, 160, 220, 160, 280, 240, 140, 220, 140, 2820]
[1638, 80, 560, 620, 60, 180, 100, 120, 120, 220, 120, 140, 100, 160, 220, 160, 280, 240, 140, 220, 140, 2840]
[1640, 80, 560, 620, 60, 180, 100, 120, 140, 220, 120, 140, 100, 160, 220, 160, 280, 240, 140, 220, 140, 2860]
[1648, 80, 560, 620, 60, 200, 100, 120, 140, 220, 120, 140, 100, 160, 220, 160, 280, 240, 140, 220, 140, 2880]
[1655, 80, 680, 620, 60, 200, 100, 120, 140, 220, 120, 140, 100, 160, 220, 160, 280, 240, 140, 220, 140, 2900]
[1665, 80, 680, 660, 60, 200, 100, 120, 140, 220, 120, 140, 100, 160, 220, 160, 280, 240, 140, 220, 140, 2920]
[1673, 80, 680, 660, 60, 200, 100, 120, 140, 220, 120, 160, 100, 160, 220, 160, 280, 240, 140, 220, 140, 2940]
[1700, 80, 680, 660, 60, 200, 100, 120, 140, 260, 120, 160, 100, 160, 220, 160, 280, 240, 140, 220, 140, 2960]
[1714, 80, 700, 660, 60, 200, 100, 120, 140, 260, 120, 160, 100, 160, 220, 160, 280, 240, 140, 220, 140, 2980]
[1727, 80, 700, 660, 60, 200, 100, 120, 160, 260, 120, 160, 100, 160, 220, 160, 300, 240, 140, 220, 140, 3020]
[1737, 80, 700, 660, 60, 200, 100, 120, 160, 260, 140, 160, 100, 160, 220, 160, 300, 240, 140, 220, 140, 3040]
[1749, 80, 700, 660, 60, 200, 100, 120, 160, 260, 140, 160, 100, 160, 220, 160, 300, 280, 140, 220, 140, 3060]
[1754, 80, 700, 660, 60, 200, 100, 120, 160, 260, 140, 180, 100, 160, 220, 160, 300, 280, 140, 220, 140, 3080]
[1758, 80, 700, 660, 60, 200, 100, 120, 160, 280, 140, 180, 100, 160, 220, 160, 300, 280, 140, 220, 140, 3100]
[1776, 80, 700, 660, 60, 200, 100, 120, 160, 280, 140, 180, 120, 160, 220, 160, 300, 280, 140, 220, 140, 3120]
[1798, 80, 700, 660, 60, 200, 100, 120, 160, 280, 140, 180, 120, 180, 220, 160, 300, 280, 140, 220, 140, 3140]
[1801, 80, 700, 660, 60, 200, 100, 120, 160, 280, 140, 180, 120, 180, 220, 160, 300, 280, 140, 260, 140, 3160]
[1815, 80, 700, 660, 60, 200, 100, 120, 160, 300, 140, 180, 120, 180, 220, 160, 300, 280, 140, 260, 140, 3180]
[1859, 80, 700, 660, 60, 200, 100, 120, 160, 320, 140, 180, 120, 180, 220, 160, 300, 280, 140, 260, 140, 3200]
[1868, 100, 700, 660, 60, 200, 100, 120, 160, 320, 140, 180, 120, 180, 220, 160, 300, 280, 140, 260, 140, 3220]
[1869, 100, 700, 660, 60, 280, 100, 120, 160, 320, 140, 180, 120, 180, 220, 160, 300, 280, 140, 260, 140, 3240]
[1889, 100, 700, 660, 60, 280, 100, 120, 160, 320, 140, 180, 120, 180, 240, 160, 300, 280, 140, 260, 140, 3260]
[1913, 100, 700, 660, 60, 280, 100, 120, 160, 320, 140, 180, 120, 180, 240, 160, 300, 280, 140, 280, 140, 3280]
[1928, 100, 700, 660, 60, 280, 100, 120, 160, 320, 140, 180, 120, 200, 240, 160, 300, 280, 140, 280, 140, 3300]
[1934, 100, 700, 660, 60, 300, 100, 120, 160, 320, 140, 180, 120, 200, 240, 160, 320, 280, 140, 280, 140, 3340]
[1943, 100, 700, 660, 60, 300, 100, 120, 160, 320, 140, 180, 120, 200, 240, 160, 320, 280, 140, 280, 180, 3360]
[1981, 100, 700, 660, 60, 300, 100, 120, 160, 360, 140, 180, 120, 200, 240, 160, 320, 280, 140, 280, 180, 3380]
[1997, 100, 700, 660, 60, 300, 100, 120, 160, 360, 140, 180, 120, 200, 240, 160, 340, 280, 140, 280, 180, 3400]
[2027, 100, 700, 800, 60, 300, 100, 120, 160, 360, 140, 180, 120, 200, 240, 160, 340, 280, 140, 300, 180, 3440]
[2028, 100, 700, 800, 60, 300, 100, 120, 160, 380, 140, 180, 120, 200, 240, 160, 340, 280, 140, 300, 180, 3460]
[2031, 100, 840, 800, 60, 300, 100, 120, 160, 380, 140, 180, 120, 200, 240, 160, 340, 280, 200, 300, 180, 3500]
[2034, 100, 840, 800, 60, 300, 100, 120, 160, 380, 140, 180, 120, 220, 240, 160, 340, 280, 200, 300, 180, 3520]
[2074, 100, 860, 820, 60, 300, 100, 120, 160, 380, 140, 180, 120, 220, 240, 160, 340, 280, 200, 300, 180, 3560]
[2078, 100, 860, 820, 60, 300, 100, 120, 160, 380, 140, 180, 120, 220, 240, 180, 340, 280, 200, 300, 180, 3580]
[2082, 100, 860, 820, 60, 300, 100, 120, 160, 400, 140, 180, 120, 220, 240, 180, 340, 280, 200, 300, 180, 3600]
[2117, 100, 860, 820, 60, 300, 120, 120, 160, 400, 140, 180, 120, 220, 240, 180, 340, 280, 200, 300, 180, 3620]
[2121, 100, 860, 820, 60, 380, 120, 120, 160, 400, 140, 180, 120, 220, 240, 180, 340, 280, 200, 300, 180, 3640]
[2134, 100, 880, 820, 60, 380, 120, 120, 160, 400, 140, 180, 120, 220, 240, 180, 340, 280, 200, 300, 180, 3660]
[2139, 100, 880, 820, 60, 380, 120, 120, 160, 400, 140, 180, 120, 220, 260, 180, 340, 280, 200, 300, 180, 3680]
[2142, 100, 880, 820, 60, 380, 120, 120, 160, 400, 140, 180, 120, 240, 260, 180, 340, 280, 200, 300, 180, 3700]
[2144, 100, 880, 840, 60, 380, 120, 120, 160, 400, 140, 180, 120, 240, 260, 180, 340, 280, 200, 300, 180, 3720]
[2150, 100, 880, 840, 60, 380, 120, 120, 160, 400, 140, 180, 180, 240, 260, 180, 340, 280, 200, 300, 180, 3740]
[2154, 100, 880, 840, 160, 380, 120, 120, 160, 400, 140, 180, 180, 240, 260, 180, 340, 280, 200, 300, 180, 3760]
[2158, 120, 880, 840, 160, 380, 120, 120, 160, 400, 140, 180, 180, 240, 260, 180, 340, 280, 200, 300, 180, 3780]
[2159, 120, 880, 840, 160, 380, 120, 120, 160, 400, 160, 180, 180, 240, 260, 180, 340, 280, 200, 300, 180, 3800]
[2169, 120, 880, 840, 160, 380, 120, 120, 160, 440, 160, 180, 180, 240, 260, 180, 340, 280, 200, 300, 180, 3820]
[2172, 120, 880, 840, 160, 400, 120, 120, 160, 440, 160, 180, 180, 240, 260, 180, 340, 280, 200, 300, 180, 3840]
[2227, 120, 880, 860, 160, 400, 120, 120, 160, 440, 160, 180, 180, 240, 260, 180, 340, 280, 200, 300, 180, 3860]
[2228, 120, 880, 860, 160, 400, 120, 120, 160, 440, 160, 180, 180, 240, 260, 180, 380, 280, 200, 300, 180, 3880]
[2253, 120, 880, 860, 160, 400, 120, 120, 160, 480, 160, 180, 180, 240, 260, 180, 380, 280, 200, 300, 180, 3900]
[2265, 120, 880, 860, 160, 440, 120, 120, 160, 480, 160, 200, 180, 240, 260, 180, 380, 280, 200, 300, 180, 3940]
[2282, 120, 880, 860, 160, 440, 120, 120, 160, 480, 160, 200, 180, 240, 260, 180, 380, 280, 200, 300, 200, 3960]
[2287, 120, 880, 860, 160, 440, 120, 120, 160, 480, 160, 200, 180, 240, 260, 180, 380, 280, 200, 340, 200, 3980]
[2304, 120, 880, 860, 180, 440, 120, 120, 160, 480, 160, 200, 180, 240, 260, 180, 380, 280, 200, 340, 200, 4000]
[2326, 120, 880, 860, 180, 460, 120, 120, 160, 480, 160, 200, 180, 240, 260, 180, 380, 280, 200, 340, 200, 4020]
[2331, 120, 880, 860, 180, 460, 120, 140, 160, 480, 160, 200, 180, 240, 260, 180, 380, 340, 200, 340, 200, 4060]
[2361, 120, 880, 860, 180, 480, 120, 140, 160, 480, 160, 200, 180, 240, 260, 180, 380, 340, 200, 340, 200, 4080]
[2378, 120, 880, 860, 200, 480, 120, 140, 160, 480, 160, 200, 180, 240, 260, 180, 380, 340, 200, 340, 200, 4100]
[2385, 120, 880, 860, 200, 480, 120, 140, 160, 480, 160, 200, 180, 240, 280, 180, 380, 340, 200, 340, 200, 4120]
[2398, 120, 880, 860, 200, 480, 120, 140, 160, 540, 160, 200, 180, 240, 280, 180, 380, 340, 200, 340, 200, 4140]
[2402, 120, 880, 860, 200, 500, 120, 140, 160, 540, 160, 200, 180, 240, 280, 180, 380, 340, 200, 340, 200, 4160]
[2412, 120, 880, 860, 200, 500, 120, 140, 160, 540, 160, 200, 180, 240, 280, 180, 380, 360, 200, 340, 200, 4180]
[2420, 120, 880, 860, 200, 500, 120, 140, 160, 540, 160, 200, 180, 240, 280, 180, 380, 360, 200, 360, 200, 4200]
[2424, 120, 880, 860, 200, 500, 120, 140, 160, 540, 180, 200, 180, 240, 280, 180, 380, 360, 200, 360, 200, 4220]
[2455, 120, 880, 860, 200, 500, 120, 140, 160, 560, 180, 200, 180, 240, 280, 180, 380, 360, 200, 360, 200, 4240]
[2467, 120, 880, 860, 220, 500, 120, 140, 160, 560, 180, 200, 180, 240, 280, 180, 380, 360, 200, 360, 200, 4260]
[2471, 120, 880, 860, 220, 500, 120, 140, 160, 560, 180, 200, 180, 240, 280, 180, 400, 360, 200, 360, 200, 4280]
[2477, 120, 880, 860, 220, 500, 140, 140, 160, 560, 180, 200, 180, 240, 280, 180, 400, 380, 200, 360, 200, 4320]
[2490, 120, 880, 860, 220, 500, 140, 140, 160, 560, 180, 200, 180, 240, 280, 180, 400, 380, 200, 360, 220, 4340]
[2518, 120, 880, 860, 220, 500, 140, 140, 160, 560, 180, 200, 200, 240, 280, 180, 400, 380, 200, 360, 220, 4360]
[2530, 120, 880, 860, 240, 500, 140, 140, 160, 560, 180, 200, 200, 240, 280, 180, 400, 380, 200, 360, 220, 4380]
[2537, 120, 880, 860, 240, 500, 140, 140, 160, 560, 180, 200, 200, 240, 280, 200, 400, 380, 200, 360, 220, 4400]
[2540, 120, 880, 860, 240, 500, 140, 140, 160, 560, 180, 200, 200, 240, 280, 200, 400, 400, 200, 360, 220, 4420]
[2543, 120, 880, 860, 240, 500, 140, 140, 160, 600, 180, 200, 200, 240, 280, 200, 400, 400, 200, 360, 220, 4440]
[2549, 120, 880, 860, 240, 500, 140, 140, 160, 600, 200, 200, 200, 240, 280, 200, 400, 400, 200, 360, 220, 4460]
[2562, 120, 880, 860, 240, 500, 140, 140, 260, 600, 200, 200, 200, 240, 280, 200, 400, 400, 200, 360, 220, 4480]
[2566, 120, 880, 860, 240, 500, 140, 160, 260, 600, 200, 200, 200, 240, 280, 200, 400, 400, 200, 360, 220, 4500]
[2569, 140, 880, 860, 240, 500, 140, 160, 260, 600, 200, 200, 200, 240, 280, 200, 400, 400, 200, 360, 220, 4520]
[2574, 140, 880, 860, 240, 500, 140, 160, 260, 600, 200, 200, 200, 240, 280, 200, 400, 400, 200, 380, 220, 4540]
[2578, 140, 880, 860, 240, 500, 140, 160, 260, 600, 200, 200, 200, 240, 280, 200, 420, 400, 200, 380, 220, 4560]
[2592, 140, 880, 860, 240, 500, 140, 160, 260, 620, 200, 200, 200, 240, 280, 200, 420, 400, 200, 380, 220, 4580]
[2597, 140, 880, 860, 240, 500, 140, 160, 260, 620, 200, 200, 200, 240, 280, 200, 420, 400, 220, 380, 220, 4600]
[2603, 140, 880, 860, 240, 500, 140, 160, 280, 620, 200, 200, 200, 240, 280, 200, 420, 400, 220, 380, 220, 4620]
[2622, 140, 880, 860, 240, 500, 140, 160, 280, 620, 200, 200, 200, 240, 280, 200, 420, 400, 220, 380, 240, 4640]
[2629, 140, 880, 860, 240, 500, 140, 160, 280, 620, 200, 200, 220, 240, 280, 200, 420, 400, 220, 380, 240, 4660]
[2632, 140, 880, 860, 240, 500, 140, 160, 280, 640, 200, 200, 220, 240, 280, 200, 420, 400, 220, 380, 240, 4680]
[2638, 140, 880, 860, 260, 500, 140, 160, 280, 640, 200, 200, 220, 240, 280, 200, 420, 400, 220, 380, 240, 4700]
[2656, 140, 880, 860, 260, 500, 140, 160, 280, 640, 200, 200, 220, 240, 280, 220, 420, 400, 220, 380, 240, 4720]
[2680, 140, 880, 860, 260, 500, 140, 160, 280, 640, 200, 220, 220, 240, 280, 220, 420, 400, 220, 380, 240, 4740]
[2715, 140, 880, 860, 260, 500, 140, 160, 280, 640, 200, 220, 220, 240, 280, 220, 420, 400, 240, 380, 240, 4760]
[2720, 140, 880, 860, 260, 500, 140, 160, 280, 680, 200, 220, 220, 240, 280, 220, 420, 400, 240, 380, 240, 4780]
[2726, 140, 880, 860, 260, 500, 140, 160, 280, 680, 200, 220, 220, 240, 280, 240, 420, 400, 240, 380, 240, 4800]
[2746, 140, 880, 860, 260, 500, 140, 180, 280, 680, 200, 220, 220, 240, 280, 240, 420, 400, 240, 380, 240, 4820]
[2775, 140, 880, 860, 260, 500, 140, 180, 280, 680, 200, 260, 220, 240, 280, 240, 420, 400, 240, 380, 240, 4840]
[2779, 140, 880, 860, 260, 500, 140, 180, 280, 680, 200, 260, 220, 240, 320, 240, 420, 400, 240, 380, 240, 4860]
[2784, 140, 880, 860, 260, 500, 140, 180, 360, 680, 200, 260, 220, 240, 320, 240, 420, 400, 240, 380, 240, 4880]
[2786, 140, 880, 860, 260, 500, 140, 180, 360, 680, 200, 260, 220, 240, 320, 240, 440, 400, 240, 380, 240, 4900]
[2809, 140, 880, 860, 260, 500, 140, 180, 360, 680, 200, 260, 220, 240, 320, 240, 440, 400, 240, 400, 240, 4920]
[2815, 140, 880, 860, 260, 500, 140, 180, 360, 680, 200, 260, 220, 240, 320, 240, 440, 420, 240, 400, 240, 4940]
[2819, 140, 880, 860, 260, 500, 140, 180, 360, 680, 200, 260, 220, 240, 320, 280, 440, 420, 240, 400, 240, 4960]
[2834, 140, 880, 860, 260, 500, 140, 180, 380, 680, 220, 260, 220, 240, 320, 280, 440, 420, 240, 400, 240, 5000]
[2862, 140, 880, 860, 260, 500, 140, 180, 380, 740, 220, 260, 220, 240, 320, 280, 440, 420, 240, 400, 240, 5020]
[2879, 140, 880, 860, 260, 500, 140, 180, 400, 740, 220, 260, 220, 240, 320, 280, 440, 420, 240, 400, 240, 5040]
[2900, 140, 880, 860, 260, 500, 140, 200, 400, 740, 220, 260, 220, 240, 320, 280, 440, 420, 240, 400, 240, 5060]
[2918, 140, 880, 860, 260, 500, 140, 200, 400, 740, 220, 280, 220, 240, 320, 280, 440, 420, 240, 400, 240, 5080]
[2935, 140, 880, 860, 260, 500, 140, 200, 400, 740, 220, 280, 220, 240, 320, 280, 440, 420, 240, 400, 260, 5100]
[2939, 140, 880, 860, 260, 500, 140, 200, 400, 740, 220, 280, 220, 240, 340, 280, 440, 420, 240, 400, 260, 5120]
[2944, 140, 880, 860, 260, 500, 140, 200, 400, 740, 240, 280, 220, 240, 340, 280, 440, 420, 240, 400, 260, 5140]
[2946, 140, 880, 860, 260, 500, 140, 200, 400, 740, 240, 280, 220, 240, 340, 280, 440, 440, 240, 400, 260, 5160]
[2973, 140, 880, 860, 260, 500, 140, 200, 400, 740, 240, 280, 220, 240, 340, 300, 440, 440, 240, 400, 260, 5180]
[2974, 140, 880, 860, 260, 500, 140, 200, 400, 780, 240, 280, 220, 240, 340, 300, 440, 440, 240, 400, 260, 5200]
[2995, 140, 880, 860, 260, 500, 140, 200, 400, 780, 240, 280, 280, 240, 340, 300, 440, 440, 240, 400, 260, 5220]
[3019, 140, 880, 860, 260, 500, 140, 200, 400, 780, 240, 280, 280, 240, 340, 300, 460, 440, 240, 400, 260, 5240]
[3037, 140, 880, 860, 260, 500, 140, 200, 400, 780, 240, 300, 280, 240, 340, 300, 460, 440, 240, 400, 260, 5260]
[3051, 140, 880, 860, 260, 500, 140, 200, 400, 800, 240, 300, 280, 240, 340, 300, 460, 440, 240, 400, 260, 5280]
[3071, 140, 880, 860, 260, 500, 140, 220, 400, 800, 240, 300, 280, 240, 340, 300, 460, 440, 240, 400, 260, 5300]
[3073, 140, 880, 860, 260, 500, 140, 220, 460, 800, 240, 300, 280, 240, 340, 300, 460, 440, 240, 400, 260, 5320]
[3092, 140, 880, 860, 260, 520, 140, 220, 460, 800, 240, 300, 280, 240, 340, 300, 460, 440, 240, 400, 260, 5340]
[3106, 140, 880, 860, 260, 520, 140, 220, 460, 820, 240, 300, 280, 240, 340, 300, 460, 440, 240, 400, 260, 5360]
[3114, 140, 880, 860, 260, 520, 140, 220, 480, 820, 240, 300, 280, 240, 340, 300, 460, 440, 240, 400, 260, 5380]
[3123, 140, 880, 860, 260, 520, 140, 220, 480, 820, 240, 300, 280, 260, 360, 300, 460, 440, 240, 400, 260, 5420]
[3132, 140, 880, 860, 260, 520, 140, 220, 480, 820, 240, 300, 280, 260, 360, 320, 460, 440, 240, 400, 260, 5440]
[3147, 140, 880, 860, 260, 520, 140, 220, 480, 820, 240, 300, 300, 260, 360, 320, 460, 440, 240, 400, 260, 5460]
[3148, 140, 880, 860, 260, 520, 140, 220, 480, 820, 240, 300, 300, 260, 360, 320, 460, 440, 260, 400, 260, 5480]
[3152, 140, 880, 860, 260, 520, 140, 220, 480, 840, 240, 300, 300, 260, 360, 320, 460, 440, 260, 400, 260, 5500]
[3156, 140, 880, 860, 260, 520, 140, 220, 500, 840, 240, 300, 300, 260, 360, 320, 460, 440, 260, 400, 260, 5520]
[3169, 140, 880, 860, 260, 520, 140, 220, 500, 840, 240, 300, 300, 260, 360, 320, 460, 440, 260, 420, 260, 5540]
[3171, 140, 880, 860, 260, 520, 140, 220, 500, 840, 240, 320, 300, 260, 360, 320, 460, 440, 260, 420, 260, 5560]
[3194, 140, 880, 860, 260, 520, 140, 220, 520, 860, 240, 320, 300, 260, 360, 320, 460, 440, 260, 420, 260, 5600]
[3204, 140, 880, 860, 260, 520, 140, 220, 520, 860, 240, 320, 300, 260, 360, 320, 480, 440, 260, 420, 260, 5620]
[3222, 140, 880, 860, 260, 520, 140, 240, 520, 860, 240, 320, 300, 260, 360, 320, 480, 440, 260, 420, 260, 5640]
[3224, 140, 880, 860, 260, 520, 140, 240, 520, 860, 240, 320, 300, 260, 360, 320, 480, 440, 260, 420, 280, 5660]
[3233, 140, 880, 860, 260, 520, 140, 240, 520, 860, 240, 320, 320, 260, 360, 320, 480, 440, 260, 420, 280, 5680]
[3234, 140, 880, 860, 260, 520, 140, 240, 540, 880, 240, 320, 320, 260, 360, 320, 480, 440, 260, 420, 280, 5720]
[3250, 140, 880, 860, 260, 540, 140, 240, 540, 880, 240, 320, 320, 260, 360, 320, 480, 440, 260, 420, 280, 5740]
[3251, 140, 880, 860, 260, 540, 140, 240, 540, 880, 240, 320, 320, 260, 360, 320, 500, 440, 260, 420, 280, 5760]
[3263, 140, 880, 860, 260, 540, 140, 240, 540, 880, 240, 320, 320, 260, 360, 320, 500, 440, 280, 420, 280, 5780]
[3272, 140, 880, 860, 260, 540, 140, 240, 560, 880, 240, 320, 320, 260, 360, 320, 500, 440, 280, 420, 280, 5800]
[3294, 140, 880, 860, 260, 540, 140, 240, 560, 880, 240, 320, 320, 260, 360, 320, 500, 460, 280, 420, 280, 5820]
[3306, 140, 880, 860, 260, 540, 140, 240, 560, 880, 240, 320, 320, 260, 360, 340, 500, 460, 280, 420, 280, 5840]
[3310, 140, 880, 860, 260, 540, 140, 240, 580, 880, 240, 320, 320, 260, 360, 340, 500, 460, 280, 420, 280, 5860]
[3316, 140, 880, 860, 260, 540, 140, 240, 580, 880, 240, 320, 320, 280, 360, 340, 500, 460, 280, 420, 280, 5880]
[3327, 140, 880, 860, 260, 540, 140, 240, 580, 880, 240, 320, 320, 280, 360, 340, 500, 460, 280, 440, 280, 5900]
[3344, 140, 880, 860, 260, 540, 140, 240, 600, 880, 240, 320, 320, 280, 360, 340, 500, 460, 280, 440, 280, 5920]
[3348, 140, 880, 860, 260, 540, 140, 260, 600, 880, 280, 320, 320, 280, 360, 340, 500, 460, 280, 440, 280, 5960]
[3358, 140, 920, 860, 260, 540, 140, 260, 600, 880, 280, 320, 320, 280, 360, 340, 500, 460, 280, 440, 280, 5980]
[3387, 140, 920, 860, 260, 540, 140, 260, 600, 960, 280, 320, 320, 280, 360, 340, 500, 460, 280, 440, 280, 6000]
[3401, 140, 920, 860, 260, 540, 140, 260, 600, 960, 280, 320, 320, 280, 360, 340, 520, 460, 280, 440, 280, 6020]
[3405, 140, 920, 860, 260, 540, 140, 260, 600, 960, 280, 320, 320, 280, 360, 340, 520, 460, 280, 460, 280, 6040]
[3412, 140, 920, 860, 260, 540, 140, 260, 600, 960, 280, 320, 320, 280, 360, 340, 520, 460, 300, 460, 280, 6060]
[3426, 140, 920, 860, 260, 560, 140, 260, 600, 960, 280, 320, 320, 280, 360, 340, 520, 460, 300, 460, 280, 6080]
[3430, 140, 920, 860, 260, 560, 140, 260, 600, 960, 280, 320, 340, 280, 360, 340, 520, 460, 300, 460, 280, 6100]
[3434, 140, 920, 860, 260, 560, 140, 260, 600, 980, 280, 320, 340, 280, 360, 340, 520, 460, 300, 460, 280, 6120]
[3472, 140, 920, 860, 260, 560, 140, 260, 600, 1000, 300, 320, 340, 280, 360, 340, 520, 460, 300, 460, 280, 6160]
[3473, 140, 920, 860, 260, 560, 140, 260, 600, 1000, 300, 320, 340, 280, 360, 340, 520, 460, 300, 460, 300, 6180]
[3495, 140, 920, 860, 260, 560, 140, 260, 600, 1000, 300, 340, 340, 280, 360, 340, 520, 460, 300, 460, 300, 6200]
[3533, 140, 920, 860, 260, 560, 140, 260, 600, 1000, 300, 340, 340, 280, 380, 340, 520, 480, 300, 460, 300, 6240]
[3563, 140, 920, 860, 260, 560, 140, 260, 600, 1000, 300, 340, 340, 300, 380, 340, 520, 480, 300, 460, 300, 6260]
[3588, 140, 920, 860, 260, 560, 140, 260, 700, 1000, 300, 340, 340, 300, 380, 340, 520, 480, 300, 460, 300, 6280]
[3596, 140, 920, 860, 260, 560, 140, 260, 700, 1000, 300, 340, 340, 300, 380, 360, 520, 480, 300, 460, 300, 6300]
[3601, 140, 920, 860, 260, 560, 140, 260, 700, 1000, 300, 340, 360, 300, 380, 360, 520, 500, 300, 460, 300, 6340]
[3611, 140, 920, 860, 260, 560, 140, 260, 700, 1000, 300, 340, 360, 300, 380, 360, 520, 500, 300, 460, 320, 6360]
[3617, 160, 920, 860, 260, 560, 140, 260, 700, 1000, 300, 340, 360, 300, 380, 360, 520, 500, 300, 460, 320, 6380]
[3627, 160, 920, 860, 260, 560, 140, 260, 700, 1060, 300, 340, 360, 300, 380, 360, 520, 500, 300, 460, 320, 6400]
[3630, 160, 920, 860, 260, 600, 140, 260, 700, 1060, 300, 340, 360, 300, 380, 360, 520, 500, 300, 460, 320, 6420]
[3631, 160, 920, 860, 260, 600, 140, 260, 720, 1060, 300, 340, 360, 300, 380, 360, 520, 500, 300, 460, 320, 6440]
[3656, 160, 920, 860, 260, 600, 140, 260, 720, 1060, 300, 340, 360, 300, 380, 360, 520, 500, 340, 460, 320, 6460]
[3660, 160, 920, 860, 260, 600, 140, 260, 720, 1060, 300, 360, 360, 300, 380, 360, 520, 500, 340, 460, 320, 6480]
[3661, 160, 920, 860, 260, 600, 180, 260, 720, 1060, 300, 360, 360, 300, 380, 360, 520, 500, 340, 460, 320, 6500]
[3681, 160, 920, 860, 260, 600, 180, 260, 720, 1060, 300, 360, 360, 300, 380, 360, 540, 500, 340, 460, 320, 6520]
[3699, 160, 920, 860, 260, 600, 180, 260, 720, 1060, 300, 360, 360, 300, 400, 360, 540, 500, 340, 460, 320, 6540]
[3720, 160, 920, 860, 260, 600, 180, 280, 720, 1060, 300, 360, 360, 300, 400, 360, 540, 500, 340, 460, 320, 6560]
[3735, 160, 920, 860, 260, 600, 180, 280, 720, 1060, 300, 360, 360, 320, 400, 360, 540, 500, 340, 460, 320, 6580]
[3742, 160, 920, 860, 260, 620, 180, 280, 720, 1060, 300, 360, 360, 320, 400, 360, 540, 500, 340, 460, 320, 6600]
[3746, 180, 920, 860, 260, 620, 180, 280, 720, 1060, 300, 360, 360, 320, 400, 360, 540, 500, 340, 460, 320, 6620]
[3750, 180, 920, 860, 260, 620, 180, 280, 720, 1060, 300, 360, 380, 320, 400, 360, 540, 500, 340, 460, 320, 6640]
[3755, 180, 920, 860, 260, 620, 180, 280, 720, 1060, 300, 360, 380, 320, 400, 360, 540, 520, 340, 460, 320, 6660]
[3772, 180, 920, 860, 260, 620, 180, 280, 720, 1060, 300, 360, 380, 320, 400, 360, 540, 520, 340, 500, 320, 6680]
[3786, 180, 920, 860, 260, 620, 180, 280, 720, 1100, 300, 360, 380, 320, 400, 360, 540, 520, 340, 500, 320, 6700]
[3793, 180, 920, 860, 260, 620, 180, 280, 720, 1100, 300, 360, 380, 320, 400, 380, 540, 520, 340, 500, 320, 6720]
[3828, 180, 920, 860, 260, 640, 180, 280, 720, 1100, 300, 360, 380, 320, 400, 380, 540, 520, 340, 500, 320, 6740]
[3838, 180, 920, 860, 260, 640, 180, 280, 720, 1100, 300, 360, 380, 320, 400, 380, 540, 520, 340, 500, 340, 6760]
[3866, 180, 920, 860, 260, 640, 180, 280, 720, 1100, 300, 360, 380, 340, 400, 380, 540, 520, 340, 500, 340, 6780]
[3913, 200, 920, 860, 260, 640, 180, 280, 720, 1100, 300, 360, 380, 340, 400, 380, 540, 520, 340, 500, 340, 6800]
[3914, 200, 920, 860, 260, 640, 180, 280, 720, 1100, 300, 360, 380, 340, 400, 380, 540, 520, 340, 520, 340, 6820]
[3915, 200, 920, 860, 260, 640, 180, 280, 720, 1100, 300, 360, 380, 340, 400, 380, 540, 540, 340, 520, 340, 6840]
[3946, 200, 920, 860, 260, 640, 180, 280, 720, 1100, 300, 380, 380, 340, 400, 380, 540, 540, 340, 520, 340, 6860]
[3953, 200, 920, 860, 260, 640, 180, 280, 720, 1120, 300, 380, 380, 340, 400, 380, 540, 540, 340, 520, 340, 6880]
[3960, 200, 920, 860, 260, 640, 180, 280, 720, 1120, 300, 380, 400, 340, 400, 380, 540, 540, 340, 520, 340, 6900]
[3970, 200, 920, 860, 260, 640, 180, 280, 720, 1120, 320, 380, 400, 340, 400, 380, 540, 540, 340, 520, 340, 6920]
[4009, 200, 920, 860, 260, 640, 180, 280, 720, 1120, 320, 380, 400, 340, 420, 380, 540, 540, 340, 520, 340, 6940]
[4055, 220, 920, 860, 260, 640, 180, 280, 720, 1120, 320, 380, 400, 340, 420, 380, 540, 540, 340, 520, 340, 6960]
[4076, 220, 920, 860, 260, 640, 180, 280, 720, 1120, 320, 380, 400, 340, 420, 380, 540, 560, 340, 520, 340, 6980]
[4089, 220, 1060, 860, 260, 640, 180, 280, 720, 1120, 320, 380, 400, 340, 420, 380, 540, 560, 340, 520, 340, 7000]
[4105, 220, 1060, 860, 260, 640, 180, 280, 720, 1120, 340, 380, 400, 340, 420, 380, 540, 560, 340, 520, 340, 7020]
[4124, 220, 1060, 860, 260, 640, 180, 280, 780, 1120, 340, 380, 400, 340, 420, 380, 540, 560, 340, 520, 340, 7040]
[4133, 220, 1060, 860, 260, 640, 200, 280, 780, 1120, 340, 380, 400, 340, 420, 380, 540, 560, 340, 520, 340, 7060]
[4145, 220, 1060, 860, 260, 640, 200, 280, 780, 1120, 340, 380, 400, 360, 420, 380, 540, 560, 340, 520, 340, 7080]
[4173, 220, 1060, 860, 260, 640, 200, 300, 780, 1120, 340, 380, 400, 360, 420, 380, 540, 560, 340, 520, 340, 7100]
[4180, 220, 1060, 860, 260, 640, 200, 300, 780, 1140, 340, 380, 400, 360, 420, 380, 540, 560, 340, 520, 340, 7120]
[4188, 220, 1060, 860, 260, 640, 200, 300, 780, 1140, 340, 380, 400, 360, 420, 380, 540, 560, 340, 560, 340, 7140]
[4190, 220, 1060, 860, 260, 640, 200, 300, 780, 1140, 340, 380, 400, 360, 420, 380, 600, 560, 340, 560, 340, 7160]
[4194, 220, 1060, 860, 260, 660, 200, 300, 780, 1140, 340, 380, 400, 360, 420, 380, 600, 560, 340, 560, 340, 7180]
[4276, 220, 1080, 860, 260, 660, 200, 300, 780, 1140, 340, 380, 400, 360, 420, 380, 600, 560, 340, 560, 340, 7200]
[4284, 220, 1080, 860, 260, 660, 200, 300, 780, 1140, 340, 380, 400, 360, 440, 380, 600, 560, 340, 560, 340, 7220]
[4314, 220, 1080, 860, 260, 660, 200, 300, 780, 1140, 340, 380, 400, 360, 440, 380, 600, 560, 360, 560, 340, 7240]
[4323, 220, 1080, 860, 260, 660, 220, 300, 780, 1140, 340, 380, 400, 360, 440, 380, 600, 560, 360, 560, 340, 7260]
[4351, 220, 1080, 860, 260, 660, 220, 300, 780, 1140, 340, 380, 400, 360, 440, 380, 620, 560, 360, 560, 340, 7280]
[4364, 220, 1080, 860, 260, 660, 220, 300, 780, 1140, 360, 380, 400, 360, 440, 380, 620, 560, 360, 560, 340, 7300]
[4372, 220, 1080, 860, 260, 680, 220, 300, 780, 1140, 360, 380, 400, 360, 440, 380, 620, 560, 360, 560, 340, 7320]
[4379, 220, 1080, 860, 260, 680, 220, 300, 780, 1140, 360, 380, 400, 380, 440, 380, 620, 560, 360, 560, 340, 7340]
[4387, 220, 1080, 860, 260, 680, 220, 300, 780, 1140, 360, 380, 400, 380, 440, 380, 620, 560, 360, 560, 380, 7360]
[4391, 240, 1080, 860, 260, 680, 220, 300, 780, 1140, 360, 380, 400, 380, 440, 380, 620, 560, 360, 560, 380, 7380]
[4406, 240, 1080, 860, 260, 680, 220, 300, 780, 1140, 360, 380, 420, 380, 440, 380, 620, 600, 360, 560, 380, 7420]
[4414, 240, 1080, 860, 300, 680, 220, 300, 780, 1140, 360, 380, 420, 380, 440, 380, 620, 600, 360, 560, 380, 7440]
[4438, 240, 1080, 860, 300, 680, 220, 300, 780, 1140, 360, 380, 420, 380, 440, 380, 620, 600, 380, 560, 380, 7460]
[4492, 240, 1080, 860, 300, 680, 220, 300, 780, 1140, 360, 380, 420, 380, 440, 380, 640, 600, 380, 560, 380, 7480]
[4537, 240, 1080, 860, 300, 680, 220, 300, 780, 1140, 360, 380, 420, 380, 440, 380, 640, 600, 380, 580, 380, 7500]
[4568, 260, 1080, 860, 300, 680, 220, 300, 780, 1140, 360, 420, 420, 380, 440, 380, 640, 600, 380, 580, 380, 7540]
[4570, 260, 1080, 860, 300, 680, 220, 300, 780, 1140, 360, 420, 440, 380, 440, 380, 640, 600, 380, 580, 380, 7560]
[4572, 260, 1080, 860, 300, 680, 220, 300, 780, 1140, 360, 420, 440, 380, 440, 460, 640, 600, 380, 580, 380, 7580]
[4588, 260, 1080, 860, 300, 680, 220, 300, 780, 1140, 360, 420, 440, 380, 440, 460, 640, 620, 380, 580, 380, 7600]
[4598, 260, 1080, 860, 300, 680, 220, 300, 780, 1140, 400, 420, 440, 380, 440, 460, 640, 620, 380, 580, 380, 7620]
[4600, 260, 1080, 860, 300, 680, 220, 300, 780, 1140, 400, 420, 440, 380, 440, 460, 640, 620, 380, 580, 400, 7640]
[4626, 260, 1080, 860, 300, 680, 220, 300, 780, 1140, 400, 420, 440, 380, 440, 460, 660, 620, 380, 580, 400, 7660]
[4640, 260, 1080, 860, 300, 680, 220, 300, 780, 1140, 400, 420, 440, 400, 440, 460, 660, 620, 380, 580, 400, 7680]
[4648, 260, 1080, 860, 300, 680, 220, 300, 780, 1180, 400, 420, 440, 400, 440, 460, 660, 620, 380, 580, 400, 7700]
[4654, 260, 1080, 860, 300, 680, 220, 300, 780, 1180, 400, 420, 440, 400, 440, 460, 660, 620, 380, 600, 400, 7720]
[4661, 260, 1080, 860, 300, 680, 220, 300, 780, 1180, 400, 420, 440, 400, 440, 460, 660, 620, 400, 600, 400, 7740]
[4678, 260, 1080, 860, 320, 680, 220, 300, 780, 1180, 400, 420, 440, 400, 440, 460, 660, 620, 400, 600, 400, 7760]
[4688, 260, 1080, 860, 320, 680, 240, 320, 780, 1180, 400, 420, 440, 400, 440, 460, 660, 620, 400, 600, 400, 7800]
[4699, 280, 1080, 860, 320, 680, 240, 320, 780, 1180, 400, 420, 440, 400, 440, 460, 660, 620, 400, 600, 400, 7820]
[4718, 280, 1080, 860, 320, 680, 240, 320, 780, 1180, 400, 420, 460, 400, 440, 460, 660, 620, 400, 600, 400, 7840]
[4720, 280, 1080, 860, 320, 680, 240, 320, 780, 1180, 400, 420, 460, 400, 480, 460, 660, 620, 400, 600, 400, 7860]
[4724, 280, 1080, 860, 320, 680, 240, 320, 800, 1180, 400, 420, 460, 400, 480, 460, 660, 620, 400, 600, 400, 7880]
[4731, 280, 1080, 860, 320, 720, 240, 320, 800, 1180, 400, 420, 460, 400, 480, 460, 660, 620, 400, 600, 400, 7900]
[4790, 280, 1080, 860, 320, 720, 240, 320, 820, 1180, 400, 420, 460, 400, 480, 460, 660, 620, 400, 600, 400, 7920]
[4803, 280, 1080, 860, 320, 740, 240, 320, 820, 1180, 400, 420, 460, 400, 480, 460, 660, 620, 400, 600, 400, 7940]
[4815, 280, 1080, 860, 320, 740, 240, 320, 820, 1180, 400, 420, 460, 400, 480, 460, 660, 640, 400, 600, 400, 7960]
[4820, 280, 1080, 860, 320, 740, 240, 320, 820, 1180, 440, 420, 460, 400, 480, 460, 660, 640, 400, 600, 400, 7980]
[4828, 280, 1080, 860, 320, 740, 240, 320, 820, 1180, 440, 420, 460, 400, 480, 460, 660, 640, 420, 600, 400, 8000]
[4830, 280, 1080, 860, 320, 740, 240, 320, 820, 1180, 440, 420, 460, 400, 480, 480, 660, 640, 420, 600, 400, 8020]
[4833, 280, 1080, 860, 320, 740, 240, 320, 820, 1180, 440, 420, 460, 400, 500, 480, 660, 640, 420, 600, 400, 8040]
[4839, 280, 1080, 860, 320, 740, 240, 320, 820, 1200, 440, 420, 460, 400, 500, 480, 660, 640, 420, 600, 400, 8060]
[4867, 280, 1080, 860, 320, 740, 240, 320, 820, 1200, 440, 420, 460, 400, 500, 480, 680, 640, 420, 600, 400, 8080]
[4869, 280, 1080, 860, 320, 760, 240, 320, 820, 1200, 440, 420, 460, 400, 500, 480, 680, 640, 420, 600, 400, 8100]
[4870, 280, 1080, 860, 320, 760, 240, 320, 840, 1200, 440, 420, 460, 400, 500, 480, 680, 640, 420, 600, 400, 8120]
[4899, 300, 1080, 860, 320, 760, 240, 320, 840, 1200, 440, 420, 460, 400, 500, 480, 680, 640, 420, 600, 400, 8140]
[4913, 300, 1080, 860, 320, 760, 260, 320, 840, 1200, 440, 420, 460, 400, 500, 480, 680, 640, 420, 600, 400, 8160]
[4920, 300, 1080, 860, 320, 760, 260, 320, 840, 1200, 440, 420, 480, 400, 500, 480, 680, 640, 420, 600, 400, 8180]
[4921, 300, 1080, 860, 320, 760, 260, 320, 840, 1200, 440, 420, 480, 400, 500, 480, 680, 640, 440, 600, 400, 8200]
[4943, 300, 1140, 860, 320, 760, 260, 320, 840, 1200, 440, 420, 480, 400, 500, 480, 680, 640, 440, 600, 400, 8220]
[4951, 300, 1140, 860, 320, 760, 260, 320, 840, 1200, 440, 420, 480, 420, 500, 480, 680, 640, 440, 600, 400, 8240]
[4980, 300, 1140, 860, 320, 760, 260, 320, 840, 1200, 440, 420, 480, 420, 520, 480, 680, 640, 440, 600, 400, 8260]
[4985, 300, 1140, 860, 320, 760, 260, 340, 840, 1200, 440, 420, 480, 420, 520, 480, 680, 640, 440, 600, 400, 8280]
[5015, 300, 1140, 860, 320, 760, 260, 340, 860, 1200, 440, 420, 480, 420, 520, 480, 680, 640, 440, 600, 400, 8300]
[5023, 300, 1140, 860, 320, 760, 260, 340, 860, 1200, 440, 420, 480, 420, 520, 480, 680, 640, 440, 600, 420, 8320]
[5030, 300, 1140, 860, 320, 780, 260, 340, 860, 1200, 440, 420, 480, 420, 520, 480, 680, 640, 440, 600, 420, 8340]
[5048, 300, 1140, 860, 320, 780, 260, 340, 860, 1220, 440, 420, 480, 420, 520, 480, 680, 640, 440, 600, 420, 8360]
[5049, 300, 1140, 860, 320, 780, 260, 340, 860, 1220, 440, 420, 480, 420, 520, 480, 680, 660, 440, 600, 420, 8380]
[5058, 300, 1140, 860, 320, 780, 260, 340, 860, 1220, 440, 420, 480, 420, 520, 480, 700, 660, 440, 600, 420, 8400]
[5117, 300, 1140, 860, 320, 780, 260, 340, 860, 1220, 440, 420, 480, 440, 520, 480, 700, 660, 440, 600, 420, 8420]
[5125, 300, 1140, 860, 320, 780, 260, 340, 860, 1220, 440, 420, 480, 440, 520, 480, 720, 660, 440, 600, 420, 8440]
[5141, 300, 1140, 860, 320, 800, 260, 340, 860, 1220, 440, 420, 480, 440, 520, 480, 720, 660, 440, 600, 420, 8460]
[5155, 300, 1140, 860, 320, 800, 260, 340, 860, 1220, 440, 440, 480, 440, 520, 480, 720, 660, 440, 600, 420, 8480]
[5168, 300, 1140, 860, 320, 800, 260, 340, 860, 1220, 440, 440, 480, 440, 520, 480, 720, 660, 460, 600, 420, 8500]
[5205, 300, 1140, 860, 320, 800, 260, 340, 860, 1220, 440, 440, 480, 440, 540, 480, 740, 660, 460, 600, 420, 8540]
[5214, 300, 1140, 900, 320, 800, 260, 340, 860, 1220, 440, 440, 480, 440, 540, 480, 740, 660, 460, 600, 420, 8560]
[5228, 300, 1140, 900, 320, 800, 260, 340, 860, 1220, 440, 440, 520, 440, 540, 480, 740, 660, 460, 600, 420, 8580]
[5232, 300, 1140, 900, 320, 800, 260, 340, 860, 1220, 440, 440, 520, 440, 540, 480, 740, 660, 460, 680, 420, 8600]
[5248, 300, 1140, 900, 320, 800, 260, 340, 860, 1220, 440, 440, 520, 480, 540, 480, 740, 660, 460, 680, 420, 8620]
[5267, 300, 1140, 900, 320, 800, 260, 340, 860, 1220, 440, 440, 520, 480, 540, 500, 740, 660, 460, 680, 420, 8640]
[5288, 300, 1140, 900, 320, 800, 260, 340, 860, 1240, 440, 440, 520, 480, 540, 500, 740, 680, 460, 680, 420, 8680]
[5310, 300, 1140, 900, 320, 800, 260, 340, 860, 1240, 440, 440, 520, 480, 580, 500, 740, 680, 460, 680, 420, 8700]
[5321, 300, 1140, 900, 320, 800, 260, 340, 860, 1240, 440, 440, 520, 500, 580, 500, 740, 680, 460, 680, 420, 8720]
[5336, 300, 1140, 900, 320, 800, 260, 340, 860, 1240, 440, 440, 520, 500, 580, 500, 740, 680, 460, 700, 420, 8740]
[5339, 300, 1140, 900, 320, 800, 260, 340, 860, 1240, 440, 440, 520, 500, 580, 500, 740, 680, 520, 700, 420, 8760]
[5349, 300, 1140, 900, 320, 800, 260, 340, 860, 1240, 440, 440, 520, 500, 600, 500, 740, 680, 520, 700, 420, 8780]
[5351, 300, 1140, 900, 320, 800, 280, 340, 860, 1240, 440, 440, 520, 500, 600, 500, 740, 680, 520, 700, 420, 8800]
[5355, 300, 1140, 900, 320, 820, 280, 340, 860, 1240, 440, 440, 520, 500, 600, 500, 740, 680, 520, 700, 420, 8820]
[5386, 300, 1140, 900, 320, 820, 280, 340, 860, 1240, 440, 440, 520, 500, 600, 500, 740, 680, 540, 700, 420, 8840]
[5400, 300, 1140, 900, 320, 820, 280, 340, 860, 1240, 440, 440, 520, 500, 620, 500, 740, 680, 540, 700, 420, 8860]
[5412, 300, 1180, 900, 320, 820, 280, 340, 860, 1240, 440, 440, 520, 500, 620, 500, 740, 680, 540, 700, 420, 8880]
[5424, 300, 1180, 900, 320, 820, 280, 340, 860, 1260, 440, 440, 520, 500, 620, 500, 740, 680, 540, 700, 420, 8900]
[5433, 300, 1180, 900, 320, 820, 280, 340, 860, 1260, 440, 440, 520, 500, 620, 500, 740, 680, 560, 700, 420, 8920]
[5437, 300, 1180, 900, 320, 820, 280, 340, 860, 1260, 440, 440, 520, 500, 620, 520, 740, 680, 560, 700, 440, 8960]
[5441, 300, 1180, 900, 320, 820, 280, 340, 860, 1260, 440, 440, 520, 500, 640, 520, 740, 680, 560, 700, 440, 8980]
[5454, 300, 1180, 900, 320, 820, 280, 340, 860, 1260, 440, 440, 520, 500, 640, 520, 800, 680, 560, 700, 440, 9000]
[5458, 300, 1180, 900, 320, 820, 280, 340, 860, 1260, 440, 440, 520, 500, 640, 520, 800, 680, 560, 740, 440, 9020]
[5459, 300, 1180, 900, 320, 820, 280, 360, 860, 1260, 440, 440, 520, 500, 640, 520, 800, 680, 560, 740, 440, 9040]
[5460, 300, 1180, 900, 320, 820, 280, 360, 860, 1260, 440, 440, 520, 520, 640, 520, 800, 680, 560, 740, 440, 9060]
[5466, 300, 1180, 900, 320, 820, 280, 360, 860, 1260, 440, 440, 520, 520, 640, 520, 800, 700, 560, 740, 440, 9080]
[5477, 300, 1180, 900, 320, 820, 280, 360, 860, 1260, 440, 440, 560, 520, 640, 520, 800, 700, 580, 740, 440, 9120]
[5484, 300, 1180, 900, 320, 820, 280, 360, 860, 1260, 440, 440, 560, 520, 660, 520, 800, 700, 580, 740, 440, 9140]
[5494, 300, 1180, 900, 320, 820, 280, 360, 880, 1260, 440, 460, 560, 520, 660, 520, 800, 700, 580, 740, 440, 9180]
[5503, 300, 1180, 900, 320, 820, 300, 360, 880, 1260, 440, 460, 560, 520, 660, 520, 800, 700, 580, 740, 440, 9200]
[5513, 300, 1180, 900, 340, 820, 300, 360, 880, 1260, 440, 460, 560, 520, 660, 520, 800, 700, 580, 740, 440, 9220]
[5518, 300, 1180, 900, 340, 820, 300, 360, 880, 1260, 440, 460, 560, 520, 660, 520, 820, 700, 580, 740, 440, 9240]
[5558, 300, 1180, 900, 340, 820, 300, 360, 880, 1280, 440, 460, 560, 520, 660, 520, 820, 700, 580, 740, 440, 9260]
[5612, 300, 1180, 900, 340, 820, 300, 360, 880, 1280, 440, 460, 560, 520, 660, 540, 820, 700, 580, 740, 440, 9280]
[5620, 300, 1180, 900, 340, 820, 300, 360, 880, 1280, 440, 460, 560, 520, 660, 540, 840, 700, 580, 740, 440, 9300]
[5622, 300, 1180, 900, 340, 820, 300, 360, 880, 1280, 440, 460, 560, 520, 700, 540, 840, 700, 580, 740, 440, 9320]
[5635, 300, 1180, 900, 340, 820, 300, 360, 900, 1280, 440, 460, 560, 520, 700, 540, 840, 700, 580, 740, 440, 9340]
[5648, 300, 1180, 900, 360, 820, 300, 360, 900, 1280, 440, 460, 560, 520, 700, 540, 840, 700, 580, 740, 440, 9360]
[5665, 300, 1200, 900, 360, 820, 300, 360, 900, 1280, 440, 460, 560, 520, 700, 540, 840, 700, 580, 740, 440, 9380]
[5676, 300, 1200, 900, 360, 820, 300, 360, 900, 1280, 440, 460, 560, 520, 700, 540, 840, 700, 580, 800, 440, 9400]
[5693, 300, 1200, 900, 360, 820, 300, 360, 900, 1280, 440, 460, 560, 540, 700, 540, 840, 700, 580, 800, 440, 9420]
[5723, 300, 1200, 900, 360, 820, 300, 360, 900, 1280, 440, 460, 560, 540, 700, 540, 840, 700, 580, 820, 440, 9440]
[5733, 300, 1200, 900, 360, 820, 300, 360, 900, 1280, 440, 460, 560, 540, 700, 540, 840, 700, 660, 820, 440, 9460]
[5735, 300, 1200, 900, 360, 820, 300, 360, 900, 1280, 440, 460, 560, 540, 700, 540, 840, 700, 660, 820, 460, 9480]
[5762, 300, 1200, 900, 360, 820, 300, 360, 900, 1280, 440, 480, 560, 540, 700, 540, 840, 700, 660, 820, 460, 9500]
[5775, 300, 1200, 900, 360, 820, 300, 380, 900, 1280, 440, 480, 560, 540, 700, 540, 840, 700, 660, 820, 460, 9520]
[5784, 300, 1200, 900, 360, 840, 300, 380, 900, 1280, 440, 480, 560, 540, 700, 540, 840, 700, 660, 820, 460, 9540]
[5834, 300, 1200, 900, 360, 840, 300, 380, 900, 1280, 440, 480, 560, 540, 700, 540, 840, 700, 660, 840, 460, 9560]
[5842, 300, 1200, 900, 360, 840, 300, 380, 900, 1280, 440, 480, 560, 540, 780, 540, 840, 700, 700, 840, 460, 9600]
[5855, 300, 1200, 900, 360, 840, 300, 380, 900, 1280, 440, 480, 580, 540, 780, 540, 840, 700, 700, 840, 460, 9620]
[5864, 300, 1200, 900, 360, 840, 300, 380, 900, 1280, 440, 480, 580, 540, 780, 540, 840, 700, 700, 840, 480, 9640]
[5868, 300, 1200, 900, 380, 840, 300, 380, 900, 1280, 440, 480, 580, 540, 780, 540, 840, 700, 700, 840, 480, 9660]
[5875, 300, 1200, 900, 380, 860, 300, 380, 900, 1280, 440, 480, 580, 540, 780, 540, 840, 700, 700, 840, 480, 9680]
[5906, 300, 1200, 900, 380, 860, 300, 380, 900, 1280, 440, 480, 580, 560, 780, 540, 840, 700, 700, 840, 480, 9700]
[5960, 300, 1220, 900, 380, 860, 300, 380, 900, 1280, 440, 480, 580, 560, 780, 540, 840, 700, 700, 840, 480, 9720]
[5992, 300, 1220, 900, 380, 880, 300, 380, 900, 1280, 440, 480, 580, 560, 780, 540, 840, 700, 700, 840, 480, 9740]
[6003, 300, 1220, 900, 380, 880, 300, 380, 900, 1280, 440, 480, 580, 560, 780, 540, 840, 700, 760, 840, 480, 9760]
[6009, 300, 1220, 900, 380, 880, 300, 380, 900, 1280, 440, 500, 580, 560, 780, 540, 840, 700, 760, 840, 480, 9780]
[6016, 300, 1220, 900, 380, 880, 300, 380, 900, 1280, 440, 500, 600, 560, 780, 540, 840, 700, 760, 840, 480, 9800]
[6017, 300, 1220, 900, 380, 880, 300, 380, 900, 1280, 440, 500, 600, 560, 840, 540, 840, 700, 760, 840, 480, 9820]
[6033, 300, 1240, 900, 380, 880, 300, 380, 900, 1280, 440, 500, 600, 560, 840, 540, 840, 700, 760, 840, 480, 9840]
[6102, 300, 1240, 900, 380, 880, 300, 380, 900, 1280, 440, 500, 600, 560, 840, 540, 840, 720, 760, 880, 480, 9880]
[6103, 300, 1240, 900, 380, 880, 300, 380, 900, 1280, 440, 500, 600, 560, 840, 540, 840, 720, 780, 880, 480, 9900]
[6127, 300, 1240, 900, 380, 880, 300, 380, 900, 1280, 440, 500, 600, 580, 840, 540, 840, 720, 780, 880, 480, 9920]
[6137, 300, 1240, 900, 380, 880, 300, 380, 900, 1280, 440, 520, 600, 580, 840, 540, 840, 720, 780, 880, 480, 9940]
[6140, 300, 1240, 900, 380, 880, 300, 380, 900, 1280, 460, 520, 600, 580, 840, 540, 840, 720, 780, 880, 480, 9960]
[6159, 300, 1240, 900, 380, 880, 300, 380, 900, 1280, 460, 520, 600, 580, 840, 580, 840, 720, 780, 880, 480, 9980]
[6161, 300, 1240, 900, 380, 880, 300, 380, 900, 1280, 460, 520, 600, 580, 840, 580, 840, 720, 780, 880, 500, 10000]
[6185, 300, 1260, 900, 380, 880, 300, 380, 900, 1280, 460, 520, 600, 580, 840, 580, 840, 720, 780, 880, 500, 10020]
[6187, 300, 1260, 900, 380, 880, 300, 380, 900, 1280, 460, 520, 600, 580, 840, 580, 940, 720, 780, 880, 500, 10040]
[6213, 300, 1260, 900, 380, 880, 300, 400, 900, 1280, 460, 520, 600, 580, 840, 580, 940, 720, 780, 880, 500, 10060]
[6214, 300, 1260, 900, 380, 880, 300, 400, 900, 1280, 460, 520, 600, 580, 860, 580, 940, 720, 780, 880, 500, 10080]
[6256, 300, 1260, 900, 380, 880, 300, 400, 900, 1280, 460, 520, 620, 580, 860, 580, 940, 720, 780, 880, 500, 10100]
[6269, 300, 1260, 900, 380, 880, 300, 400, 900, 1280, 460, 520, 620, 600, 860, 580, 940, 720, 780, 880, 500, 10120]
[6270, 300, 1260, 900, 380, 880, 300, 400, 900, 1280, 460, 520, 620, 600, 860, 580, 940, 720, 780, 900, 500, 10140]
[6276, 300, 1260, 900, 380, 880, 300, 400, 900, 1340, 460, 520, 620, 600, 860, 580, 940, 720, 780, 900, 500, 10160]
[6300, 300, 1260, 900, 380, 880, 300, 400, 900, 1340, 460, 520, 620, 600, 860, 580, 960, 720, 780, 900, 500, 10180]
[6308, 300, 1260, 900, 380, 880, 300, 400, 900, 1340, 460, 540, 620, 600, 860, 580, 960, 720, 780, 900, 500, 10200]
[6313, 300, 1260, 900, 380, 880, 300, 400, 900, 1340, 480, 540, 620, 600, 860, 580, 960, 720, 780, 900, 500, 10220]
[6323, 300, 1260, 900, 380, 880, 300, 400, 900, 1340, 480, 540, 620, 600, 860, 580, 960, 720, 800, 900, 500, 10240]
[6326, 300, 1260, 900, 380, 880, 300, 400, 900, 1340, 480, 540, 620, 600, 860, 600, 960, 720, 800, 900, 500, 10260]
[6381, 300, 1260, 900, 380, 880, 300, 400, 900, 1340, 480, 540, 620, 600, 860, 600, 960, 720, 800, 900, 520, 10280]
[6389, 300, 1260, 900, 380, 880, 300, 400, 900, 1340, 480, 540, 620, 600, 860, 600, 960, 720, 800, 920, 520, 10300]
[6406, 300, 1260, 900, 380, 880, 300, 400, 900, 1340, 480, 540, 620, 600, 880, 600, 960, 720, 800, 920, 520, 10320]
[6407, 300, 1260, 900, 380, 880, 320, 400, 900, 1340, 480, 540, 620, 600, 880, 600, 960, 720, 800, 920, 520, 10340]
[6432, 300, 1260, 900, 380, 880, 320, 400, 900, 1340, 500, 540, 620, 600, 880, 600, 960, 720, 800, 920, 520, 10360]
[6448, 300, 1260, 900, 380, 920, 320, 400, 900, 1340, 500, 540, 620, 600, 880, 600, 960, 720, 800, 920, 520, 10380]
[6462, 300, 1300, 900, 380, 920, 320, 400, 900, 1340, 500, 540, 620, 600, 880, 600, 960, 720, 800, 920, 520, 10400]
[6469, 300, 1300, 900, 380, 920, 320, 400, 900, 1340, 500, 540, 640, 600, 880, 600, 960, 720, 800, 920, 520, 10420]
[6478, 300, 1300, 900, 380, 920, 320, 400, 900, 1360, 500, 540, 640, 600, 880, 600, 960, 720, 800, 920, 520, 10440]
[6492, 300, 1300, 940, 380, 920, 320, 400, 900, 1360, 500, 540, 640, 600, 880, 600, 960, 720, 800, 920, 520, 10460]
[6497, 300, 1300, 940, 380, 920, 320, 400, 900, 1360, 500, 540, 640, 600, 900, 600, 960, 720, 800, 920, 520, 10480]
[6499, 300, 1300, 940, 380, 920, 320, 400, 900, 1360, 500, 540, 640, 600, 900, 600, 960, 760, 800, 920, 520, 10500]
[6507, 300, 1300, 940, 380, 920, 320, 400, 900, 1360, 500, 540, 640, 600, 900, 600, 960, 760, 800, 920, 540, 10520]
[6554, 300, 1300, 940, 380, 920, 340, 400, 900, 1360, 500, 540, 640, 600, 900, 600, 960, 760, 800, 920, 540, 10540]
[6568, 300, 1300, 940, 400, 920, 340, 400, 900, 1360, 500, 540, 640, 600, 900, 600, 960, 760, 800, 920, 540, 10560]
[6576, 300, 1300, 940, 400, 920, 340, 440, 900, 1360, 500, 540, 640, 600, 900, 600, 960, 760, 800, 920, 540, 10580]
[6588, 300, 1300, 940, 400, 920, 340, 440, 900, 1360, 500, 540, 640, 600, 900, 600, 960, 760, 840, 920, 540, 10600]
[6591, 300, 1300, 940, 400, 920, 340, 440, 900, 1360, 520, 540, 640, 600, 900, 600, 960, 760, 840, 920, 540, 10620]
[6610, 300, 1300, 940, 400, 920, 340, 440, 900, 1360, 520, 560, 640, 600, 900, 600, 960, 760, 840, 920, 540, 10640]
[6612, 300, 1300, 940, 400, 920, 340, 440, 900, 1360, 520, 560, 640, 600, 900, 620, 960, 760, 840, 920, 540, 10660]
[6620, 300, 1300, 940, 400, 920, 340, 440, 900, 1360, 520, 560, 640, 620, 900, 620, 960, 760, 840, 920, 540, 10680]
[6632, 300, 1300, 940, 400, 920, 340, 440, 900, 1360, 520, 560, 640, 620, 900, 620, 960, 760, 840, 920, 560, 10700]
[6641, 300, 1300, 940, 400, 920, 340, 440, 900, 1360, 520, 560, 640, 620, 900, 620, 980, 760, 840, 920, 560, 10720]
[6650, 300, 1300, 940, 400, 920, 340, 440, 900, 1380, 520, 560, 640, 620, 900, 620, 980, 760, 840, 920, 560, 10740]
[6674, 340, 1300, 940, 400, 920, 340, 440, 900, 1380, 520, 560, 640, 620, 920, 620, 980, 760, 840, 920, 560, 10780]
[6686, 340, 1300, 940, 400, 920, 360, 440, 900, 1380, 520, 560, 640, 620, 920, 620, 980, 760, 840, 920, 560, 10800]
[6733, 340, 1300, 940, 400, 960, 360, 440, 900, 1380, 520, 560, 640, 620, 920, 620, 980, 760, 840, 920, 560, 10820]
[6747, 340, 1320, 940, 400, 960, 360, 440, 900, 1380, 520, 560, 640, 620, 920, 620, 980, 760, 840, 920, 560, 10840]
[6752, 340, 1320, 940, 400, 960, 360, 440, 900, 1400, 520, 560, 640, 620, 920, 620, 980, 760, 840, 920, 560, 10860]
[6755, 340, 1320, 940, 400, 960, 360, 460, 900, 1400, 520, 560, 640, 620, 920, 620, 980, 760, 840, 920, 560, 10880]
[6772, 340, 1320, 940, 400, 960, 360, 460, 900, 1400, 520, 560, 640, 620, 920, 620, 980, 760, 840, 960, 560, 10900]
[6773, 340, 1320, 940, 400, 960, 360, 460, 900, 1400, 520, 560, 640, 620, 940, 620, 980, 760, 840, 960, 560, 10920]
[6782, 340, 1320, 940, 400, 960, 380, 460, 900, 1400, 520, 560, 640, 620, 940, 620, 980, 760, 840, 960, 560, 10940]
[6787, 340, 1320, 980, 400, 960, 380, 460, 900, 1400, 520, 560, 640, 620, 940, 620, 980, 760, 840, 960, 560, 10960]
[6803, 340, 1320, 980, 400, 960, 380, 460, 900, 1400, 520, 580, 640, 620, 940, 620, 980, 760, 840, 960, 560, 10980]
[6828, 360, 1320, 980, 400, 960, 380, 460, 900, 1400, 520, 580, 640, 620, 940, 620, 980, 760, 840, 960, 560, 11000]
[6832, 360, 1340, 980, 400, 960, 380, 460, 900, 1400, 520, 580, 640, 620, 940, 620, 980, 760, 840, 960, 560, 11020]
[6838, 360, 1340, 980, 400, 960, 380, 460, 900, 1400, 520, 580, 640, 620, 940, 620, 980, 780, 840, 960, 560, 11040]
[6842, 360, 1340, 980, 400, 960, 380, 460, 900, 1400, 520, 580, 640, 660, 940, 620, 980, 780, 840, 960, 560, 11060]
[6844, 360, 1340, 980, 400, 960, 380, 460, 900, 1400, 520, 580, 640, 660, 940, 620, 1020, 780, 840, 960, 560, 11080]
[6846, 360, 1340, 980, 400, 960, 380, 460, 900, 1400, 520, 580, 640, 660, 940, 620, 1020, 780, 840, 960, 580, 11100]
[6848, 360, 1340, 980, 400, 960, 380, 480, 900, 1400, 520, 580, 640, 660, 940, 620, 1020, 780, 840, 960, 580, 11120]
[6858, 360, 1340, 980, 400, 960, 380, 480, 900, 1400, 520, 580, 640, 660, 940, 620, 1020, 780, 860, 960, 580, 11140]
[6862, 360, 1340, 980, 400, 960, 380, 480, 900, 1400, 520, 600, 640, 660, 940, 620, 1020, 780, 860, 960, 580, 11160]
[6883, 360, 1340, 980, 400, 960, 400, 480, 900, 1400, 520, 600, 640, 660, 940, 620, 1020, 780, 860, 960, 580, 11180]
[6898, 360, 1340, 1020, 400, 960, 400, 480, 900, 1400, 520, 600, 640, 660, 940, 620, 1020, 780, 860, 960, 580, 11200]
[6919, 360, 1340, 1020, 400, 960, 400, 480, 900, 1400, 520, 600, 640, 660, 980, 620, 1020, 780, 860, 960, 580, 11220]
[6960, 360, 1340, 1020, 400, 960, 400, 480, 900, 1400, 520, 600, 640, 680, 980, 620, 1020, 780, 860, 960, 580, 11240]
[6965, 360, 1340, 1020, 400, 960, 400, 480, 900, 1400, 520, 640, 640, 680, 980, 620, 1020, 780, 860, 960, 580, 11260]
[6975, 360, 1340, 1020, 400, 980, 400, 480, 900, 1400, 520, 640, 640, 680, 980, 620, 1020, 780, 860, 960, 580, 11280]
[6987, 360, 1340, 1020, 400, 980, 400, 480, 900, 1440, 520, 640, 640, 680, 980, 620, 1020, 780, 860, 960, 580, 11300]
[6988, 360, 1340, 1020, 400, 980, 400, 480, 900, 1440, 520, 640, 640, 680, 980, 620, 1020, 780, 860, 980, 580, 11320]
[6996, 360, 1340, 1020, 400, 980, 400, 480, 900, 1440, 520, 640, 640, 680, 980, 620, 1020, 800, 860, 980, 580, 11340]
[7012, 360, 1340, 1020, 400, 980, 400, 480, 900, 1440, 520, 640, 640, 680, 980, 620, 1040, 800, 860, 980, 580, 11360]
[7037, 360, 1340, 1020, 400, 980, 420, 480, 900, 1440, 520, 640, 640, 680, 980, 620, 1040, 800, 860, 980, 580, 11380]
[7041, 360, 1340, 1020, 400, 1000, 420, 480, 900, 1440, 520, 640, 640, 680, 980, 620, 1040, 800, 860, 980, 580, 11400]
[7042, 360, 1340, 1020, 400, 1000, 420, 480, 900, 1440, 520, 640, 680, 680, 980, 620, 1040, 800, 860, 980, 580, 11420]
[7046, 360, 1340, 1020, 400, 1000, 420, 480, 900, 1440, 520, 640, 680, 680, 1000, 620, 1040, 800, 860, 980, 580, 11440]
[7059, 400, 1340, 1020, 400, 1000, 420, 480, 900, 1440, 520, 640, 680, 680, 1000, 620, 1040, 800, 860, 980, 580, 11460]
[7084, 400, 1340, 1020, 400, 1000, 420, 480, 900, 1440, 520, 640, 680, 700, 1000, 620, 1040, 800, 860, 980, 580, 11480]
[7088, 400, 1340, 1060, 400, 1020, 420, 480, 900, 1440, 520, 640, 680, 700, 1000, 620, 1040, 800, 860, 980, 580, 11520]
[7097, 400, 1340, 1060, 400, 1020, 420, 480, 900, 1460, 520, 640, 680, 700, 1000, 620, 1040, 800, 860, 980, 580, 11540]
[7103, 400, 1340, 1060, 400, 1020, 420, 480, 900, 1460, 520, 660, 680, 700, 1000, 620, 1040, 800, 860, 980, 580, 11560]
[7107, 400, 1340, 1060, 400, 1020, 420, 480, 900, 1460, 520, 660, 680, 700, 1000, 620, 1040, 800, 880, 980, 580, 11580]
[7112, 400, 1340, 1060, 400, 1020, 420, 480, 900, 1460, 520, 660, 680, 700, 1000, 620, 1040, 840, 880, 980, 580, 11600]
[7115, 400, 1340, 1060, 400, 1020, 420, 500, 900, 1460, 520, 660, 680, 700, 1000, 620, 1040, 840, 880, 980, 580, 11620]
[7131, 400, 1340, 1060, 420, 1020, 420, 500, 900, 1460, 520, 660, 680, 700, 1000, 620, 1040, 840, 880, 980, 580, 11640]
[7154, 400, 1340, 1060, 420, 1020, 420, 500, 900, 1460, 560, 660, 680, 700, 1000, 620, 1040, 840, 880, 980, 580, 11660]
[7175, 400, 1340, 1060, 420, 1020, 420, 500, 900, 1460, 560, 660, 700, 700, 1000, 620, 1040, 840, 880, 980, 580, 11680]
[7184, 400, 1340, 1060, 420, 1020, 420, 500, 900, 1460, 560, 660, 700, 720, 1000, 620, 1040, 840, 880, 980, 580, 11700]
[7192, 400, 1340, 1060, 420, 1020, 420, 500, 900, 1460, 560, 660, 700, 720, 1000, 620, 1040, 840, 880, 980, 600, 11720]
[7194, 400, 1340, 1060, 420, 1020, 420, 500, 900, 1460, 560, 660, 700, 720, 1000, 620, 1040, 840, 900, 980, 600, 11740]
[7196, 400, 1340, 1060, 420, 1060, 420, 500, 900, 1460, 560, 660, 700, 720, 1000, 620, 1040, 840, 900, 980, 600, 11760]
[7227, 400, 1340, 1060, 420, 1060, 420, 500, 900, 1460, 560, 680, 700, 720, 1000, 620, 1040, 840, 900, 980, 600, 11780]
[7233, 400, 1340, 1060, 420, 1060, 420, 500, 900, 1460, 560, 680, 700, 720, 1000, 620, 1040, 880, 900, 980, 600, 11800]
[7237, 400, 1340, 1060, 420, 1060, 440, 500, 900, 1460, 560, 680, 700, 720, 1000, 620, 1040, 880, 900, 980, 600, 11820]
[7246, 400, 1340, 1060, 420, 1060, 440, 520, 900, 1460, 560, 680, 700, 720, 1000, 620, 1040, 880, 900, 980, 600, 11840]
[7295, 400, 1340, 1060, 420, 1060, 440, 520, 900, 1460, 580, 680, 700, 720, 1000, 620, 1040, 880, 900, 980, 600, 11860]
[7306, 400, 1340, 1060, 420, 1060, 440, 520, 900, 1460, 580, 680, 700, 720, 1000, 620, 1040, 880, 900, 980, 620, 11880]
[7311, 400, 1340, 1060, 420, 1060, 440, 520, 900, 1460, 580, 680, 700, 720, 1000, 620, 1080, 880, 900, 980, 620, 11900]
[7318, 400, 1340, 1060, 420, 1060, 440, 520, 900, 1460, 580, 680, 700, 720, 1020, 620, 1080, 880, 900, 980, 620, 11920]
[7324, 400, 1340, 1060, 420, 1060, 440, 520, 960, 1460, 580, 700, 700, 720, 1020, 620, 1080, 880, 900, 980, 620, 11960]
[7348, 400, 1340, 1080, 420, 1060, 440, 520, 960, 1460, 580, 700, 700, 720, 1020, 620, 1080, 880, 900, 980, 620, 11980]
[7354, 400, 1340, 1080, 420, 1060, 440, 520, 960, 1460, 580, 700, 700, 760, 1020, 620, 1080, 880, 900, 980, 620, 12000]
[7380, 400, 1340, 1080, 420, 1060, 440, 520, 960, 1460, 580, 700, 700, 760, 1020, 620, 1100, 880, 900, 980, 620, 12020]
[7396, 400, 1340, 1080, 420, 1060, 440, 520, 960, 1460, 580, 700, 700, 760, 1040, 620, 1100, 880, 900, 980, 620, 12040]
[7419, 400, 1340, 1080, 420, 1060, 440, 520, 960, 1460, 580, 700, 700, 780, 1040, 620, 1100, 880, 900, 980, 620, 12060]
[7432, 400, 1340, 1080, 420, 1060, 440, 520, 960, 1460, 580, 700, 700, 780, 1040, 620, 1100, 880, 900, 1020, 620, 12080]
[7443, 400, 1340, 1080, 420, 1060, 440, 520, 980, 1460, 580, 700, 700, 780, 1040, 620, 1100, 880, 900, 1020, 620, 12100]
[7453, 400, 1340, 1080, 420, 1060, 440, 520, 980, 1460, 600, 740, 700, 780, 1040, 620, 1100, 880, 900, 1020, 620, 12140]
[7456, 400, 1340, 1080, 420, 1080, 440, 520, 980, 1460, 600, 740, 700, 780, 1040, 620, 1100, 880, 900, 1020, 620, 12160]
[7460, 400, 1340, 1080, 420, 1080, 440, 520, 980, 1460, 600, 740, 700, 780, 1040, 660, 1100, 880, 900, 1020, 620, 12180]
[7476, 400, 1340, 1080, 420, 1080, 440, 540, 980, 1460, 600, 740, 700, 780, 1040, 660, 1100, 880, 900, 1020, 620, 12200]
[7510, 400, 1340, 1080, 420, 1080, 440, 540, 980, 1460, 600, 740, 700, 780, 1040, 660, 1100, 900, 900, 1020, 620, 12220]
[7521, 400, 1340, 1080, 420, 1080, 440, 540, 980, 1460, 600, 740, 740, 780, 1040, 660, 1100, 900, 900, 1020, 620, 12240]
[7538, 400, 1340, 1080, 420, 1080, 440, 540, 1000, 1460, 600, 740, 740, 780, 1040, 660, 1100, 900, 900, 1020, 620, 12260]
[7541, 400, 1340, 1080, 420, 1080, 440, 540, 1000, 1460, 600, 740, 740, 780, 1040, 680, 1100, 900, 900, 1020, 620, 12280]
[7546, 400, 1340, 1080, 420, 1080, 440, 540, 1000, 1460, 620, 740, 740, 780, 1040, 680, 1100, 900, 900, 1020, 620, 12300]
[7550, 400, 1340, 1080, 420, 1080, 440, 540, 1000, 1460, 620, 740, 740, 780, 1060, 680, 1100, 900, 900, 1020, 620, 12320]
[7553, 400, 1340, 1080, 420, 1080, 440, 540, 1000, 1460, 620, 740, 740, 780, 1060, 680, 1100, 900, 900, 1040, 620, 12340]
[7557, 400, 1360, 1080, 420, 1080, 440, 540, 1000, 1460, 620, 740, 740, 780, 1060, 680, 1100, 900, 900, 1040, 620, 12360]
[7561, 400, 1360, 1080, 460, 1080, 440, 540, 1000, 1460, 620, 740, 740, 780, 1060, 680, 1100, 900, 900, 1040, 620, 12380]
[7576, 400, 1360, 1080, 460, 1080, 440, 540, 1000, 1460, 620, 740, 740, 780, 1060, 680, 1100, 920, 900, 1040, 620, 12400]
[7592, 400, 1360, 1080, 460, 1080, 440, 560, 1000, 1460, 620, 740, 740, 780, 1060, 680, 1100, 920, 900, 1040, 620, 12420]
[7597, 400, 1360, 1080, 460, 1080, 440, 560, 1000, 1480, 640, 740, 740, 780, 1060, 680, 1100, 920, 900, 1040, 620, 12460]
[7625, 400, 1360, 1080, 460, 1080, 440, 560, 1000, 1480, 640, 740, 740, 780, 1060, 680, 1100, 920, 920, 1040, 620, 12480]
[7665, 400, 1360, 1080, 460, 1080, 440, 560, 1000, 1480, 640, 740, 740, 800, 1060, 680, 1100, 920, 920, 1040, 620, 12500]
[7669, 400, 1360, 1080, 460, 1080, 440, 560, 1000, 1480, 660, 740, 740, 800, 1060, 680, 1100, 920, 920, 1040, 620, 12520]
[7673, 400, 1360, 1080, 460, 1080, 440, 560, 1000, 1480, 660, 740, 740, 800, 1080, 680, 1100, 920, 920, 1040, 620, 12540]
[7685, 400, 1360, 1080, 460, 1080, 440, 560, 1000, 1480, 660, 740, 740, 800, 1080, 680, 1140, 920, 920, 1040, 620, 12560]
[7686, 400, 1360, 1080, 460, 1080, 440, 560, 1000, 1480, 660, 740, 740, 800, 1080, 700, 1140, 920, 920, 1040, 620, 12580]
[7708, 400, 1360, 1080, 460, 1080, 440, 560, 1000, 1480, 660, 740, 740, 800, 1080, 700, 1140, 920, 940, 1040, 620, 12600]
[7713, 400, 1360, 1080, 460, 1100, 440, 560, 1000, 1480, 660, 740, 740, 800, 1080, 700, 1140, 920, 940, 1040, 620, 12620]
[7725, 400, 1360, 1080, 460, 1100, 440, 560, 1000, 1480, 660, 740, 740, 800, 1080, 700, 1140, 920, 940, 1060, 620, 12640]
[7742, 400, 1360, 1080, 460, 1100, 460, 560, 1000, 1480, 660, 740, 740, 800, 1080, 700, 1140, 920, 940, 1060, 620, 12660]
[7748, 400, 1360, 1080, 460, 1100, 460, 560, 1000, 1480, 680, 740, 740, 800, 1080, 700, 1140, 920, 940, 1060, 620, 12680]
[7750, 400, 1360, 1080, 460, 1100, 460, 580, 1000, 1480, 680, 740, 740, 800, 1080, 700, 1140, 920, 940, 1060, 620, 12700]
[7754, 400, 1360, 1080, 460, 1100, 460, 580, 1000, 1480, 680, 740, 800, 800, 1080, 700, 1140, 920, 940, 1060, 620, 12720]
[7768, 400, 1360, 1080, 460, 1100, 460, 580, 1000, 1480, 680, 760, 800, 800, 1080, 700, 1140, 920, 940, 1060, 620, 12740]
[7780, 400, 1360, 1080, 460, 1100, 460, 580, 1000, 1480, 680, 760, 800, 800, 1080, 700, 1140, 940, 940, 1060, 620, 12760]
[7787, 400, 1360, 1080, 460, 1100, 460, 580, 1000, 1480, 680, 760, 800, 800, 1080, 720, 1140, 940, 940, 1060, 620, 12780]
[7819, 420, 1360, 1080, 460, 1100, 460, 580, 1000, 1480, 680, 760, 800, 800, 1080, 720, 1140, 940, 940, 1060, 620, 12800]
[7823, 420, 1360, 1080, 460, 1100, 460, 580, 1040, 1480, 680, 760, 800, 800, 1080, 720, 1140, 940, 940, 1060, 620, 12820]
[7831, 420, 1360, 1080, 460, 1100, 460, 580, 1040, 1480, 680, 760, 800, 800, 1100, 720, 1140, 940, 940, 1060, 620, 12840]
[7836, 420, 1360, 1080, 460, 1100, 460, 580, 1040, 1480, 680, 760, 800, 800, 1100, 720, 1140, 940, 940, 1060, 660, 12860]
[7838, 420, 1360, 1080, 460, 1100, 460, 580, 1040, 1480, 680, 760, 820, 800, 1100, 720, 1140, 940, 940, 1060, 660, 12880]
[7861, 420, 1360, 1080, 460, 1100, 460, 600, 1040, 1480, 680, 760, 820, 800, 1100, 720, 1140, 940, 940, 1060, 660, 12900]
[7894, 420, 1360, 1080, 460, 1100, 460, 600, 1040, 1480, 680, 760, 820, 800, 1100, 720, 1140, 940, 960, 1060, 660, 12920]
[7900, 420, 1360, 1080, 460, 1100, 460, 600, 1040, 1480, 680, 760, 820, 820, 1100, 720, 1140, 940, 960, 1060, 660, 12940]
[7920, 420, 1360, 1080, 460, 1100, 460, 600, 1040, 1480, 680, 780, 820, 820, 1100, 720, 1140, 940, 960, 1060, 660, 12960]
[7949, 440, 1360, 1080, 460, 1100, 460, 600, 1040, 1480, 680, 780, 820, 820, 1100, 720, 1140, 940, 960, 1060, 660, 12980]
[7977, 440, 1360, 1080, 460, 1100, 460, 600, 1060, 1480, 680, 780, 820, 820, 1100, 720, 1140, 940, 960, 1060, 660, 13000]
[7992, 440, 1360, 1080, 460, 1100, 460, 600, 1060, 1480, 680, 780, 820, 820, 1100, 720, 1140, 960, 960, 1060, 660, 13020]
[7994, 440, 1360, 1080, 460, 1100, 460, 600, 1060, 1480, 680, 780, 820, 820, 1100, 720, 1140, 960, 960, 1060, 680, 13040]
[7996, 440, 1360, 1080, 460, 1100, 460, 620, 1060, 1480, 680, 780, 820, 820, 1100, 720, 1140, 960, 960, 1060, 680, 13060]
[8021, 440, 1360, 1080, 460, 1100, 460, 620, 1060, 1480, 680, 780, 820, 820, 1100, 740, 1140, 960, 960, 1060, 680, 13080]
[8026, 440, 1360, 1080, 460, 1100, 460, 620, 1060, 1480, 680, 780, 840, 820, 1100, 740, 1140, 960, 960, 1060, 680, 13100]
[8044, 440, 1360, 1080, 460, 1100, 460, 620, 1060, 1480, 680, 780, 840, 820, 1100, 740, 1140, 960, 960, 1080, 680, 13120]
[8045, 440, 1360, 1080, 500, 1100, 460, 620, 1060, 1480, 680, 780, 840, 820, 1100, 740, 1140, 960, 960, 1080, 680, 13140]
[8053, 440, 1360, 1080, 500, 1100, 460, 620, 1060, 1480, 680, 780, 840, 820, 1140, 740, 1140, 960, 960, 1080, 680, 13160]
[8060, 440, 1360, 1080, 500, 1100, 460, 620, 1060, 1480, 680, 780, 840, 840, 1140, 740, 1140, 960, 960, 1080, 680, 13180]
[8083, 440, 1360, 1080, 500, 1100, 500, 620, 1060, 1480, 680, 780, 840, 840, 1140, 740, 1140, 960, 960, 1080, 680, 13200]
[8139, 440, 1360, 1080, 500, 1100, 500, 620, 1060, 1480, 680, 780, 840, 840, 1140, 740, 1140, 960, 960, 1080, 700, 13220]
[8158, 440, 1360, 1080, 500, 1100, 520, 620, 1060, 1500, 680, 780, 840, 840, 1140, 740, 1140, 960, 960, 1080, 700, 13260]
[8164, 440, 1360, 1080, 500, 1100, 520, 620, 1060, 1500, 700, 780, 840, 840, 1140, 740, 1140, 960, 960, 1080, 700, 13280]
[8166, 440, 1360, 1100, 520, 1100, 520, 620, 1060, 1500, 700, 780, 840, 840, 1140, 740, 1140, 960, 960, 1080, 700, 13320]
[8168, 440, 1360, 1100, 520, 1140, 520, 620, 1060, 1500, 700, 780, 840, 840, 1140, 740, 1140, 960, 960, 1080, 700, 13340]
[8185, 440, 1360, 1100, 520, 1140, 520, 620, 1060, 1500, 700, 780, 900, 840, 1140, 740, 1140, 960, 960, 1080, 700, 13360]
[8192, 480, 1360, 1100, 520, 1140, 520, 620, 1060, 1500, 700, 780, 900, 840, 1140, 740, 1140, 960, 960, 1080, 700, 13380]
[8193, 480, 1360, 1100, 520, 1140, 520, 620, 1060, 1500, 700, 780, 900, 840, 1140, 740, 1140, 960, 960, 1140, 700, 13400]
[8209, 480, 1360, 1100, 520, 1140, 520, 620, 1080, 1500, 700, 780, 900, 840, 1140, 740, 1140, 960, 960, 1140, 700, 13420]
[8214, 480, 1360, 1100, 520, 1140, 520, 620, 1080, 1500, 700, 780, 900, 840, 1140, 740, 1140, 980, 960, 1140, 700, 13440]
[8223, 480, 1360, 1100, 520, 1140, 520, 620, 1080, 1500, 700, 780, 920, 860, 1140, 740, 1140, 980, 960, 1140, 700, 13480]
[8227, 480, 1360, 1100, 520, 1140, 520, 620, 1080, 1500, 700, 780, 920, 860, 1140, 740, 1160, 980, 960, 1140, 700, 13500]
[8228, 480, 1360, 1100, 520, 1140, 520, 620, 1080, 1500, 700, 780, 920, 860, 1140, 760, 1160, 980, 960, 1140, 700, 13520]
[8239, 480, 1360, 1100, 520, 1140, 520, 620, 1080, 1500, 700, 780, 920, 860, 1140, 760, 1160, 980, 960, 1160, 700, 13540]
[8251, 480, 1360, 1100, 520, 1140, 520, 620, 1080, 1500, 700, 820, 920, 860, 1140, 760, 1160, 980, 960, 1160, 700, 13560]
[8277, 480, 1360, 1100, 520, 1140, 520, 620, 1080, 1500, 700, 820, 920, 860, 1140, 760, 1160, 980, 960, 1180, 700, 13580]
[8307, 480, 1360, 1100, 520, 1140, 520, 620, 1080, 1500, 700, 820, 920, 860, 1180, 760, 1160, 980, 960, 1180, 700, 13600]
[8311, 480, 1360, 1100, 520, 1140, 520, 620, 1080, 1500, 700, 820, 960, 860, 1180, 760, 1160, 980, 960, 1180, 700, 13620]
[8317, 480, 1360, 1100, 520, 1140, 520, 620, 1080, 1500, 700, 820, 960, 860, 1180, 760, 1160, 980, 960, 1200, 700, 13640]
[8342, 500, 1360, 1100, 520, 1140, 520, 620, 1080, 1500, 700, 820, 960, 860, 1180, 760, 1160, 980, 960, 1200, 700, 13660]
[8345, 500, 1360, 1100, 520, 1140, 520, 620, 1080, 1500, 700, 820, 980, 860, 1180, 760, 1160, 980, 960, 1200, 700, 13680]
[8352, 500, 1360, 1100, 520, 1140, 520, 620, 1080, 1500, 700, 820, 980, 860, 1180, 760, 1160, 980, 960, 1220, 700, 13700]
[8393, 500, 1360, 1100, 520, 1140, 520, 620, 1080, 1500, 700, 820, 980, 860, 1180, 760, 1160, 980, 960, 1240, 700, 13720]
[8405, 500, 1360, 1100, 520, 1140, 520, 620, 1080, 1500, 700, 820, 980, 860, 1200, 760, 1160, 980, 960, 1240, 700, 13740]
[8411, 500, 1360, 1100, 520, 1140, 520, 620, 1080, 1500, 700, 820, 980, 860, 1200, 760, 1180, 980, 960, 1240, 700, 13760]
[8412, 500, 1360, 1100, 560, 1140, 520, 620, 1080, 1500, 700, 820, 980, 860, 1200, 760, 1180, 980, 960, 1240, 700, 13780]
[8422, 520, 1360, 1100, 560, 1140, 520, 620, 1080, 1500, 700, 820, 980, 860, 1200, 760, 1180, 980, 960, 1240, 700, 13800]
[8424, 520, 1360, 1100, 560, 1140, 520, 620, 1080, 1500, 720, 820, 980, 860, 1200, 760, 1180, 980, 960, 1240, 700, 13820]
[8428, 520, 1360, 1100, 560, 1140, 520, 620, 1080, 1500, 720, 820, 980, 860, 1200, 760, 1180, 980, 960, 1240, 720, 13840]
[8429, 520, 1360, 1100, 560, 1140, 520, 620, 1080, 1500, 720, 820, 1020, 860, 1200, 780, 1180, 980, 960, 1240, 720, 13880]
[8433, 520, 1360, 1100, 560, 1140, 520, 620, 1080, 1500, 720, 820, 1020, 880, 1200, 780, 1180, 980, 960, 1240, 720, 13900]
[8435, 520, 1360, 1100, 560, 1140, 520, 620, 1080, 1500, 720, 820, 1020, 880, 1200, 780, 1180, 980, 960, 1260, 720, 13920]
[8459, 520, 1360, 1100, 560, 1140, 520, 620, 1080, 1500, 720, 820, 1020, 880, 1200, 780, 1180, 1000, 960, 1260, 720, 13940]
[8475, 520, 1360, 1100, 560, 1140, 520, 640, 1080, 1500, 720, 820, 1020, 880, 1200, 780, 1180, 1000, 960, 1260, 720, 13960]
[8485, 520, 1360, 1100, 560, 1140, 520, 640, 1080, 1500, 720, 820, 1040, 880, 1200, 780, 1180, 1000, 960, 1260, 720, 13980]
[8500, 520, 1360, 1100, 560, 1140, 520, 640, 1080, 1500, 720, 820, 1040, 880, 1200, 800, 1180, 1000, 960, 1260, 720, 14000]
[8521, 520, 1360, 1100, 560, 1140, 520, 640, 1080, 1500, 720, 820, 1060, 880, 1200, 800, 1180, 1000, 960, 1260, 720, 14020]
[8527, 520, 1360, 1100, 560, 1140, 520, 640, 1080, 1500, 720, 840, 1060, 880, 1200, 800, 1180, 1000, 960, 1260, 720, 14040]
[8543, 520, 1420, 1100, 560, 1140, 520, 640, 1080, 1500, 720, 840, 1060, 880, 1200, 800, 1180, 1000, 960, 1260, 720, 14060]
[8550, 520, 1420, 1100, 560, 1140, 520, 640, 1100, 1500, 720, 840, 1060, 880, 1200, 800, 1180, 1000, 960, 1260, 720, 14080]
[8553, 520, 1420, 1100, 560, 1140, 520, 640, 1100, 1520, 720, 840, 1060, 880, 1200, 800, 1180, 1020, 960, 1260, 720, 14120]
[8555, 520, 1420, 1100, 560, 1140, 520, 640, 1100, 1520, 720, 840, 1080, 880, 1200, 800, 1180, 1020, 960, 1260, 720, 14140]
[8585, 540, 1420, 1100, 560, 1140, 520, 640, 1100, 1520, 720, 840, 1080, 880, 1200, 800, 1180, 1020, 960, 1260, 720, 14160]
[8595, 540, 1420, 1100, 560, 1140, 520, 640, 1100, 1520, 720, 860, 1080, 880, 1200, 800, 1180, 1020, 960, 1260, 720, 14180]
[8619, 540, 1420, 1100, 560, 1140, 520, 640, 1100, 1520, 720, 860, 1080, 880, 1200, 820, 1180, 1020, 960, 1260, 720, 14200]
[8630, 540, 1420, 1100, 560, 1140, 520, 640, 1100, 1520, 720, 860, 1120, 880, 1200, 820, 1180, 1020, 960, 1360, 720, 14240]
[8640, 540, 1420, 1100, 560, 1140, 520, 640, 1100, 1520, 720, 860, 1120, 880, 1200, 820, 1200, 1020, 960, 1360, 720, 14260]
[8664, 540, 1420, 1100, 560, 1140, 520, 640, 1100, 1520, 720, 860, 1120, 880, 1200, 820, 1200, 1020, 1000, 1360, 740, 14300]
[8672, 540, 1420, 1100, 560, 1140, 520, 640, 1100, 1540, 720, 860, 1120, 880, 1200, 820, 1200, 1020, 1000, 1360, 740, 14320]
[8683, 540, 1420, 1100, 560, 1140, 520, 640, 1100, 1540, 720, 860, 1120, 880, 1240, 820, 1200, 1020, 1000, 1360, 740, 14340]
[8692, 540, 1420, 1100, 560, 1140, 520, 640, 1100, 1540, 720, 860, 1120, 880, 1240, 820, 1200, 1040, 1000, 1360, 740, 14360]
[8722, 540, 1420, 1100, 560, 1140, 520, 640, 1100, 1540, 720, 860, 1120, 880, 1240, 820, 1200, 1040, 1000, 1400, 740, 14380]
[8736, 540, 1420, 1100, 560, 1140, 520, 660, 1100, 1540, 720, 860, 1120, 880, 1240, 820, 1200, 1040, 1000, 1400, 740, 14400]
[8744, 540, 1440, 1100, 560, 1140, 520, 660, 1100, 1540, 720, 860, 1120, 880, 1240, 820, 1200, 1040, 1000, 1400, 740, 14420]
[8749, 540, 1440, 1100, 560, 1140, 520, 660, 1100, 1540, 720, 860, 1120, 880, 1240, 820, 1200, 1040, 1000, 1420, 740, 14440]
[8752, 540, 1440, 1100, 560, 1140, 520, 660, 1100, 1540, 720, 860, 1120, 880, 1240, 820, 1220, 1040, 1000, 1420, 740, 14460]
[8761, 540, 1440, 1100, 560, 1160, 520, 660, 1100, 1540, 720, 860, 1120, 900, 1240, 820, 1220, 1040, 1000, 1420, 740, 14500]
[8767, 540, 1440, 1100, 560, 1160, 520, 660, 1100, 1540, 720, 860, 1120, 900, 1240, 820, 1220, 1040, 1020, 1420, 740, 14520]
[8770, 540, 1440, 1100, 560, 1160, 520, 660, 1100, 1540, 720, 860, 1120, 900, 1240, 820, 1220, 1040, 1020, 1420, 760, 14540]
[8808, 540, 1440, 1100, 560, 1160, 520, 660, 1100, 1540, 720, 860, 1200, 900, 1240, 820, 1220, 1040, 1020, 1420, 760, 14560]
[8830, 540, 1440, 1100, 560, 1160, 520, 660, 1100, 1540, 720, 880, 1200, 900, 1240, 820, 1220, 1040, 1020, 1420, 760, 14580]
[8841, 540, 1440, 1100, 560, 1160, 520, 660, 1100, 1540, 720, 880, 1200, 900, 1240, 820, 1220, 1040, 1020, 1440, 760, 14600]
[8842, 540, 1440, 1100, 560, 1160, 520, 660, 1100, 1540, 720, 880, 1200, 900, 1240, 820, 1220, 1060, 1020, 1440, 760, 14620]
[8856, 540, 1440, 1100, 560, 1160, 520, 660, 1100, 1540, 740, 880, 1200, 900, 1240, 820, 1220, 1060, 1020, 1440, 760, 14640]
[8865, 540, 1440, 1100, 560, 1160, 520, 680, 1100, 1560, 740, 880, 1200, 900, 1240, 820, 1220, 1060, 1020, 1440, 760, 14680]
[8888, 540, 1440, 1100, 560, 1160, 520, 680, 1100, 1560, 740, 880, 1200, 900, 1240, 860, 1220, 1060, 1020, 1440, 760, 14700]
[8893, 540, 1440, 1100, 560, 1160, 520, 680, 1100, 1560, 740, 880, 1200, 920, 1240, 860, 1220, 1060, 1020, 1440, 760, 14720]
[8919, 540, 1440, 1100, 560, 1160, 520, 680, 1100, 1560, 740, 880, 1200, 920, 1240, 860, 1220, 1060, 1020, 1440, 780, 14740]
[8921, 540, 1440, 1100, 560, 1160, 520, 680, 1100, 1560, 740, 880, 1220, 920, 1240, 860, 1220, 1060, 1020, 1440, 780, 14760]
[8925, 540, 1440, 1100, 560, 1160, 520, 680, 1100, 1560, 740, 880, 1220, 920, 1240, 860, 1220, 1060, 1040, 1440, 780, 14780]
[8931, 540, 1440, 1100, 560, 1160, 520, 680, 1100, 1560, 740, 880, 1220, 920, 1240, 860, 1220, 1060, 1040, 1460, 780, 14800]
[8955, 540, 1440, 1100, 560, 1160, 520, 680, 1100, 1560, 740, 880, 1220, 920, 1240, 860, 1240, 1060, 1040, 1460, 780, 14820]
[8978, 540, 1440, 1100, 560, 1160, 520, 680, 1100, 1580, 740, 880, 1220, 920, 1240, 860, 1240, 1060, 1040, 1460, 780, 14840]
[9004, 540, 1440, 1100, 560, 1160, 520, 680, 1100, 1580, 740, 880, 1220, 920, 1240, 860, 1240, 1080, 1040, 1460, 780, 14860]
[9012, 540, 1440, 1100, 560, 1160, 520, 680, 1100, 1580, 740, 880, 1220, 920, 1240, 880, 1240, 1080, 1040, 1460, 780, 14880]
[9025, 540, 1440, 1100, 560, 1160, 520, 680, 1100, 1580, 740, 880, 1220, 920, 1240, 880, 1240, 1080, 1040, 1460, 800, 14900]
[9029, 540, 1440, 1100, 560, 1160, 520, 680, 1100, 1580, 740, 880, 1240, 920, 1240, 880, 1240, 1080, 1040, 1480, 800, 14940]
[9051, 540, 1440, 1100, 560, 1160, 520, 680, 1100, 1580, 740, 880, 1240, 920, 1280, 880, 1240, 1080, 1040, 1480, 800, 14960]
[9069, 540, 1440, 1100, 560, 1160, 520, 680, 1100, 1580, 740, 880, 1240, 920, 1280, 880, 1260, 1080, 1040, 1480, 800, 14980]
[9079, 540, 1440, 1100, 560, 1160, 520, 680, 1100, 1580, 760, 880, 1240, 920, 1280, 880, 1260, 1080, 1040, 1480, 800, 15000]
[9095, 540, 1440, 1100, 560, 1180, 520, 680, 1100, 1580, 760, 880, 1240, 920, 1280, 880, 1260, 1080, 1040, 1480, 800, 15020]
[9120, 540, 1440, 1100, 560, 1180, 520, 680, 1100, 1580, 760, 880, 1240, 920, 1280, 880, 1260, 1100, 1040, 1480, 800, 15040]
