[1, 0, 0, 0, 0, 0, 0, 0, 0, 0, 0, 0, 0, 0, 0, 0, 0, 0, 0, 0, 0, 0]
[146, 0, 0, 0, 0, 0, 0, 0, 0, 20, 0, 0, 0, 0, 0, 0, 0, 0, 0, 0, 0, 20]
[153, 0, 20, 0, 0, 0, 0, 0, 0, 20, 0, 0, 0, 0, 0, 0, 0, 0, 0, 0, 0, 40]
[155, 0, 20, 0, 0, 0, 0, 0, 0, 20, 0, 0, 0, 0, 0, 20, 0, 0, 0, 0, 0, 60]
[161, 0, 20, 20, 0, 0, 0, 0, 0, 20, 0, 0, 0, 0, 0, 20, 0, 0, 0, 0, 0, 80]
[162, 0, 20, 20, 0, 0, 0, 0, 0, 20, 0, 0, 0, 0, 0, 20, 0, 20, 0, 0, 0, 100]
[177, 0, 20, 20, 0, 0, 0, 0, 0, 20, 0, 20, 0, 0, 0, 20, 0, 20, 0, 0, 0, 120]
[200, 0, 20, 40, 0, 0, 0, 0, 0, 20, 0, 20, 0, 0, 0, 20, 0, 20, 0, 0, 0, 140]
[232, 0, 20, 40, 0, 0, 0, 0, 0, 20, 0, 20, 0, 0, 0, 20, 0, 20, 0, 20, 0, 160]
[233, 0, 60, 40, 0, 0, 0, 0, 0, 20, 0, 20, 0, 0, 0, 20, 0, 20, 0, 20, 0, 180]
[244, 0, 60, 60, 0, 0, 0, 0, 0, 20, 0, 20, 0, 0, 0, 20, 0, 20, 0, 20, 0, 200]
[257, 0, 60, 60, 0, 0, 0, 0, 0, 20, 0, 20, 0, 0, 0, 40, 0, 20, 0, 20, 0, 220]
[266, 0, 60, 60, 0, 0, 0, 0, 0, 20, 0, 20, 0, 20, 0, 40, 0, 20, 0, 20, 0, 240]
[271, 0, 80, 60, 0, 0, 0, 0, 0, 20, 0, 20, 0, 20, 0, 40, 0, 20, 0, 20, 0, 260]
[278, 0, 80, 80, 0, 0, 0, 0, 0, 20, 0, 20, 0, 20, 0, 40, 0, 20, 0, 20, 0, 280]
[291, 0, 80, 80, 0, 0, 0, 0, 0, 20, 0, 20, 0, 20, 0, 40, 0, 20, 0, 20, 20, 300]
[296, 0, 80, 80, 0, 0, 0, 0, 0, 40, 0, 20, 0, 20, 0, 40, 0, 20, 0, 20, 20, 320]
[323, 0, 80, 100, 0, 0, 0, 0, 0, 40, 0, 20, 0, 20, 0, 40, 0, 20, 0, 20, 20, 340]
[335, 0, 80, 100, 0, 0, 0, 0, 0, 40, 0, 20, 0, 20, 0, 40, 0, 20, 0, 40, 20, 360]
[338, 0, 80, 100, 0, 40, 0, 0, 0, 40, 0, 20, 0, 20, 0, 40, 0, 20, 0, 40, 20, 380]
[361, 0, 80, 120, 0, 40, 0, 0, 0, 40, 0, 20, 0, 20, 0, 40, 0, 20, 0, 40, 20, 400]
[365, 0, 80, 120, 0, 40, 0, 0, 0, 40, 0, 20, 0, 40, 0, 40, 0, 20, 0, 40, 20, 420]
[385, 0, 80, 120, 0, 40, 0, 0, 0, 40, 0, 20, 0, 40, 0, 40, 0, 20, 0, 40, 40, 440]
[387, 0, 80, 120, 0, 40, 0, 0, 0, 40, 0, 20, 0, 40, 0, 40, 0, 40, 0, 40, 40, 460]
[399, 0, 80, 140, 0, 40, 0, 0, 0, 40, 0, 20, 0, 40, 0, 40, 0, 40, 0, 40, 40, 480]
[407, 0, 80, 140, 0, 60, 0, 0, 0, 40, 0, 20, 0, 40, 0, 40, 0, 40, 0, 40, 40, 500]
[409, 0, 80, 140, 0, 60, 0, 0, 0, 40, 20, 20, 0, 40, 0, 40, 0, 40, 0, 40, 40, 520]
[430, 0, 160, 140, 0, 60, 0, 0, 0, 40, 20, 20, 0, 40, 0, 40, 0, 40, 0, 40, 40, 540]
[438, 0, 160, 140, 0, 60, 0, 0, 20, 40, 20, 20, 0, 40, 0, 40, 0, 40, 0, 40, 40, 560]
[445, 0, 160, 140, 0, 60, 0, 0, 20, 40, 20, 20, 0, 40, 0, 40, 0, 40, 20, 40, 40, 580]
[469, 0, 180, 140, 0, 60, 0, 0, 20, 40, 20, 20, 0, 40, 0, 40, 0, 40, 20, 40, 40, 600]
[480, 0, 180, 140, 0, 60, 0, 0, 20, 40, 20, 20, 0, 40, 0, 40, 0, 40, 20, 80, 40, 620]
[497, 20, 180, 140, 0, 60, 0, 0, 20, 40, 20, 20, 0, 40, 0, 40, 0, 40, 20, 80, 40, 640]
[524, 20, 180, 140, 0, 60, 0, 0, 20, 40, 20, 20, 0, 40, 0, 40, 0, 40, 20, 80, 80, 660]
[539, 20, 180, 140, 0, 60, 0, 0, 40, 60, 20, 20, 0, 40, 0, 40, 0, 40, 20, 80, 80, 700]
[543, 20, 180, 200, 0, 60, 0, 0, 40, 60, 20, 20, 0, 40, 0, 40, 0, 40, 20, 80, 80, 720]
[547, 20, 180, 200, 0, 60, 0, 0, 40, 60, 20, 20, 0, 40, 0, 60, 0, 40, 20, 80, 80, 740]
[568, 20, 180, 200, 0, 60, 0, 0, 40, 60, 20, 20, 20, 40, 0, 60, 0, 40, 20, 80, 80, 760]
[570, 20, 180, 200, 0, 60, 0, 0, 40, 60, 20, 20, 20, 60, 0, 60, 0, 40, 20, 80, 80, 780]
[581, 20, 180, 220, 0, 60, 0, 0, 40, 60, 20, 20, 20, 60, 0, 60, 0, 40, 20, 80, 80, 800]
[589, 20, 180, 220, 0, 60, 0, 0, 40, 60, 20, 60, 20, 60, 0, 60, 0, 40, 20, 80, 80, 820]
[628, 20, 180, 240, 0, 60, 0, 0, 40, 60, 20, 60, 20, 60, 0, 60, 0, 40, 20, 80, 80, 840]
[651, 20, 260, 240, 0, 60, 0, 0, 40, 60, 20, 60, 20, 60, 0, 60, 0, 40, 20, 80, 80, 860]
[654, 20, 260, 240, 0, 60, 0, 0, 60, 60, 20, 60, 20, 60, 0, 60, 0, 60, 20, 80, 80, 900]
[663, 20, 260, 240, 0, 60, 0, 0, 60, 60, 20, 60, 20, 60, 0, 80, 0, 60, 20, 80, 80, 920]
[697, 20, 280, 240, 0, 60, 0, 0, 60, 60, 20, 60, 20, 60, 0, 80, 0, 60, 20, 80, 80, 940]
[718, 20, 280, 240, 0, 60, 20, 0, 60, 60, 20, 60, 20, 60, 0, 80, 0, 60, 20, 80, 80, 960]
[719, 20, 280, 280, 0, 60, 20, 0, 60, 60, 20, 60, 20, 60, 0, 80, 0, 60, 20, 80, 80, 980]
[733, 20, 300, 280, 0, 60, 20, 0, 60, 60, 20, 60, 20, 60, 0, 80, 0, 60, 20, 80, 80, 1000]
[753, 20, 300, 280, 0, 60, 20, 0, 60, 60, 20, 60, 20, 60, 0, 100, 0, 60, 20, 80, 80, 1020]
[818, 20, 300, 320, 0, 60, 20, 0, 60, 60, 20, 60, 20, 60, 0, 100, 0, 60, 20, 80, 80, 1040]
[826, 20, 300, 320, 0, 60, 20, 0, 60, 60, 20, 60, 20, 60, 0, 100, 0, 80, 20, 80, 80, 1060]
[829, 20, 340, 320, 0, 60, 20, 0, 60, 60, 20, 60, 20, 60, 0, 100, 0, 80, 20, 80, 80, 1080]
[847, 40, 340, 320, 0, 60, 20, 0, 60, 60, 20, 60, 20, 60, 0, 120, 0, 80, 20, 80, 80, 1120]
[874, 40, 340, 320, 0, 60, 20, 0, 60, 80, 20, 60, 20, 60, 0, 120, 0, 80, 20, 80, 80, 1140]
[876, 40, 340, 340, 0, 60, 20, 0, 60, 80, 20, 60, 20, 60, 0, 120, 0, 80, 20, 80, 80, 1160]
[881, 40, 360, 340, 0, 60, 20, 0, 60, 80, 20, 60, 20, 60, 0, 120, 0, 80, 20, 80, 80, 1180]
[893, 40, 360, 340, 0, 80, 20, 0, 60, 80, 20, 60, 20, 60, 0, 120, 0, 80, 20, 80, 80, 1200]
[895, 40, 360, 340, 0, 80, 20, 0, 60, 80, 20, 80, 20, 60, 0, 120, 0, 80, 20, 80, 80, 1220]
[899, 40, 360, 340, 0, 80, 20, 0, 60, 80, 20, 80, 40, 60, 0, 120, 0, 80, 20, 80, 80, 1240]
[908, 40, 360, 340, 0, 80, 20, 0, 60, 80, 20, 80, 40, 60, 20, 120, 0, 80, 20, 80, 80, 1260]
[933, 40, 360, 340, 0, 80, 20, 0, 60, 80, 20, 80, 40, 60, 20, 120, 0, 80, 20, 140, 80, 1280]
[944, 40, 360, 340, 0, 80, 20, 0, 60, 80, 40, 80, 40, 60, 20, 120, 0, 80, 20, 140, 80, 1300]
[963, 40, 360, 340, 0, 80, 20, 0, 60, 80, 40, 80, 60, 60, 20, 120, 0, 80, 20, 140, 80, 1320]
[970, 40, 400, 340, 0, 80, 20, 0, 60, 80, 40, 80, 60, 60, 20, 120, 0, 80, 20, 140, 80, 1340]
[996, 40, 400, 340, 0, 80, 20, 0, 60, 80, 40, 80, 60, 60, 20, 120, 0, 80, 20, 140, 120, 1360]
[1004, 40, 400, 340, 0, 120, 20, 0, 60, 80, 40, 80, 60, 60, 20, 120, 0, 80, 20, 140, 120, 1380]
[1013, 40, 420, 340, 0, 120, 20, 0, 60, 80, 40, 80, 60, 60, 20, 120, 0, 80, 20, 140, 120, 1400]
[1042, 40, 420, 340, 0, 120, 20, 0, 60, 80, 40, 100, 60, 60, 20, 120, 0, 80, 20, 140, 120, 1420]
[1048, 40, 420, 340, 0, 140, 20, 0, 60, 80, 40, 100, 60, 60, 20, 120, 0, 80, 20, 140, 120, 1440]
[1051, 40, 420, 340, 0, 140, 20, 0, 60, 80, 40, 100, 100, 60, 20, 120, 0, 80, 20, 140, 120, 1460]
[1053, 40, 440, 340, 0, 140, 20, 0, 60, 80, 40, 100, 100, 60, 20, 120, 0, 80, 20, 140, 120, 1480]
[1064, 40, 440, 420, 0, 140, 20, 0, 60, 80, 40, 100, 100, 60, 20, 120, 0, 80, 20, 140, 120, 1500]
[1089, 40, 440, 420, 0, 140, 20, 0, 80, 80, 40, 100, 100, 60, 20, 120, 0, 80, 20, 140, 120, 1520]
[1096, 40, 460, 420, 0, 140, 20, 0, 80, 80, 40, 100, 100, 60, 20, 120, 0, 80, 20, 140, 120, 1540]
[1106, 40, 460, 420, 0, 140, 20, 0, 80, 80, 40, 100, 100, 60, 20, 120, 0, 80, 20, 140, 140, 1560]
[1109, 40, 460, 440, 0, 140, 20, 0, 80, 80, 40, 100, 100, 60, 20, 120, 0, 80, 20, 140, 140, 1580]
[1112, 40, 460, 440, 0, 140, 20, 0, 80, 80, 40, 100, 100, 60, 20, 120, 0, 80, 40, 140, 140, 1600]
[1147, 40, 480, 440, 0, 140, 20, 0, 80, 80, 40, 100, 100, 60, 20, 120, 0, 80, 40, 140, 140, 1620]
[1168, 40, 480, 440, 0, 140, 20, 0, 80, 80, 60, 100, 100, 60, 20, 120, 0, 80, 40, 140, 140, 1640]
[1176, 40, 480, 440, 0, 140, 20, 0, 80, 80, 60, 100, 100, 60, 20, 120, 0, 80, 60, 140, 140, 1660]
[1202, 40, 480, 440, 0, 140, 20, 0, 80, 80, 60, 100, 100, 60, 20, 120, 0, 80, 60, 160, 140, 1680]
[1206, 40, 480, 460, 0, 140, 20, 0, 80, 80, 60, 100, 100, 60, 20, 120, 0, 80, 60, 160, 140, 1700]
[1220, 40, 500, 460, 0, 140, 20, 0, 80, 80, 60, 100, 100, 60, 20, 120, 0, 80, 60, 160, 140, 1720]
[1237, 40, 500, 460, 0, 160, 20, 0, 80, 80, 60, 100, 100, 60, 20, 120, 0, 80, 60, 160, 140, 1740]
[1244, 40, 500, 460, 0, 160, 20, 0, 80, 80, 60, 100, 100, 60, 40, 120, 0, 80, 60, 160, 140, 1760]
[1252, 40, 500, 460, 0, 160, 40, 0, 80, 80, 60, 100, 100, 60, 40, 120, 0, 80, 60, 160, 140, 1780]
[1269, 40, 500, 460, 0, 160, 40, 0, 80, 100, 60, 100, 100, 60, 40, 120, 0, 80, 60, 160, 140, 1800]
[1274, 40, 500, 460, 0, 160, 40, 0, 80, 100, 60, 120, 100, 60, 40, 120, 0, 80, 60, 160, 140, 1820]
[1279, 40, 520, 460, 0, 160, 40, 0, 80, 100, 60, 120, 100, 60, 40, 120, 0, 80, 60, 160, 140, 1840]
[1290, 40, 520, 460, 0, 160, 40, 0, 80, 100, 60, 120, 100, 80, 40, 120, 0, 80, 60, 160, 140, 1860]
[1292, 40, 520, 480, 0, 160, 40, 0, 80, 100, 60, 120, 100, 80, 40, 120, 0, 80, 60, 160, 140, 1880]
[1312, 40, 520, 480, 0, 160, 40, 0, 100, 100, 60, 120, 100, 80, 40, 120, 0, 80, 60, 160, 140, 1900]
[1342, 40, 540, 480, 0, 160, 40, 0, 100, 100, 60, 120, 100, 80, 40, 120, 0, 80, 60, 160, 140, 1920]
[1375, 40, 540, 500, 0, 160, 60, 0, 100, 100, 60, 120, 100, 80, 40, 120, 0, 80, 60, 160, 140, 1960]
[1376, 40, 540, 500, 0, 160, 60, 0, 100, 100, 60, 140, 100, 80, 40, 120, 0, 80, 60, 160, 140, 1980]
[1390, 40, 540, 500, 20, 160, 60, 0, 100, 100, 60, 140, 100, 80, 40, 120, 0, 80, 60, 160, 140, 2000]
[1392, 40, 560, 500, 20, 160, 60, 0, 100, 100, 60, 140, 100, 80, 40, 120, 0, 80, 60, 160, 140, 2020]
[1410, 60, 560, 500, 20, 160, 60, 0, 100, 100, 60, 140, 100, 80, 40, 120, 0, 80, 60, 160, 140, 2040]
[1432, 60, 560, 500, 20, 160, 60, 0, 100, 100, 60, 140, 100, 80, 60, 120, 0, 80, 60, 160, 140, 2060]
[1435, 60, 560, 500, 20, 160, 60, 0, 100, 100, 60, 140, 100, 80, 60, 120, 40, 80, 60, 160, 140, 2080]
[1454, 60, 560, 520, 20, 160, 60, 0, 100, 100, 60, 140, 100, 80, 60, 120, 40, 80, 60, 160, 140, 2100]
[1475, 60, 580, 520, 20, 160, 60, 0, 100, 100, 60, 140, 100, 80, 60, 120, 40, 80, 60, 160, 140, 2120]
[1497, 60, 580, 520, 20, 160, 60, 0, 120, 100, 60, 140, 100, 80, 60, 120, 40, 80, 60, 160, 140, 2140]
[1501, 60, 580, 520, 20, 160, 60, 0, 120, 100, 60, 140, 140, 80, 60, 120, 40, 80, 60, 160, 140, 2160]
[1508, 60, 580, 520, 20, 160, 60, 0, 120, 100, 60, 140, 140, 80, 60, 200, 40, 80, 60, 160, 140, 2180]
[1513, 60, 580, 520, 20, 160, 60, 0, 120, 100, 60, 140, 140, 80, 60, 200, 40, 80, 60, 180, 140, 2200]
[1520, 60, 580, 520, 20, 160, 60, 0, 120, 100, 60, 140, 140, 100, 60, 200, 40, 80, 60, 180, 140, 2220]
[1526, 60, 580, 520, 20, 160, 60, 0, 120, 100, 60, 160, 140, 100, 60, 200, 40, 80, 60, 180, 180, 2260]
[1535, 60, 580, 520, 20, 160, 80, 0, 120, 100, 60, 160, 140, 100, 60, 200, 40, 80, 60, 180, 180, 2280]
[1582, 60, 580, 540, 20, 160, 80, 0, 120, 100, 60, 160, 140, 100, 60, 200, 40, 80, 60, 180, 180, 2300]
[1594, 60, 580, 540, 20, 160, 80, 0, 120, 100, 60, 160, 160, 100, 60, 200, 40, 80, 60, 180, 180, 2320]
[1603, 60, 580, 540, 20, 160, 80, 0, 120, 100, 60, 160, 160, 100, 60, 200, 40, 80, 60, 180, 200, 2340]
[1610, 60, 580, 540, 20, 160, 80, 0, 120, 100, 60, 180, 160, 100, 60, 200, 40, 80, 60, 180, 200, 2360]
[1614, 60, 580, 540, 20, 160, 80, 0, 140, 100, 60, 180, 160, 100, 60, 200, 40, 80, 60, 180, 200, 2380]
[1646, 60, 580, 540, 20, 160, 80, 0, 140, 100, 60, 180, 160, 120, 60, 200, 40, 80, 60, 180, 200, 2400]
[1679, 60, 580, 540, 20, 160, 80, 0, 140, 100, 60, 200, 160, 120, 60, 200, 40, 80, 60, 180, 200, 2420]
[1684, 60, 580, 540, 20, 160, 80, 0, 140, 100, 60, 200, 160, 120, 60, 200, 60, 80, 60, 180, 200, 2440]
[1687, 60, 580, 540, 20, 160, 80, 0, 140, 100, 60, 200, 160, 120, 60, 200, 60, 80, 60, 180, 220, 2460]
[1688, 60, 580, 540, 20, 160, 80, 0, 140, 100, 60, 200, 180, 120, 60, 200, 60, 80, 60, 180, 220, 2480]
[1691, 60, 580, 560, 20, 160, 80, 0, 140, 100, 60, 200, 180, 120, 60, 200, 60, 80, 60, 180, 220, 2500]
[1692, 60, 580, 560, 20, 160, 100, 0, 140, 100, 60, 200, 180, 120, 60, 200, 60, 80, 60, 180, 220, 2520]
[1730, 60, 640, 560, 20, 160, 100, 0, 140, 100, 60, 200, 180, 120, 60, 200, 60, 80, 60, 180, 220, 2540]
[1732, 60, 640, 560, 20, 160, 100, 0, 160, 100, 60, 200, 180, 120, 60, 200, 60, 80, 60, 180, 220, 2560]
[1740, 60, 640, 560, 20, 160, 100, 0, 160, 100, 60, 200, 180, 140, 60, 200, 60, 80, 60, 180, 220, 2580]
[1744, 60, 640, 560, 20, 160, 100, 0, 160, 100, 60, 220, 180, 140, 60, 200, 60, 80, 60, 180, 220, 2600]
[1756, 60, 640, 560, 20, 160, 100, 0, 160, 100, 60, 220, 180, 140, 60, 200, 60, 80, 60, 180, 240, 2620]
[1762, 60, 640, 560, 20, 160, 100, 0, 160, 100, 60, 220, 180, 140, 60, 240, 60, 80, 60, 180, 240, 2640]
[1777, 60, 640, 560, 20, 160, 100, 0, 160, 100, 60, 220, 200, 140, 60, 240, 60, 80, 60, 180, 240, 2660]
[1808, 60, 640, 580, 20, 160, 100, 0, 160, 100, 60, 220, 200, 140, 60, 240, 60, 80, 60, 180, 240, 2680]
[1813, 60, 640, 580, 20, 160, 100, 20, 160, 100, 60, 220, 200, 140, 60, 240, 60, 80, 60, 180, 240, 2700]
[1815, 60, 660, 580, 20, 160, 100, 20, 160, 100, 60, 220, 200, 140, 60, 240, 60, 80, 60, 180, 240, 2720]
[1842, 60, 660, 580, 20, 160, 100, 20, 160, 100, 60, 220, 220, 140, 60, 240, 60, 80, 60, 180, 240, 2740]
[1860, 60, 660, 580, 20, 160, 100, 20, 160, 100, 80, 220, 220, 140, 60, 240, 60, 80, 60, 180, 240, 2760]
[1876, 60, 660, 580, 20, 160, 100, 20, 160, 100, 80, 220, 220, 180, 60, 240, 60, 80, 60, 180, 240, 2780]
[1919, 60, 660, 580, 20, 160, 120, 20, 160, 100, 80, 220, 220, 180, 60, 240, 60, 80, 60, 180, 240, 2800]
[1928, 60, 680, 580, 20, 160, 120, 20, 160, 100, 80, 220, 220, 180, 60, 240, 60, 80, 60, 180, 240, 2820]
[1948, 60, 680, 580, 20, 160, 120, 20, 160, 100, 80, 220, 240, 180, 60, 240, 60, 80, 60, 180, 240, 2840]
[1956, 60, 680, 600, 20, 160, 120, 20, 160, 100, 80, 220, 240, 180, 60, 240, 60, 80, 60, 180, 240, 2860]
[1968, 60, 680, 600, 60, 160, 120, 20, 160, 100, 80, 220, 240, 180, 60, 240, 60, 80, 60, 180, 240, 2880]
[1971, 80, 680, 600, 60, 160, 120, 20, 160, 100, 80, 220, 240, 180, 60, 240, 60, 80, 60, 180, 240, 2900]
[1974, 80, 680, 600, 60, 160, 120, 20, 160, 100, 80, 220, 240, 180, 60, 240, 60, 160, 80, 180, 240, 2940]
[2005, 80, 680, 600, 60, 160, 120, 20, 180, 100, 80, 220, 240, 180, 60, 240, 60, 160, 80, 180, 240, 2960]
[2009, 80, 680, 600, 60, 160, 120, 20, 180, 100, 80, 220, 240, 180, 60, 240, 60, 160, 80, 180, 260, 2980]
[2055, 80, 700, 600, 60, 160, 120, 20, 180, 100, 80, 220, 240, 180, 60, 240, 60, 160, 80, 180, 260, 3000]
[2070, 80, 700, 600, 60, 160, 120, 20, 180, 100, 80, 220, 240, 180, 60, 240, 60, 160, 80, 200, 260, 3020]
[2096, 80, 700, 600, 60, 160, 120, 20, 180, 100, 80, 220, 240, 180, 60, 240, 60, 180, 80, 200, 260, 3040]
[2134, 80, 700, 600, 60, 160, 120, 20, 180, 100, 80, 220, 240, 180, 60, 240, 60, 180, 100, 200, 260, 3060]
[2152, 80, 700, 620, 60, 160, 120, 20, 180, 100, 80, 220, 240, 180, 60, 240, 60, 180, 100, 200, 260, 3080]
[2169, 80, 720, 620, 60, 160, 120, 20, 180, 100, 80, 220, 240, 180, 60, 240, 60, 180, 100, 200, 260, 3100]
[2201, 100, 720, 620, 60, 160, 120, 20, 180, 100, 80, 220, 240, 180, 60, 240, 60, 180, 100, 200, 260, 3120]
[2235, 100, 720, 620, 60, 160, 120, 20, 180, 100, 100, 220, 240, 180, 60, 240, 60, 180, 100, 200, 260, 3140]
[2242, 100, 720, 620, 60, 160, 120, 20, 180, 100, 100, 220, 240, 180, 60, 240, 60, 180, 100, 220, 260, 3160]
[2246, 100, 720, 620, 60, 200, 120, 20, 180, 100, 100, 220, 240, 180, 60, 240, 60, 180, 100, 220, 260, 3180]
[2251, 100, 740, 620, 60, 200, 120, 20, 180, 100, 100, 220, 240, 180, 60, 240, 60, 180, 100, 220, 260, 3200]
[2256, 100, 740, 620, 60, 200, 160, 20, 180, 100, 100, 220, 240, 180, 60, 240, 60, 180, 100, 220, 260, 3220]
[2275, 100, 740, 620, 60, 200, 160, 20, 180, 100, 100, 220, 240, 180, 60, 240, 100, 180, 100, 220, 260, 3240]
[2322, 100, 740, 620, 60, 200, 160, 20, 180, 100, 100, 220, 240, 180, 60, 240, 100, 180, 100, 220, 280, 3260]
[2359, 100, 740, 620, 60, 200, 160, 20, 180, 100, 100, 220, 240, 180, 60, 240, 100, 200, 100, 220, 280, 3280]
[2395, 100, 740, 620, 60, 200, 160, 20, 180, 100, 100, 240, 240, 180, 60, 240, 100, 200, 100, 220, 280, 3300]
[2400, 100, 740, 620, 60, 200, 160, 20, 180, 100, 100, 240, 260, 180, 60, 240, 100, 200, 100, 220, 280, 3320]
[2418, 100, 740, 620, 60, 200, 180, 20, 180, 100, 100, 240, 260, 180, 60, 240, 100, 200, 100, 220, 280, 3340]
[2509, 100, 740, 620, 60, 200, 180, 20, 180, 100, 100, 240, 300, 180, 60, 240, 100, 200, 100, 220, 280, 3360]
[2524, 100, 740, 620, 60, 200, 180, 20, 180, 100, 100, 240, 300, 180, 60, 240, 160, 200, 100, 220, 280, 3380]
[2554, 100, 740, 620, 60, 200, 180, 20, 180, 100, 100, 240, 300, 180, 120, 240, 160, 200, 100, 220, 280, 3400]
[2558, 100, 740, 620, 60, 200, 180, 20, 180, 100, 100, 240, 300, 180, 120, 240, 160, 220, 100, 220, 280, 3420]
[2560, 100, 740, 620, 60, 200, 180, 20, 180, 100, 100, 240, 300, 200, 120, 240, 160, 220, 100, 220, 280, 3440]
[2564, 100, 740, 620, 60, 200, 180, 20, 180, 100, 100, 240, 300, 200, 120, 240, 160, 220, 140, 220, 280, 3460]
[2566, 100, 740, 620, 60, 200, 180, 20, 180, 100, 100, 240, 300, 200, 120, 240, 160, 220, 140, 220, 300, 3480]
[2615, 100, 740, 620, 60, 200, 180, 20, 180, 100, 100, 240, 300, 200, 120, 240, 160, 220, 140, 260, 300, 3500]
[2626, 100, 740, 620, 60, 200, 180, 20, 180, 100, 100, 240, 340, 200, 120, 240, 160, 220, 140, 260, 300, 3520]
[2629, 100, 740, 620, 60, 200, 180, 20, 180, 100, 100, 240, 340, 200, 120, 280, 160, 220, 140, 260, 300, 3540]
[2636, 100, 740, 620, 60, 200, 180, 20, 180, 100, 100, 240, 340, 200, 120, 280, 200, 220, 140, 260, 300, 3560]
[2649, 100, 740, 620, 60, 200, 180, 20, 180, 100, 100, 260, 340, 200, 120, 280, 200, 220, 140, 260, 300, 3580]
[2701, 100, 740, 620, 60, 200, 180, 20, 180, 100, 100, 260, 340, 200, 120, 280, 200, 220, 140, 260, 320, 3600]
[2708, 100, 740, 620, 60, 200, 180, 20, 180, 100, 100, 260, 340, 200, 120, 280, 220, 220, 140, 260, 320, 3620]
[2778, 100, 740, 620, 60, 200, 180, 20, 180, 100, 100, 260, 340, 200, 120, 280, 220, 220, 180, 260, 320, 3640]
[2794, 100, 740, 620, 60, 200, 180, 20, 180, 100, 100, 260, 340, 200, 120, 280, 220, 220, 180, 280, 320, 3660]
[2796, 100, 740, 620, 60, 200, 180, 20, 180, 100, 100, 260, 340, 200, 120, 300, 220, 220, 180, 280, 320, 3680]
[2799, 100, 740, 620, 60, 200, 180, 20, 180, 100, 100, 260, 340, 200, 120, 300, 220, 260, 180, 280, 320, 3700]
[2860, 100, 740, 620, 60, 200, 180, 20, 180, 100, 100, 260, 340, 200, 120, 300, 240, 260, 180, 280, 320, 3720]
[2885, 100, 760, 620, 60, 200, 180, 20, 180, 100, 100, 260, 340, 200, 120, 300, 240, 260, 180, 280, 320, 3740]
[2898, 100, 760, 620, 60, 200, 180, 20, 180, 100, 100, 260, 380, 200, 120, 300, 240, 260, 180, 280, 320, 3760]
[2902, 100, 760, 620, 60, 200, 180, 20, 200, 100, 100, 260, 380, 200, 120, 300, 240, 260, 180, 280, 320, 3780]
[2911, 100, 760, 620, 60, 200, 180, 20, 200, 100, 120, 260, 380, 200, 120, 300, 240, 260, 180, 280, 320, 3800]
[2919, 100, 760, 620, 60, 200, 180, 20, 200, 120, 120, 260, 380, 200, 120, 300, 240, 260, 180, 280, 320, 3820]
[2923, 100, 760, 620, 60, 200, 180, 20, 200, 120, 120, 260, 380, 200, 120, 300, 240, 260, 180, 280, 340, 3840]
[2950, 100, 760, 620, 60, 200, 180, 20, 200, 120, 120, 260, 380, 200, 120, 300, 240, 260, 200, 280, 340, 3860]
[2958, 100, 760, 620, 60, 200, 180, 20, 200, 120, 120, 260, 380, 200, 120, 320, 240, 260, 200, 280, 340, 3880]
[3022, 100, 760, 620, 60, 200, 180, 20, 200, 120, 120, 260, 380, 200, 120, 320, 240, 280, 200, 280, 340, 3900]
[3026, 100, 760, 620, 60, 200, 180, 20, 200, 140, 120, 260, 380, 200, 120, 320, 240, 280, 200, 280, 340, 3920]
[3059, 100, 760, 620, 60, 200, 180, 20, 200, 140, 140, 260, 380, 200, 120, 320, 240, 280, 200, 280, 340, 3940]
[3073, 100, 760, 620, 60, 200, 180, 20, 200, 140, 140, 260, 380, 200, 120, 320, 240, 300, 200, 280, 340, 3960]
[3095, 100, 760, 620, 60, 200, 180, 20, 200, 160, 140, 260, 380, 200, 120, 320, 240, 300, 200, 280, 340, 3980]
[3106, 100, 760, 620, 60, 200, 180, 20, 200, 160, 140, 260, 380, 200, 120, 320, 260, 300, 200, 280, 340, 4000]
[3116, 100, 760, 620, 60, 200, 180, 20, 200, 160, 140, 260, 380, 200, 120, 320, 260, 300, 200, 300, 340, 4020]
[3132, 100, 760, 620, 60, 200, 180, 20, 200, 160, 140, 260, 380, 200, 120, 320, 260, 300, 200, 300, 360, 4040]
[3177, 120, 760, 620, 60, 200, 180, 20, 200, 160, 140, 260, 380, 200, 120, 320, 260, 300, 200, 300, 360, 4060]
[3179, 120, 760, 620, 60, 200, 180, 20, 220, 160, 140, 260, 380, 200, 120, 320, 260, 300, 200, 300, 360, 4080]
[3205, 120, 760, 620, 60, 220, 180, 20, 220, 160, 140, 260, 380, 200, 120, 320, 260, 300, 200, 300, 360, 4100]
[3211, 120, 760, 620, 60, 220, 180, 60, 220, 160, 140, 260, 380, 200, 120, 320, 260, 300, 200, 300, 360, 4120]
[3254, 120, 760, 620, 60, 220, 180, 60, 220, 160, 140, 260, 380, 200, 120, 340, 260, 300, 200, 300, 360, 4140]
[3271, 120, 760, 620, 60, 220, 180, 60, 220, 160, 140, 260, 380, 200, 120, 340, 260, 300, 240, 300, 360, 4160]
[3279, 120, 760, 620, 60, 220, 180, 60, 220, 180, 140, 260, 380, 200, 120, 340, 260, 300, 240, 300, 360, 4180]
[3301, 120, 760, 620, 60, 220, 180, 60, 220, 180, 140, 260, 380, 200, 120, 340, 280, 300, 240, 300, 360, 4200]
[3303, 120, 760, 620, 60, 220, 180, 60, 220, 180, 140, 260, 380, 200, 140, 340, 280, 300, 240, 300, 360, 4220]
[3361, 120, 760, 620, 60, 220, 180, 60, 240, 180, 140, 260, 380, 200, 140, 340, 280, 300, 240, 300, 360, 4240]
[3363, 120, 760, 620, 60, 220, 180, 60, 240, 180, 140, 260, 380, 220, 140, 340, 280, 300, 240, 300, 360, 4260]
[3397, 120, 760, 620, 60, 220, 180, 60, 240, 180, 140, 260, 380, 220, 140, 360, 280, 300, 240, 300, 360, 4280]
[3407, 120, 780, 620, 60, 220, 180, 60, 240, 180, 140, 260, 380, 220, 140, 360, 280, 300, 240, 300, 360, 4300]
[3420, 120, 780, 620, 60, 220, 180, 80, 240, 180, 140, 260, 380, 220, 140, 360, 280, 300, 240, 300, 360, 4320]
[3433, 120, 780, 620, 60, 220, 180, 80, 240, 180, 140, 260, 380, 220, 140, 360, 280, 320, 240, 300, 360, 4340]
[3455, 140, 780, 620, 60, 220, 180, 80, 240, 180, 140, 260, 380, 220, 140, 360, 280, 320, 240, 300, 360, 4360]
[3487, 140, 780, 620, 60, 240, 180, 80, 240, 180, 140, 260, 380, 220, 140, 360, 280, 320, 240, 300, 360, 4380]
[3493, 140, 780, 640, 60, 240, 180, 80, 240, 180, 140, 260, 380, 220, 140, 360, 280, 320, 240, 300, 360, 4400]
[3521, 140, 780, 640, 60, 240, 180, 80, 240, 200, 140, 260, 380, 220, 140, 360, 280, 320, 240, 300, 360, 4420]
[3543, 140, 780, 640, 60, 240, 180, 80, 260, 200, 140, 260, 380, 220, 140, 360, 280, 320, 240, 300, 360, 4440]
[3546, 140, 780, 640, 60, 240, 180, 80, 260, 200, 140, 260, 380, 220, 160, 360, 280, 320, 240, 300, 360, 4460]
[3557, 140, 800, 640, 60, 240, 180, 80, 260, 200, 140, 260, 380, 220, 160, 360, 280, 320, 240, 300, 360, 4480]
[3577, 140, 800, 640, 60, 240, 180, 100, 260, 200, 140, 260, 380, 220, 160, 360, 280, 320, 240, 300, 360, 4500]
[3586, 140, 800, 640, 60, 240, 180, 100, 260, 200, 140, 260, 380, 220, 160, 360, 280, 320, 260, 300, 360, 4520]
[3598, 140, 800, 640, 60, 240, 180, 100, 260, 200, 140, 260, 380, 220, 160, 360, 280, 340, 260, 300, 360, 4540]
[3653, 140, 800, 640, 60, 260, 180, 100, 260, 200, 140, 260, 380, 220, 160, 360, 280, 340, 260, 300, 360, 4560]
[3660, 140, 800, 640, 60, 260, 180, 100, 260, 200, 140, 260, 380, 220, 160, 360, 280, 340, 260, 300, 380, 4580]
[3680, 140, 800, 640, 60, 260, 180, 100, 280, 200, 140, 260, 380, 220, 160, 360, 280, 340, 260, 300, 380, 4600]
[3683, 140, 800, 640, 60, 260, 180, 100, 280, 200, 140, 260, 380, 220, 160, 360, 320, 340, 260, 300, 380, 4620]
[3700, 140, 800, 640, 60, 260, 180, 100, 280, 200, 140, 260, 380, 220, 180, 360, 320, 340, 260, 300, 380, 4640]
[3710, 140, 800, 640, 60, 260, 180, 100, 280, 200, 140, 280, 380, 220, 180, 360, 320, 340, 260, 300, 380, 4660]
[3719, 140, 800, 640, 60, 260, 180, 100, 280, 200, 140, 280, 380, 220, 180, 360, 320, 340, 260, 320, 380, 4680]
[3741, 140, 800, 640, 60, 260, 220, 100, 280, 200, 140, 280, 380, 220, 180, 360, 320, 340, 260, 320, 380, 4700]
[3754, 160, 800, 640, 60, 260, 220, 100, 280, 200, 140, 280, 380, 220, 180, 360, 320, 340, 260, 320, 380, 4720]
[3764, 160, 800, 640, 60, 260, 220, 100, 280, 200, 140, 280, 380, 220, 180, 360, 320, 340, 280, 320, 380, 4740]
[3830, 160, 800, 640, 60, 260, 220, 100, 280, 200, 140, 280, 420, 220, 180, 360, 320, 340, 280, 320, 380, 4760]
[3931, 160, 800, 640, 60, 260, 220, 100, 280, 200, 140, 280, 420, 220, 180, 380, 320, 340, 280, 320, 420, 4800]
[3948, 160, 800, 640, 60, 260, 220, 100, 280, 200, 140, 280, 440, 220, 180, 380, 320, 340, 280, 320, 420, 4820]
[3967, 160, 840, 640, 60, 260, 220, 100, 280, 200, 140, 280, 440, 220, 180, 380, 320, 340, 280, 320, 420, 4840]
[3975, 160, 840, 640, 60, 260, 220, 100, 280, 200, 140, 280, 440, 220, 180, 380, 320, 340, 300, 320, 420, 4860]
[3989, 160, 840, 640, 60, 260, 220, 100, 280, 200, 140, 280, 440, 240, 180, 380, 320, 340, 300, 320, 420, 4880]
[3995, 160, 840, 640, 60, 260, 220, 120, 280, 200, 140, 280, 440, 240, 180, 380, 320, 340, 300, 320, 420, 4900]
[4010, 160, 840, 640, 100, 260, 220, 120, 280, 200, 140, 280, 440, 240, 180, 380, 320, 340, 300, 320, 420, 4920]
[4082, 160, 840, 640, 100, 260, 220, 120, 280, 200, 140, 280, 440, 240, 180, 380, 340, 340, 300, 320, 420, 4940]
[4094, 160, 840, 640, 100, 260, 220, 120, 280, 200, 160, 280, 440, 240, 180, 380, 340, 340, 300, 320, 420, 4960]
[4096, 160, 840, 640, 100, 280, 220, 120, 280, 200, 160, 280, 440, 240, 180, 380, 340, 340, 300, 320, 420, 4980]
[4112, 160, 840, 640, 100, 280, 220, 120, 280, 200, 160, 280, 440, 240, 200, 380, 340, 340, 300, 320, 420, 5000]
[4117, 160, 840, 640, 100, 280, 220, 140, 280, 200, 160, 280, 440, 240, 200, 380, 340, 340, 300, 320, 420, 5020]
[4132, 160, 840, 640, 100, 280, 220, 140, 280, 200, 160, 280, 440, 240, 200, 400, 340, 340, 300, 320, 420, 5040]
[4146, 160, 840, 640, 100, 280, 220, 140, 280, 200, 160, 280, 440, 240, 200, 400, 360, 340, 300, 320, 420, 5060]
[4154, 160, 840, 640, 100, 280, 220, 140, 280, 200, 160, 280, 440, 240, 200, 400, 360, 340, 300, 320, 440, 5080]
[4177, 160, 840, 640, 100, 280, 240, 140, 280, 200, 160, 280, 440, 240, 200, 400, 360, 340, 300, 320, 440, 5100]
[4188, 160, 840, 640, 100, 280, 240, 140, 280, 200, 160, 280, 440, 240, 200, 400, 360, 340, 300, 360, 440, 5120]
[4201, 160, 840, 640, 100, 280, 240, 140, 280, 200, 160, 280, 440, 240, 200, 420, 360, 340, 300, 360, 440, 5140]
[4217, 160, 840, 660, 100, 280, 240, 140, 280, 200, 160, 280, 440, 240, 200, 420, 360, 340, 300, 360, 440, 5160]
[4220, 160, 840, 660, 100, 280, 240, 160, 280, 200, 160, 280, 440, 240, 200, 420, 360, 340, 300, 360, 440, 5180]
[4234, 160, 840, 660, 120, 280, 240, 160, 280, 200, 160, 280, 440, 280, 200, 420, 360, 340, 300, 360, 440, 5220]
[4268, 160, 840, 660, 120, 300, 240, 160, 280, 200, 160, 280, 440, 280, 200, 420, 360, 340, 300, 360, 440, 5240]
[4273, 160, 840, 660, 120, 300, 240, 160, 280, 200, 160, 280, 440, 280, 200, 420, 360, 340, 300, 360, 460, 5260]
[4278, 160, 840, 660, 140, 300, 240, 160, 280, 200, 160, 280, 440, 280, 200, 420, 360, 340, 300, 360, 460, 5280]
[4309, 160, 840, 660, 140, 300, 240, 160, 280, 200, 160, 280, 460, 280, 200, 420, 360, 340, 300, 360, 460, 5300]
[4333, 160, 840, 660, 140, 300, 240, 160, 280, 200, 160, 280, 460, 320, 200, 420, 360, 340, 300, 360, 460, 5320]
[4356, 160, 840, 660, 140, 300, 240, 160, 300, 200, 160, 280, 460, 320, 200, 420, 360, 340, 300, 360, 460, 5340]
[4360, 160, 840, 660, 140, 300, 240, 160, 300, 200, 160, 280, 460, 320, 200, 420, 360, 340, 300, 380, 460, 5360]
[4393, 160, 840, 660, 140, 300, 240, 160, 300, 200, 160, 280, 460, 320, 200, 420, 360, 360, 300, 380, 460, 5380]
[4407, 160, 840, 660, 140, 300, 240, 160, 300, 200, 160, 280, 480, 320, 200, 420, 360, 360, 300, 380, 460, 5400]
[4447, 160, 840, 660, 140, 320, 240, 160, 300, 200, 160, 280, 480, 320, 200, 420, 360, 360, 300, 380, 460, 5420]
[4456, 160, 840, 660, 140, 320, 240, 160, 300, 200, 160, 280, 480, 320, 200, 420, 380, 360, 300, 380, 460, 5440]
[4460, 160, 840, 660, 140, 320, 240, 160, 300, 200, 180, 300, 480, 320, 200, 420, 380, 360, 300, 380, 460, 5480]
[4482, 160, 840, 660, 140, 320, 260, 160, 300, 200, 180, 300, 480, 320, 200, 420, 380, 360, 300, 380, 460, 5500]
[4516, 160, 840, 660, 140, 320, 260, 160, 300, 220, 180, 300, 480, 320, 200, 420, 380, 360, 300, 380, 460, 5520]
[4544, 160, 840, 660, 180, 320, 260, 160, 300, 220, 180, 300, 480, 320, 200, 420, 380, 360, 300, 380, 460, 5540]
[4546, 160, 840, 660, 180, 320, 260, 160, 300, 220, 180, 300, 480, 320, 200, 420, 380, 360, 320, 380, 460, 5560]
[4574, 160, 840, 660, 180, 320, 260, 160, 320, 220, 180, 300, 480, 320, 200, 420, 380, 360, 320, 380, 460, 5580]
[4583, 160, 840, 660, 180, 320, 260, 160, 320, 220, 180, 300, 480, 320, 200, 420, 380, 360, 320, 380, 480, 5600]
[4598, 160, 840, 660, 180, 320, 260, 160, 320, 220, 180, 300, 480, 320, 200, 420, 380, 360, 320, 400, 480, 5620]
[4637, 160, 840, 660, 180, 320, 280, 160, 320, 220, 180, 300, 480, 320, 200, 420, 380, 360, 320, 400, 480, 5640]
[4638, 160, 840, 660, 180, 320, 280, 160, 320, 220, 180, 300, 480, 340, 200, 420, 380, 360, 320, 400, 480, 5660]
[4660, 160, 840, 660, 180, 320, 280, 160, 320, 220, 180, 300, 480, 340, 220, 420, 380, 360, 320, 400, 480, 5680]
[4662, 160, 840, 680, 180, 320, 280, 160, 320, 220, 180, 300, 480, 340, 220, 420, 380, 360, 320, 400, 480, 5700]
[4737, 160, 840, 680, 180, 320, 280, 160, 320, 220, 180, 320, 480, 340, 220, 420, 380, 360, 320, 400, 480, 5720]
[4774, 160, 840, 680, 180, 320, 280, 160, 320, 220, 180, 320, 480, 340, 220, 420, 380, 360, 340, 400, 480, 5740]
[4782, 160, 840, 680, 180, 320, 300, 160, 320, 220, 180, 320, 480, 340, 220, 420, 380, 360, 340, 400, 480, 5760]
[4831, 160, 840, 680, 180, 320, 300, 160, 320, 240, 180, 320, 480, 340, 220, 420, 380, 360, 340, 400, 480, 5780]
[4851, 160, 840, 680, 180, 320, 300, 160, 320, 240, 180, 320, 480, 340, 220, 420, 380, 360, 340, 400, 500, 5800]
[4884, 160, 840, 700, 180, 320, 300, 160, 320, 240, 180, 320, 480, 340, 220, 420, 380, 360, 340, 400, 500, 5820]
[4894, 160, 840, 700, 180, 320, 300, 160, 340, 240, 180, 320, 480, 340, 220, 420, 380, 360, 340, 400, 500, 5840]
[4906, 160, 840, 700, 180, 320, 300, 160, 340, 240, 180, 320, 480, 340, 240, 420, 380, 360, 340, 400, 500, 5860]
[4919, 160, 840, 700, 180, 320, 300, 160, 340, 240, 180, 340, 480, 340, 240, 420, 380, 360, 340, 400, 500, 5880]
[4945, 160, 840, 700, 180, 320, 300, 160, 340, 240, 180, 340, 480, 340, 240, 420, 420, 360, 340, 400, 500, 5900]
[4993, 160, 840, 700, 180, 320, 300, 160, 340, 240, 180, 340, 480, 340, 240, 420, 420, 360, 340, 420, 500, 5920]
[5009, 160, 840, 700, 180, 320, 300, 160, 340, 240, 180, 340, 480, 340, 240, 420, 420, 400, 340, 420, 500, 5940]
[5025, 160, 840, 700, 180, 320, 320, 160, 340, 240, 180, 340, 480, 340, 240, 420, 420, 400, 340, 420, 500, 5960]
[5046, 160, 840, 700, 180, 320, 320, 160, 340, 240, 180, 340, 480, 340, 240, 420, 420, 400, 360, 420, 500, 5980]
[5054, 160, 840, 720, 180, 320, 320, 160, 340, 240, 180, 340, 480, 340, 240, 420, 420, 400, 360, 420, 500, 6000]
[5061, 160, 840, 720, 180, 320, 320, 160, 340, 240, 180, 340, 500, 340, 240, 420, 420, 400, 360, 420, 500, 6020]
[5069, 160, 840, 720, 180, 320, 320, 160, 340, 240, 180, 340, 500, 340, 240, 440, 420, 400, 360, 420, 500, 6040]
[5078, 160, 840, 720, 180, 320, 320, 160, 340, 240, 180, 360, 500, 340, 240, 440, 420, 400, 360, 420, 500, 6060]
[5098, 160, 840, 720, 180, 340, 320, 160, 340, 240, 180, 360, 500, 340, 240, 440, 420, 400, 360, 420, 500, 6080]
[5112, 160, 840, 720, 180, 340, 320, 160, 360, 240, 180, 360, 500, 340, 240, 440, 420, 400, 360, 420, 500, 6100]
[5128, 160, 860, 720, 180, 340, 320, 160, 360, 240, 180, 360, 500, 340, 240, 440, 420, 400, 360, 420, 500, 6120]
[5142, 160, 860, 720, 180, 340, 320, 160, 360, 240, 180, 360, 500, 340, 240, 440, 420, 420, 360, 420, 500, 6140]
[5147, 160, 860, 720, 180, 340, 320, 160, 360, 240, 180, 360, 500, 360, 240, 440, 420, 420, 360, 420, 500, 6160]
[5158, 160, 860, 720, 180, 340, 320, 160, 360, 240, 180, 360, 500, 360, 240, 440, 420, 420, 360, 440, 500, 6180]
[5167, 160, 860, 720, 180, 340, 320, 160, 360, 240, 180, 360, 500, 360, 240, 440, 420, 420, 360, 440, 520, 6200]
[5170, 160, 860, 720, 180, 340, 320, 160, 360, 240, 180, 360, 500, 360, 240, 440, 440, 420, 360, 440, 520, 6220]
[5174, 160, 860, 720, 180, 340, 340, 160, 360, 240, 180, 360, 500, 360, 240, 440, 440, 420, 360, 440, 520, 6240]
[5185, 160, 860, 740, 180, 340, 340, 160, 360, 240, 180, 360, 500, 360, 240, 440, 440, 420, 360, 440, 520, 6260]
[5221, 160, 860, 740, 200, 340, 340, 160, 360, 240, 180, 360, 500, 360, 240, 440, 440, 440, 360, 440, 520, 6300]
[5228, 160, 860, 740, 200, 340, 340, 160, 360, 240, 180, 360, 520, 360, 240, 440, 440, 440, 360, 440, 520, 6320]
[5285, 160, 860, 740, 200, 340, 340, 160, 360, 240, 180, 360, 520, 360, 240, 440, 440, 440, 360, 460, 520, 6340]
[5309, 160, 860, 740, 200, 340, 340, 160, 360, 240, 180, 360, 520, 380, 240, 440, 440, 440, 360, 460, 520, 6360]
[5354, 160, 860, 740, 200, 340, 340, 160, 360, 240, 180, 360, 520, 380, 260, 440, 440, 440, 360, 460, 520, 6380]
[5376, 160, 860, 740, 220, 340, 340, 160, 360, 240, 180, 360, 520, 380, 260, 440, 440, 440, 360, 460, 520, 6400]
[5389, 160, 860, 740, 220, 340, 360, 160, 360, 240, 180, 360, 520, 380, 260, 440, 440, 440, 360, 460, 520, 6420]
[5411, 160, 860, 740, 220, 340, 360, 160, 360, 240, 180, 360, 540, 380, 260, 440, 440, 440, 360, 460, 520, 6440]
[5419, 160, 860, 740, 220, 340, 360, 160, 360, 240, 200, 360, 540, 380, 260, 440, 440, 440, 360, 460, 520, 6460]
[5431, 160, 860, 740, 220, 340, 360, 160, 360, 280, 200, 360, 540, 380, 260, 440, 440, 440, 360, 460, 520, 6480]
[5462, 160, 860, 740, 220, 340, 360, 160, 360, 280, 200, 360, 540, 420, 260, 440, 440, 440, 360, 460, 520, 6500]
[5483, 160, 860, 740, 220, 340, 360, 160, 360, 280, 200, 360, 540, 420, 260, 440, 440, 480, 360, 460, 520, 6520]
[5487, 160, 860, 740, 220, 340, 360, 160, 400, 280, 200, 360, 540, 420, 260, 440, 440, 480, 360, 460, 520, 6540]
[5516, 160, 860, 740, 220, 340, 360, 160, 400, 280, 200, 360, 540, 420, 260, 440, 440, 480, 360, 460, 540, 6560]
[5526, 160, 860, 740, 220, 340, 360, 160, 400, 280, 200, 360, 540, 420, 260, 440, 460, 480, 360, 460, 540, 6580]
[5527, 160, 860, 740, 220, 340, 360, 160, 400, 280, 200, 360, 540, 440, 260, 440, 460, 480, 360, 460, 540, 6600]
[5572, 160, 860, 740, 220, 340, 400, 160, 400, 280, 200, 360, 540, 440, 260, 440, 460, 480, 360, 460, 540, 6620]
[5602, 160, 860, 740, 240, 340, 400, 160, 400, 280, 200, 360, 540, 440, 260, 440, 460, 480, 360, 460, 540, 6640]
[5618, 160, 860, 740, 240, 340, 400, 160, 400, 280, 200, 360, 540, 440, 340, 440, 460, 480, 360, 460, 540, 6660]
[5674, 160, 860, 740, 240, 340, 400, 160, 400, 280, 200, 360, 540, 480, 340, 440, 460, 480, 360, 460, 540, 6680]
[5693, 160, 860, 740, 240, 340, 400, 160, 400, 280, 200, 360, 540, 480, 360, 440, 460, 480, 360, 460, 540, 6700]
[5726, 160, 860, 740, 240, 340, 400, 160, 400, 280, 200, 360, 540, 500, 360, 440, 460, 480, 360, 460, 540, 6720]
[5751, 160, 860, 740, 240, 340, 400, 160, 400, 280, 220, 360, 540, 500, 360, 440, 460, 480, 360, 460, 540, 6740]
[5756, 160, 860, 740, 240, 340, 400, 180, 400, 280, 220, 360, 540, 500, 360, 440, 460, 480, 360, 460, 540, 6760]
[5761, 160, 860, 760, 240, 340, 400, 180, 400, 280, 220, 360, 540, 500, 360, 440, 460, 480, 360, 460, 540, 6780]
[5774, 160, 860, 760, 240, 340, 400, 180, 400, 280, 220, 360, 540, 500, 380, 440, 460, 480, 360, 460, 540, 6800]
[5776, 160, 880, 760, 240, 340, 400, 180, 400, 280, 220, 360, 540, 500, 380, 440, 460, 480, 360, 460, 540, 6820]
[5820, 160, 880, 760, 240, 340, 400, 180, 400, 280, 220, 360, 560, 500, 380, 440, 460, 480, 360, 460, 540, 6840]
[5871, 160, 880, 760, 240, 340, 400, 180, 400, 280, 220, 360, 560, 500, 400, 440, 460, 480, 360, 460, 540, 6860]
[5885, 160, 880, 760, 240, 340, 400, 180, 400, 280, 220, 360, 560, 500, 400, 440, 460, 500, 360, 460, 540, 6880]
[5897, 160, 880, 760, 240, 340, 400, 180, 400, 280, 220, 360, 560, 500, 400, 440, 460, 500, 360, 460, 580, 6900]
[5932, 160, 880, 760, 240, 340, 400, 180, 400, 280, 240, 360, 560, 500, 400, 440, 460, 500, 360, 460, 580, 6920]
[5977, 160, 880, 760, 240, 340, 400, 180, 400, 280, 240, 360, 560, 500, 400, 440, 460, 500, 380, 460, 580, 6940]
[5996, 160, 880, 760, 240, 340, 400, 180, 400, 280, 240, 360, 560, 500, 400, 440, 460, 520, 380, 460, 580, 6960]
[5998, 160, 880, 760, 240, 340, 400, 220, 400, 280, 240, 360, 560, 500, 400, 440, 460, 520, 380, 460, 580, 6980]
[6037, 160, 880, 760, 240, 340, 400, 220, 400, 280, 240, 360, 560, 500, 420, 440, 460, 520, 380, 460, 580, 7000]
[6050, 160, 880, 760, 240, 340, 400, 220, 400, 280, 240, 360, 560, 560, 420, 440, 460, 520, 380, 460, 580, 7020]
[6054, 160, 880, 760, 240, 340, 400, 220, 400, 280, 260, 360, 560, 560, 420, 440, 460, 520, 380, 460, 580, 7040]
[6072, 160, 880, 760, 240, 340, 400, 220, 400, 280, 260, 360, 560, 560, 420, 440, 460, 520, 400, 460, 580, 7060]
[6087, 160, 880, 760, 240, 340, 400, 220, 400, 280, 260, 360, 560, 560, 420, 440, 460, 540, 400, 460, 580, 7080]
[6134, 160, 880, 760, 240, 340, 400, 240, 400, 280, 260, 360, 560, 560, 420, 440, 460, 540, 400, 460, 580, 7100]
[6146, 160, 880, 760, 240, 340, 420, 240, 400, 280, 260, 360, 560, 560, 420, 440, 460, 540, 400, 460, 580, 7120]
[6154, 200, 880, 760, 240, 340, 420, 240, 400, 280, 260, 360, 560, 560, 420, 440, 460, 540, 400, 460, 580, 7140]
[6167, 200, 920, 760, 240, 340, 420, 240, 400, 280, 260, 360, 560, 560, 420, 440, 460, 540, 400, 460, 580, 7160]
[6179, 200, 920, 760, 240, 340, 420, 240, 400, 280, 260, 360, 560, 560, 420, 440, 460, 540, 420, 460, 580, 7180]
[6194, 200, 920, 760, 260, 340, 420, 240, 400, 280, 260, 360, 560, 560, 420, 440, 460, 540, 420, 460, 580, 7200]
[6218, 200, 920, 760, 260, 340, 420, 240, 400, 280, 280, 360, 560, 560, 420, 440, 460, 540, 420, 460, 580, 7220]
[6232, 200, 920, 760, 260, 340, 420, 240, 400, 280, 280, 360, 560, 580, 420, 440, 460, 540, 420, 460, 580, 7240]
[6248, 200, 920, 760, 260, 360, 420, 240, 400, 280, 280, 360, 560, 580, 420, 440, 460, 540, 420, 460, 580, 7260]
[6258, 200, 920, 760, 260, 360, 420, 240, 400, 280, 280, 380, 560, 580, 420, 440, 460, 540, 420, 460, 580, 7280]
[6261, 200, 920, 760, 260, 360, 420, 240, 400, 280, 280, 380, 560, 580, 420, 440, 460, 560, 420, 460, 580, 7300]
[6264, 200, 920, 780, 260, 360, 420, 240, 400, 280, 280, 380, 560, 580, 420, 440, 460, 560, 420, 460, 580, 7320]
[6266, 200, 920, 780, 260, 360, 420, 240, 400, 280, 280, 380, 560, 580, 440, 440, 460, 560, 420, 460, 580, 7340]
[6270, 200, 920, 780, 260, 360, 420, 240, 400, 300, 280, 380, 560, 580, 440, 440, 460, 560, 420, 460, 580, 7360]
[6317, 200, 920, 800, 260, 360, 420, 240, 400, 300, 280, 380, 560, 580, 440, 440, 460, 560, 420, 460, 580, 7380]
[6372, 200, 920, 800, 260, 360, 420, 240, 400, 300, 280, 380, 560, 580, 440, 440, 520, 560, 420, 460, 580, 7400]
[6394, 200, 920, 800, 260, 360, 420, 240, 400, 300, 280, 380, 560, 580, 440, 440, 520, 560, 440, 460, 580, 7420]
[6401, 200, 920, 820, 260, 360, 420, 240, 400, 300, 280, 380, 560, 580, 440, 440, 520, 560, 440, 460, 580, 7440]
[6409, 200, 920, 820, 260, 360, 420, 240, 400, 320, 280, 380, 560, 580, 440, 440, 520, 560, 440, 460, 580, 7460]
[6413, 200, 920, 820, 260, 360, 420, 240, 400, 320, 340, 380, 560, 580, 440, 440, 520, 560, 440, 460, 580, 7480]
[6430, 200, 920, 820, 260, 360, 420, 240, 400, 320, 340, 380, 560, 580, 440, 440, 520, 560, 440, 460, 600, 7500]
[6431, 200, 920, 820, 260, 360, 420, 240, 400, 320, 340, 400, 560, 580, 440, 440, 520, 560, 440, 460, 600, 7520]
[6439, 200, 920, 820, 260, 360, 420, 280, 400, 320, 340, 400, 560, 580, 440, 440, 520, 560, 440, 460, 600, 7540]
[6440, 200, 920, 820, 280, 360, 420, 280, 400, 320, 340, 400, 560, 580, 440, 440, 520, 560, 440, 460, 600, 7560]
[6464, 200, 920, 840, 280, 360, 420, 280, 400, 320, 340, 400, 560, 580, 440, 440, 520, 560, 440, 460, 600, 7580]
[6470, 200, 920, 840, 280, 360, 420, 280, 400, 320, 360, 400, 560, 580, 440, 440, 520, 560, 440, 460, 600, 7600]
[6477, 200, 920, 840, 280, 360, 420, 280, 400, 320, 360, 400, 560, 580, 440, 440, 520, 580, 440, 460, 600, 7620]
[6482, 200, 920, 840, 280, 360, 420, 280, 400, 320, 360, 400, 560, 580, 440, 500, 520, 580, 440, 460, 600, 7640]
[6484, 200, 920, 840, 280, 360, 420, 280, 400, 320, 360, 400, 560, 580, 460, 500, 520, 580, 440, 460, 600, 7660]
[6503, 200, 920, 840, 280, 360, 420, 280, 400, 340, 360, 400, 560, 580, 460, 500, 520, 580, 440, 460, 600, 7680]
[6509, 200, 920, 860, 280, 360, 420, 280, 400, 340, 360, 400, 560, 580, 460, 500, 520, 580, 440, 460, 600, 7700]
[6512, 200, 920, 860, 280, 360, 420, 280, 400, 340, 380, 400, 560, 580, 460, 500, 520, 580, 440, 460, 600, 7720]
[6568, 200, 920, 860, 280, 380, 420, 280, 400, 340, 380, 400, 560, 580, 460, 500, 520, 580, 440, 460, 600, 7740]
[6572, 200, 920, 860, 280, 380, 420, 300, 400, 340, 380, 400, 560, 580, 460, 500, 520, 580, 440, 460, 600, 7760]
[6584, 200, 920, 860, 280, 380, 420, 300, 400, 340, 380, 400, 560, 580, 460, 500, 520, 580, 440, 460, 620, 7780]
[6642, 200, 920, 860, 280, 380, 420, 300, 400, 340, 380, 400, 560, 580, 460, 500, 520, 580, 440, 500, 620, 7800]
[6645, 200, 920, 860, 280, 380, 420, 300, 400, 340, 420, 400, 560, 580, 460, 500, 520, 580, 440, 500, 620, 7820]
[6759, 200, 940, 860, 280, 380, 420, 300, 400, 340, 440, 400, 560, 580, 460, 500, 520, 580, 440, 500, 620, 7860]
[6777, 200, 940, 860, 280, 380, 420, 300, 400, 340, 440, 400, 560, 580, 460, 500, 520, 620, 440, 500, 620, 7880]
[6809, 200, 940, 860, 280, 420, 420, 300, 400, 340, 440, 400, 560, 580, 460, 500, 520, 620, 440, 500, 620, 7900]
[6841, 200, 940, 860, 280, 420, 420, 320, 400, 340, 440, 400, 560, 580, 460, 500, 520, 620, 440, 500, 620, 7920]
[6850, 200, 940, 860, 280, 420, 420, 320, 400, 340, 440, 400, 560, 580, 460, 520, 520, 620, 440, 500, 620, 7940]
[6944, 200, 940, 860, 280, 420, 420, 320, 400, 340, 440, 420, 560, 580, 460, 520, 520, 620, 440, 500, 620, 7960]
[6985, 200, 940, 860, 280, 420, 420, 320, 400, 340, 440, 420, 560, 580, 460, 520, 520, 620, 440, 520, 620, 7980]
[7060, 200, 940, 860, 280, 420, 420, 320, 400, 340, 440, 420, 620, 580, 460, 520, 520, 620, 440, 520, 620, 8000]
[7061, 200, 940, 860, 280, 420, 420, 320, 400, 340, 440, 420, 620, 580, 460, 520, 540, 620, 440, 520, 620, 8020]
[7124, 200, 940, 860, 280, 420, 420, 320, 400, 340, 440, 420, 620, 580, 480, 520, 540, 620, 440, 520, 620, 8040]
[7210, 200, 940, 860, 280, 440, 420, 320, 400, 340, 440, 420, 620, 580, 480, 520, 540, 620, 440, 520, 620, 8060]
[7219, 200, 940, 860, 280, 440, 420, 320, 400, 340, 440, 420, 620, 580, 480, 540, 540, 620, 440, 520, 620, 8080]
[7228, 200, 940, 860, 280, 440, 420, 320, 400, 340, 440, 420, 620, 580, 480, 540, 540, 620, 460, 520, 620, 8100]
[7287, 200, 940, 860, 280, 460, 420, 320, 400, 340, 440, 420, 620, 580, 480, 540, 540, 620, 460, 520, 620, 8120]
[7304, 200, 940, 860, 280, 460, 420, 320, 420, 340, 440, 420, 620, 580, 480, 540, 540, 620, 460, 520, 620, 8140]
[7382, 200, 940, 860, 280, 460, 420, 320, 420, 340, 460, 420, 620, 580, 480, 540, 540, 620, 460, 520, 620, 8160]
[7395, 200, 940, 860, 280, 460, 420, 320, 420, 360, 460, 420, 620, 580, 480, 540, 540, 620, 460, 520, 620, 8180]
[7455, 220, 940, 860, 280, 460, 420, 320, 420, 360, 460, 420, 620, 580, 480, 540, 540, 620, 460, 520, 620, 8200]
[7498, 220, 940, 860, 300, 460, 420, 320, 420, 360, 460, 420, 620, 580, 480, 540, 540, 620, 460, 520, 620, 8220]
[7513, 220, 940, 860, 300, 460, 420, 320, 420, 380, 460, 420, 620, 580, 480, 540, 540, 620, 460, 520, 620, 8240]
[7534, 220, 940, 860, 300, 460, 420, 320, 420, 380, 480, 420, 620, 580, 480, 540, 540, 620, 460, 520, 620, 8260]
[7548, 240, 940, 860, 300, 460, 420, 320, 420, 380, 480, 420, 620, 580, 480, 540, 540, 620, 460, 520, 620, 8280]
[7556, 240, 940, 860, 300, 460, 420, 320, 420, 380, 480, 420, 620, 580, 500, 540, 540, 620, 460, 520, 620, 8300]
[7598, 260, 940, 860, 300, 460, 420, 320, 420, 380, 480, 420, 620, 580, 500, 540, 540, 620, 460, 520, 620, 8320]
[7607, 260, 940, 860, 300, 460, 420, 320, 420, 380, 480, 420, 620, 580, 500, 560, 540, 620, 460, 520, 620, 8340]
[7617, 260, 940, 860, 300, 460, 420, 320, 420, 380, 480, 420, 640, 580, 500, 560, 540, 620, 460, 520, 620, 8360]
[7629, 260, 940, 860, 300, 460, 420, 320, 420, 380, 480, 420, 640, 580, 500, 560, 540, 620, 460, 520, 660, 8380]
[7658, 260, 980, 860, 300, 460, 420, 320, 420, 380, 480, 420, 640, 580, 500, 560, 540, 620, 460, 520, 660, 8400]
[7663, 260, 980, 860, 300, 460, 440, 320, 420, 380, 480, 420, 640, 580, 500, 560, 540, 620, 460, 520, 660, 8420]
[7681, 260, 980, 920, 300, 460, 440, 320, 420, 380, 480, 420, 640, 580, 500, 560, 540, 620, 460, 520, 660, 8440]
[7703, 260, 980, 920, 300, 460, 440, 320, 420, 380, 480, 440, 640, 580, 500, 560, 540, 620, 460, 520, 660, 8460]
[7739, 320, 980, 920, 300, 460, 440, 320, 420, 380, 480, 440, 640, 580, 500, 560, 540, 620, 460, 520, 660, 8480]
[7743, 320, 980, 920, 300, 460, 440, 320, 420, 380, 480, 440, 640, 580, 580, 560, 540, 620, 460, 520, 660, 8500]
[7790, 320, 980, 920, 300, 460, 460, 320, 460, 380, 480, 440, 640, 580, 580, 560, 540, 620, 460, 520, 660, 8540]
[7840, 320, 980, 920, 300, 460, 460, 360, 460, 380, 480, 440, 640, 580, 580, 560, 540, 620, 460, 520, 660, 8560]
[7850, 320, 980, 920, 300, 460, 460, 360, 460, 380, 480, 440, 640, 580, 580, 560, 540, 620, 460, 560, 660, 8580]
[7902, 320, 980, 920, 300, 460, 460, 360, 460, 380, 480, 440, 640, 580, 580, 560, 540, 620, 460, 560, 680, 8600]
[7933, 320, 980, 920, 300, 460, 460, 360, 460, 380, 480, 440, 640, 580, 580, 560, 540, 620, 480, 560, 680, 8620]
[7959, 320, 980, 920, 300, 460, 460, 360, 460, 380, 500, 440, 640, 580, 580, 560, 540, 620, 480, 560, 680, 8640]
[7985, 320, 980, 920, 300, 460, 460, 360, 460, 380, 500, 440, 640, 600, 580, 560, 540, 620, 480, 560, 680, 8660]
[8050, 320, 980, 920, 300, 460, 460, 360, 460, 380, 500, 440, 660, 600, 580, 560, 540, 620, 480, 560, 680, 8680]
[8054, 320, 980, 920, 300, 460, 460, 360, 460, 380, 500, 440, 660, 600, 580, 580, 540, 620, 480, 560, 680, 8700]
[8079, 320, 980, 920, 300, 460, 460, 360, 460, 380, 500, 440, 660, 600, 580, 580, 540, 620, 500, 560, 680, 8720]
[8099, 320, 980, 920, 300, 460, 460, 360, 460, 380, 500, 440, 660, 600, 580, 580, 540, 660, 500, 560, 680, 8740]
[8118, 320, 980, 920, 300, 460, 480, 360, 460, 380, 500, 440, 660, 600, 580, 580, 540, 660, 500, 560, 680, 8760]
[8199, 320, 980, 920, 300, 460, 480, 360, 460, 380, 500, 440, 660, 600, 600, 580, 540, 660, 500, 580, 680, 8800]
[8202, 320, 980, 920, 300, 460, 480, 360, 460, 380, 500, 440, 660, 600, 600, 580, 560, 660, 500, 580, 680, 8820]
[8216, 320, 980, 920, 300, 460, 480, 360, 460, 420, 500, 440, 660, 600, 600, 580, 560, 660, 500, 580, 680, 8840]
[8279, 320, 980, 920, 300, 460, 480, 360, 460, 440, 500, 440, 660, 600, 600, 580, 560, 660, 500, 580, 680, 8860]
[8385, 340, 980, 920, 300, 460, 480, 360, 460, 440, 500, 440, 660, 600, 600, 580, 560, 660, 500, 580, 680, 8880]
[8386, 340, 980, 920, 300, 460, 480, 360, 460, 440, 500, 440, 660, 620, 600, 580, 560, 660, 500, 580, 680, 8900]
[8412, 340, 980, 920, 300, 460, 480, 360, 460, 440, 500, 440, 660, 620, 600, 580, 560, 680, 500, 580, 680, 8920]
[8429, 340, 980, 920, 300, 460, 480, 360, 460, 440, 500, 440, 680, 620, 600, 580, 560, 680, 500, 580, 680, 8940]
[8467, 340, 980, 920, 300, 460, 480, 360, 460, 440, 500, 460, 680, 620, 600, 580, 560, 680, 500, 580, 680, 8960]
[8477, 340, 980, 920, 300, 480, 480, 360, 460, 440, 500, 460, 680, 620, 600, 580, 560, 680, 500, 580, 680, 8980]
[8545, 340, 980, 920, 300, 480, 480, 360, 480, 440, 500, 460, 680, 620, 600, 580, 560, 680, 500, 580, 680, 9000]
[8548, 340, 980, 920, 300, 480, 480, 360, 480, 440, 500, 460, 700, 620, 600, 580, 560, 680, 500, 580, 680, 9020]
[8561, 340, 980, 920, 300, 480, 480, 360, 480, 440, 500, 460, 700, 620, 600, 580, 560, 700, 500, 580, 680, 9040]
[8573, 340, 980, 920, 320, 480, 480, 360, 480, 440, 500, 460, 700, 620, 600, 580, 560, 700, 500, 580, 680, 9060]
[8578, 340, 980, 920, 320, 480, 480, 360, 480, 440, 500, 460, 700, 640, 600, 580, 560, 700, 500, 580, 680, 9080]
[8580, 340, 980, 940, 320, 480, 480, 360, 480, 440, 500, 460, 700, 640, 600, 580, 560, 700, 500, 580, 680, 9100]
[8604, 340, 980, 940, 320, 480, 480, 400, 480, 440, 500, 460, 700, 640, 600, 580, 560, 700, 500, 580, 680, 9120]
[8608, 340, 1060, 940, 320, 480, 480, 400, 480, 440, 500, 460, 700, 640, 600, 580, 560, 700, 500, 580, 680, 9140]
[8614, 340, 1060, 940, 320, 480, 480, 400, 480, 440, 500, 460, 700, 640, 600, 580, 560, 720, 500, 580, 680, 9160]
[8634, 340, 1060, 940, 320, 480, 480, 400, 480, 440, 500, 480, 700, 640, 600, 580, 560, 720, 500, 580, 680, 9180]
[8650, 340, 1060, 940, 320, 480, 480, 400, 480, 440, 500, 480, 700, 640, 600, 580, 600, 720, 500, 580, 680, 9200]
[8661, 340, 1060, 940, 320, 480, 480, 400, 480, 440, 500, 480, 700, 640, 600, 580, 600, 720, 500, 580, 700, 9220]
[8663, 340, 1060, 940, 320, 480, 480, 400, 480, 440, 500, 480, 700, 640, 600, 580, 600, 720, 500, 620, 700, 9240]
[8669, 340, 1060, 940, 320, 480, 480, 400, 480, 440, 500, 480, 700, 640, 640, 580, 600, 720, 500, 620, 700, 9260]
[8677, 340, 1060, 940, 320, 480, 480, 400, 480, 440, 500, 480, 700, 660, 640, 580, 600, 720, 500, 620, 700, 9280]
[8694, 340, 1060, 940, 320, 480, 480, 400, 480, 440, 500, 480, 720, 660, 640, 580, 600, 720, 500, 620, 700, 9300]
[8700, 340, 1060, 940, 320, 500, 480, 400, 480, 440, 500, 480, 720, 660, 640, 580, 600, 720, 500, 620, 700, 9320]
[8715, 360, 1060, 940, 320, 500, 480, 400, 480, 440, 500, 480, 720, 660, 640, 580, 600, 720, 500, 620, 700, 9340]
[8732, 360, 1060, 940, 320, 500, 480, 400, 480, 440, 500, 480, 720, 660, 640, 600, 600, 720, 500, 620, 700, 9360]
[8847, 360, 1060, 940, 340, 500, 480, 400, 480, 440, 500, 480, 720, 660, 640, 600, 600, 720, 500, 620, 700, 9380]
[8848, 360, 1060, 940, 340, 500, 480, 400, 480, 440, 500, 480, 720, 660, 640, 620, 600, 720, 500, 620, 700, 9400]
[8878, 360, 1100, 940, 340, 500, 480, 400, 480, 440, 500, 480, 720, 660, 640, 620, 600, 720, 500, 620, 700, 9420]
[8912, 360, 1100, 940, 340, 500, 480, 400, 480, 440, 500, 480, 740, 660, 640, 620, 600, 720, 500, 620, 700, 9440]
[8954, 380, 1100, 940, 340, 500, 480, 400, 480, 440, 500, 480, 740, 660, 640, 620, 600, 720, 500, 620, 700, 9460]
[8996, 380, 1100, 940, 340, 500, 480, 400, 480, 440, 520, 480, 740, 660, 640, 620, 600, 720, 500, 620, 700, 9480]
[9015, 380, 1100, 980, 340, 500, 480, 400, 480, 440, 520, 480, 740, 660, 640, 620, 600, 720, 500, 620, 700, 9500]
[9045, 380, 1100, 980, 340, 500, 480, 400, 480, 440, 520, 500, 740, 660, 640, 620, 600, 720, 500, 620, 700, 9520]
[9049, 380, 1100, 980, 340, 500, 480, 400, 480, 440, 520, 500, 740, 660, 640, 640, 600, 720, 500, 620, 700, 9540]
[9064, 380, 1100, 1000, 340, 500, 480, 400, 480, 440, 520, 500, 740, 660, 640, 640, 600, 720, 500, 620, 700, 9560]
[9065, 380, 1100, 1000, 340, 500, 480, 400, 480, 440, 520, 500, 740, 660, 640, 640, 600, 720, 500, 660, 700, 9580]
[9075, 380, 1100, 1000, 340, 500, 480, 400, 480, 440, 520, 500, 740, 660, 640, 640, 620, 720, 500, 660, 700, 9600]
[9096, 380, 1100, 1000, 340, 500, 480, 400, 480, 440, 520, 500, 740, 660, 640, 640, 620, 720, 500, 660, 720, 9620]
[9103, 380, 1100, 1000, 340, 500, 480, 400, 480, 440, 520, 500, 740, 680, 640, 640, 620, 720, 500, 660, 720, 9640]
[9118, 400, 1100, 1000, 340, 500, 480, 400, 480, 440, 520, 500, 740, 680, 640, 640, 620, 720, 500, 660, 720, 9660]
[9120, 400, 1100, 1000, 340, 500, 480, 400, 480, 440, 540, 500, 740, 680, 640, 640, 620, 720, 500, 660, 720, 9680]
[9121, 400, 1140, 1000, 340, 500, 480, 400, 480, 440, 540, 500, 740, 680, 640, 640, 620, 720, 500, 660, 720, 9700]
[9150, 400, 1140, 1000, 340, 500, 480, 400, 480, 460, 540, 500, 740, 680, 640, 640, 620, 720, 500, 660, 720, 9720]
